229000072 2021-01-01T21:52:33.430269+09:00
2021-01-02T08:54:49 0 0 경기76자1751 4 72 229000072 277102468 2 
2021-01-02T08:55:48 0 0 경기76자1751 4 72 229000072 277102468 2 
2021-01-02T08:56:47 0 0 경기76자1751 4 72 229000072 277102468 2 
2021-01-02T08:57:46 0 0 경기76자1751 4 72 229000072 277103813 3 
2021-01-02T08:58:45 0 0 경기76자1751 4 72 229000072 277103813 3 
2021-01-02T08:59:45 0 0 경기76자1751 4 72 229000072 277103813 3 
2021-01-02T09:00:45 0 0 경기76자1751 4 72 229000072 277103813 3 
2021-01-02T09:01:44 0 0 경기76자1751 4 72 229000072 277103813 3 
2021-01-02T09:02:43 0 0 경기76자1751 4 72 229000072 277103813 3 
2021-01-02T09:03:42 0 0 경기76자1751 4 72 229000072 277103813 3 
2021-01-02T09:04:43 0 0 경기76자1751 4 72 229000072 277103813 3 
2021-01-02T09:05:41 0 0 경기76자1751 4 72 229000072 277103813 3 
2021-01-02T09:06:41 0 0 경기76자1751 4 72 229000072 277103813 3 
2021-01-02T09:07:42 0 0 경기76자1751 4 72 229000072 277103813 3 
2021-01-02T09:08:41 0 0 경기76자1751 4 72 229000072 277103813 3 
2021-01-02T09:09:40 0 0 경기76자1751 4 72 229000072 277103813 3 
2021-01-02T09:10:39 0 0 경기76자1751 4 72 229000072 277103813 3 
2021-01-02T09:11:38 0 0 경기76자1751 4 72 229000072 277103813 3 
2021-01-02T09:12:39 0 0 경기76자1751 4 72 229000072 277103813 3 
2021-01-02T09:13:38 0 0 경기76자1751 4 72 229000072 277103813 3 
2021-01-02T09:14:37 0 0 경기76자1751 4 72 229000072 277103813 3 
