200000193 2020-12-30T21:23:10.162942+09:00
2020-12-31T07:04:35 0 0 경기76아8592 3 43 200000193 223000522 1 
2020-12-31T07:05:34 0 0 경기76아8592 3 38 200000193 223000524 2 
2020-12-31T07:06:33 0 0 경기76아8592 3 38 200000193 223000524 2 
2020-12-31T07:07:33 0 0 경기76아8592 3 38 200000193 223000128 3 
2020-12-31T07:08:32 0 0 경기76아8592 3 37 200000193 223000128 3 
2020-12-31T07:09:31 0 0 경기76아8592 3 37 200000193 223000127 4 
2020-12-31T07:10:31 0 0 경기76아8592 3 36 200000193 223000127 4 
2020-12-31T07:11:31 0 0 경기76아8592 3 36 200000193 223000127 4 
2020-12-31T07:12:31 0 0 경기76아8592 3 36 200000193 223000212 5 
2020-12-31T07:13:30 0 0 경기76아8592 3 31 200000193 223000212 5 
2020-12-31T07:14:30 0 0 경기76아8592 3 31 200000193 223000212 5 
2020-12-31T07:15:30 0 0 경기76아8592 3 31 200000193 223000005 6 
2020-12-31T07:16:29 0 0 경기76아8592 3 26 200000193 223000005 6 
2020-12-31T07:17:29 0 0 경기76아8592 3 26 200000193 223000005 6 
2020-12-31T07:18:28 0 0 경기76아8592 3 26 200000193 223000005 6 
2020-12-31T07:19:27 0 0 경기76아8592 3 26 200000193 223000048 7 
2020-12-31T07:20:27 0 0 경기76아8592 3 26 200000193 223000048 7 
2020-12-31T07:21:26 0 0 경기76아8592 3 26 200000193 223000048 7 
2020-12-31T07:22:25 0 0 경기76아8592 3 23 200000193 223000048 7 
2020-12-31T07:23:25 0 0 경기76아8592 3 20 200000193 223000047 8 
2020-12-31T07:24:24 0 0 경기76아8592 3 20 200000193 223000047 8 
2020-12-31T07:25:24 0 0 경기76아8592 3 20 200000193 223000047 8 
2020-12-31T07:26:23 0 0 경기76아8592 3 20 200000193 223000047 8 
2020-12-31T07:27:23 0 0 경기76아8592 3 20 200000193 223000047 8 
2020-12-31T07:28:22 0 0 경기76아8592 3 20 200000193 223000047 8 
2020-12-31T07:29:21 0 0 경기76아8592 3 20 200000193 277103448 9 
2020-12-31T07:30:20 0 0 경기76아8592 3 20 200000193 277103448 9 
2020-12-31T07:31:20 0 0 경기76아8592 3 20 200000193 277103448 9 
2020-12-31T07:32:20 0 0 경기76아8592 3 20 200000193 277103448 9 
2020-12-31T07:33:18 0 0 경기76아8592 3 20 200000193 277103445 10 
2020-12-31T07:34:18 0 0 경기76아8592 3 20 200000193 277103445 10 
2020-12-31T07:35:18 0 0 경기76아8592 3 20 200000193 277103445 10 
2020-12-31T07:36:18 0 0 경기76아8592 3 20 200000193 277102247 11 
2020-12-31T07:37:18 0 0 경기76아8592 3 20 200000193 277102247 11 
2020-12-31T07:38:18 0 0 경기76아8592 3 20 200000193 277102247 11 
2020-12-31T07:39:17 0 0 경기76아8592 3 20 200000193 277102247 11 
2020-12-31T07:40:17 0 0 경기76아8592 3 20 200000193 277103363 12 
2020-12-31T07:41:17 0 0 경기76아8592 3 20 200000193 277103363 12 
2020-12-31T07:42:17 0 0 경기76아8592 3 20 200000193 277103361 13 
2020-12-31T07:43:16 0 0 경기76아8592 3 20 200000193 277103361 13 
2020-12-31T07:44:16 0 0 경기76아8592 3 20 200000193 277103361 13 
2020-12-31T07:45:15 0 0 경기76아8592 3 20 200000193 277103443 14 
2020-12-31T07:46:14 0 0 경기76아8592 3 20 200000193 277103443 14 
2020-12-31T07:47:13 0 0 경기76아8592 3 20 200000193 277103443 14 
2020-12-31T07:48:12 0 0 경기76아8592 3 20 200000193 277103386 15 
2020-12-31T07:49:12 0 0 경기76아8592 3 20 200000193 277103386 15 
2020-12-31T07:50:11 0 0 경기76아8592 3 20 200000193 277103151 16 
2020-12-31T07:51:10 0 0 경기76아8592 3 20 200000193 277103151 16 
2020-12-31T07:51:10 0 0 경기78아7084 3 44 200000193 223000524 2 
2020-12-31T07:52:09 0 0 경기76아8592 3 20 200000193 277103679 17 
2020-12-31T07:52:09 0 0 경기78아7084 3 44 200000193 223000524 2 
2020-12-31T07:53:08 0 0 경기76아8592 3 20 200000193 277103679 17 
2020-12-31T07:54:08 0 0 경기76아8592 3 20 200000193 277103441 18 
2020-12-31T07:54:08 0 0 경기78아7084 3 26 200000193 121000520 19 
2020-12-31T07:55:07 0 0 경기76아8592 3 20 200000193 277104177 19 
2020-12-31T07:56:06 0 0 경기76아8592 3 20 200000193 277104177 19 
2020-12-31T07:56:06 0 0 경기78아7084 3 41 200000193 223000212 5 
2020-12-31T07:57:06 0 0 경기76아8592 3 20 200000193 277103388 20 
2020-12-31T07:58:05 0 0 경기76아8592 3 20 200000193 277103388 20 
2020-12-31T07:58:05 0 0 경기78아7084 3 41 200000193 223000005 6 
2020-12-31T07:59:05 0 0 경기76아8592 3 20 200000193 277103388 20 
2020-12-31T08:00:04 0 0 경기76아8592 3 20 200000193 277103390 21 
2020-12-31T08:01:03 0 0 경기76아8592 3 20 200000193 121000034 22 
2020-12-31T08:02:02 0 0 경기76아8592 3 21 200000193 121000034 22 
2020-12-31T08:03:02 0 0 경기76아8592 3 21 200000193 121000034 22 
2020-12-31T08:04:01 0 0 경기76아8592 3 27 200000193 121000033 23 
2020-12-31T08:05:01 0 0 경기76아8592 3 27 200000193 121000033 23 
2020-12-31T08:06:01 0 0 경기76아8592 3 27 200000193 121000033 23 
2020-12-31T08:06:01 0 0 경기78아7084 3 35 200000193 223000047 8 
2020-12-31T08:07:00 0 0 경기76아8592 3 27 200000193 121000033 23 
2020-12-31T08:07:00 0 0 경기78아7084 3 39 200000193 223000099 50 
2020-12-31T08:07:59 0 0 경기76아8592 3 27 200000193 121000929 24 
2020-12-31T08:08:59 0 0 경기76아8592 3 27 200000193 121000929 24 
2020-12-31T08:09:58 0 0 경기76아8592 3 43 200000193 121000929 24 
2020-12-31T08:10:58 0 0 경기76아8592 3 43 200000193 277104257 25 
2020-12-31T08:11:57 0 0 경기76아8592 3 43 200000193 277104257 25 
2020-12-31T08:12:57 0 0 경기76아8592 3 43 200000193 277104257 25 
2020-12-31T08:13:56 0 0 경기76아8592 3 45 200000193 121000937 26 
2020-12-31T08:13:56 0 0 경기78아7084 3 35 200000193 277103448 9 
2020-12-31T08:14:56 0 0 경기76아8592 3 45 200000193 277101612 27 
2020-12-31T08:15:55 0 0 경기76아8592 3 45 200000193 277101612 27 
2020-12-31T08:16:54 0 0 경기76아8592 3 45 200000193 121000920 28 
2020-12-31T08:17:53 0 0 경기76아8592 3 45 200000193 121000920 28 
2020-12-31T08:18:53 0 0 경기76아8592 3 45 200000193 121000056 29 
2020-12-31T08:19:52 0 0 경기76아8592 3 45 200000193 121000056 29 
2020-12-31T08:19:52 0 0 경기78아7084 3 28 200000193 223000199 46 
2020-12-31T08:20:52 0 0 경기76아8592 3 45 200000193 121000056 29 
2020-12-31T08:21:51 0 0 경기76아8592 3 45 200000193 121000969 30 
2020-12-31T08:22:50 0 0 경기76아8592 3 45 200000193 121000969 30 
2020-12-31T08:22:50 0 0 경기78아7084 3 35 200000193 277103363 12 
2020-12-31T08:23:50 0 0 경기78아7084 3 26 200000193 277103449 45 
2020-12-31T08:23:50 0 0 경기76아8592 3 45 200000193 277104385 31 
2020-12-31T08:24:49 0 0 경기76아8592 3 45 200000193 121000220 32 
2020-12-31T08:24:49 0 0 경기78아7084 3 26 200000193 277103449 45 
2020-12-31T08:25:48 0 0 경기78아7084 3 26 200000193 223000047 10 
2020-12-31T08:25:48 0 0 경기76아8592 3 45 200000193 121000220 32 
2020-12-31T08:26:48 0 0 경기76아8592 3 45 200000193 121000220 32 
2020-12-31T08:27:47 0 0 경기76아8592 3 45 200000193 121000220 32 
2020-12-31T08:27:47 0 0 경기78아7084 3 35 200000193 277103443 14 
2020-12-31T08:28:46 0 0 경기78아7084 3 35 200000193 277103443 14 
2020-12-31T08:28:46 0 0 경기76아8592 3 45 200000193 121000220 32 
2020-12-31T08:29:46 0 0 경기76아8592 3 45 200000193 277103387 33 
2020-12-31T08:29:46 0 0 경기78아7084 3 35 200000193 277103386 15 
2020-12-31T08:30:45 0 0 경기78아7084 3 35 200000193 277103386 15 
2020-12-31T08:30:45 0 0 경기76아8592 3 45 200000193 277104178 34 
2020-12-31T08:31:45 0 0 경기76아8592 3 45 200000193 277103440 35 
2020-12-31T08:31:45 0 0 경기78아7084 3 35 200000193 277103151 16 
2020-12-31T08:32:44 0 0 경기76아8592 3 45 200000193 277103440 35 
2020-12-31T08:33:43 0 0 경기76아8592 3 45 200000193 277103678 36 
2020-12-31T08:33:43 0 0 경기78아7084 3 35 200000193 277103679 17 
2020-12-31T08:34:42 0 0 경기78아7084 3 35 200000193 277103679 17 
2020-12-31T08:34:42 0 0 경기76아8592 3 45 200000193 277103150 37 
2020-12-31T08:35:42 0 0 경기76아8592 3 45 200000193 277103150 37 
2020-12-31T08:36:42 0 0 경기76아8592 3 45 200000193 277103150 37 
2020-12-31T08:36:42 0 0 경기78아7084 3 35 200000193 277104177 19 
2020-12-31T08:37:41 0 0 경기76아8592 3 45 200000193 277103385 38 
2020-12-31T08:37:41 0 0 경기78아7084 3 35 200000193 277103388 20 
2020-12-31T08:38:41 0 0 경기76아8592 3 45 200000193 277103385 38 
2020-12-31T08:38:41 0 0 경기78아7084 3 35 200000193 277103388 20 
2020-12-31T08:39:40 0 0 경기76아8592 3 45 200000193 277103385 38 
2020-12-31T08:40:39 0 0 경기76아8592 3 45 200000193 277103442 39 
2020-12-31T08:40:39 0 0 경기78아7084 3 35 200000193 277103390 21 
2020-12-31T08:41:38 0 0 경기76아8592 3 45 200000193 277103442 39 
2020-12-31T08:41:38 0 0 경기78아7084 3 35 200000193 277103390 21 
2020-12-31T08:42:38 0 0 경기76아8592 3 45 200000193 277103360 40 
2020-12-31T08:43:37 0 0 경기76아8592 3 45 200000193 277103360 40 
2020-12-31T08:43:37 0 0 경기78아7084 3 35 200000193 121000033 23 
2020-12-31T08:44:36 0 0 경기76아8592 3 45 200000193 277103362 41 
2020-12-31T08:44:36 0 0 경기78아7084 3 26 200000193 277103386 17 
2020-12-31T08:45:36 0 0 경기76아8592 3 45 200000193 277103362 41 
2020-12-31T08:46:35 0 0 경기76아8592 3 45 200000193 277103362 41 
2020-12-31T08:47:34 0 0 경기76아8592 3 45 200000193 277101636 42 
2020-12-31T08:47:34 0 0 경기78아7084 3 39 200000193 121000929 24 
2020-12-31T08:48:33 0 0 경기76아8592 3 45 200000193 277101636 42 
2020-12-31T08:48:33 0 0 경기78아7084 3 43 200000193 277104257 25 
2020-12-31T08:49:33 0 0 경기76아8592 3 45 200000193 277101636 42 
2020-12-31T08:50:33 0 0 경기76아8592 3 45 200000193 277103444 43 
2020-12-31T08:51:32 0 0 경기76아8592 3 45 200000193 277103444 43 
2020-12-31T08:51:32 0 0 경기78아7084 3 45 200000193 121000937 26 
2020-12-31T08:52:32 0 0 경기76아8592 3 45 200000193 277103444 43 
2020-12-31T08:52:32 0 0 경기78아7084 3 45 200000193 277101612 27 
2020-12-31T08:53:31 0 0 경기76아8592 3 45 200000193 277103449 44 
2020-12-31T08:53:31 0 0 경기78아7084 3 45 200000193 121000920 28 
2020-12-31T08:54:30 0 0 경기76아8592 3 45 200000193 277103449 44 
2020-12-31T08:54:30 0 0 경기78아7084 3 45 200000193 121000920 28 
2020-12-31T08:55:29 0 0 경기76아8592 3 45 200000193 277103449 44 
2020-12-31T08:55:29 0 0 경기78아7084 3 26 200000193 277103390 23 
2020-12-31T08:56:29 0 0 경기76아8592 3 45 200000193 277103449 44 
2020-12-31T08:56:29 0 0 경기78아7084 3 45 200000193 121000056 29 
2020-12-31T08:57:28 0 0 경기76아8592 3 45 200000193 277103449 44 
2020-12-31T08:58:27 0 0 경기76아8592 3 45 200000193 277103449 44 
2020-12-31T08:59:27 0 0 경기76아8592 3 45 200000193 277103449 44 
2020-12-31T09:00:27 0 0 경기76아8592 3 45 200000193 277103449 44 
2020-12-31T09:01:26 0 0 경기76아8592 3 45 200000193 277103449 44 
2020-12-31T09:01:26 0 0 경기78아7084 3 45 200000193 277104178 34 
2020-12-31T09:02:26 0 0 경기76아8592 3 45 200000193 277103449 44 
2020-12-31T09:02:26 0 0 경기78아7084 3 45 200000193 277103440 35 
2020-12-31T09:03:25 0 0 경기76아8592 3 45 200000193 277103449 44 
2020-12-31T09:03:25 0 0 경기78아7084 3 45 200000193 277103440 35 
2020-12-31T09:04:24 0 0 경기76아8592 3 45 200000193 277103449 44 
2020-12-31T09:05:24 0 0 경기76아8592 3 45 200000193 277103449 44 
2020-12-31T09:05:24 0 0 경기78아7084 3 45 200000193 277103150 37 
2020-12-31T09:06:24 0 0 경기76아8592 3 45 200000193 277103449 44 
2020-12-31T09:07:23 0 0 경기76아8592 3 45 200000193 277103449 44 
2020-12-31T09:07:23 0 0 경기78아7084 3 42 200000193 121000056 30 
2020-12-31T09:10:22 0 0 경기78아7084 3 45 200000193 277103442 39 
2020-12-31T09:14:19 0 0 경기78아7084 3 45 200000193 277103362 41 
2020-12-31T09:15:18 0 0 경기78아7084 3 43 200000193 121000220 33 
2020-12-31T16:32:01 0 0 경기76아8592 3 45 200000193 223000524 2 
2020-12-31T16:33:01 0 0 경기76아8592 3 45 200000193 223000524 2 
2020-12-31T16:34:00 0 0 경기76아8592 3 45 200000193 223000524 2 
2020-12-31T16:34:59 0 0 경기76아8592 3 45 200000193 223000524 2 
2020-12-31T16:35:59 0 0 경기76아8592 3 45 200000193 223000524 2 
2020-12-31T16:36:59 0 0 경기76아8592 3 45 200000193 223000524 2 
2020-12-31T16:37:59 0 0 경기76아8592 3 44 200000193 223000128 3 
2020-12-31T16:38:59 0 0 경기76아8592 3 44 200000193 223000127 4 
2020-12-31T16:39:58 0 0 경기76아8592 3 44 200000193 223000127 4 
2020-12-31T16:40:59 0 0 경기76아8592 3 44 200000193 223000127 4 
2020-12-31T16:41:58 0 0 경기76아8592 3 44 200000193 223000212 5 
2020-12-31T16:42:58 0 0 경기76아8592 3 43 200000193 223000212 5 
2020-12-31T16:43:57 0 0 경기76아8592 3 43 200000193 223000212 5 
2020-12-31T16:44:56 0 0 경기76아8592 3 43 200000193 223000212 5 
2020-12-31T16:45:55 0 0 경기76아8592 3 43 200000193 223000212 5 
2020-12-31T16:46:54 0 0 경기76아8592 3 43 200000193 223000212 5 
2020-12-31T16:47:53 0 0 경기76아8592 3 43 200000193 223000212 5 
2020-12-31T16:48:52 0 0 경기76아8592 3 43 200000193 223000212 5 
2020-12-31T16:49:52 0 0 경기76아8592 3 43 200000193 223000212 5 
2020-12-31T16:50:51 0 0 경기76아8592 3 43 200000193 223000005 6 
2020-12-31T16:51:51 0 0 경기76아8592 3 43 200000193 223000048 7 
2020-12-31T16:52:51 0 0 경기76아8592 3 43 200000193 223000047 8 
2020-12-31T16:53:50 0 0 경기76아8592 3 43 200000193 223000047 8 
2020-12-31T16:54:50 0 0 경기76아8592 3 43 200000193 223000047 8 
2020-12-31T16:55:49 0 0 경기76아8592 3 43 200000193 223000047 8 
2020-12-31T16:56:49 0 0 경기76아8592 3 43 200000193 223000047 8 
2020-12-31T16:57:49 0 0 경기76아8592 3 43 200000193 223000047 8 
2020-12-31T16:58:48 0 0 경기76아8592 3 43 200000193 223000047 8 
2020-12-31T16:59:48 0 0 경기76아8592 3 43 200000193 223000047 8 
2020-12-31T17:00:47 0 0 경기76아8592 3 43 200000193 223000047 8 
2020-12-31T17:01:47 0 0 경기76아8592 3 43 200000193 277103448 9 
2020-12-31T17:02:46 0 0 경기76아8592 3 43 200000193 277103448 9 
2020-12-31T17:03:46 0 0 경기76아8592 3 43 200000193 277103448 9 
2020-12-31T17:04:46 0 0 경기76아8592 3 43 200000193 277103448 9 
2020-12-31T17:05:45 0 0 경기76아8592 3 43 200000193 277103445 10 
2020-12-31T17:06:45 0 0 경기76아8592 3 43 200000193 277103445 10 
2020-12-31T17:07:44 0 0 경기76아8592 3 43 200000193 277103445 10 
2020-12-31T17:08:44 0 0 경기76아8592 3 43 200000193 277102247 11 
2020-12-31T17:09:44 0 0 경기76아8592 3 43 200000193 277102247 11 
2020-12-31T17:10:44 0 0 경기76아8592 3 43 200000193 277102247 11 
2020-12-31T17:11:43 0 0 경기76아8592 3 43 200000193 277102247 11 
2020-12-31T17:12:43 0 0 경기76아8592 3 43 200000193 277103363 12 
2020-12-31T17:13:43 0 0 경기76아8592 3 43 200000193 277103363 12 
2020-12-31T17:14:42 0 0 경기76아8592 3 43 200000193 277103361 13 
2020-12-31T17:15:42 0 0 경기76아8592 3 43 200000193 277103361 13 
2020-12-31T17:16:41 0 0 경기76아8592 3 43 200000193 277103361 13 
2020-12-31T17:17:40 0 0 경기76아8592 3 43 200000193 277103443 14 
2020-12-31T17:18:40 0 0 경기76아8592 3 43 200000193 277103443 14 
2020-12-31T17:19:39 0 0 경기76아8592 3 43 200000193 277103443 14 
2020-12-31T17:20:39 0 0 경기76아8592 3 43 200000193 277103386 15 
2020-12-31T17:21:39 0 0 경기76아8592 3 43 200000193 277103386 15 
2020-12-31T17:22:38 0 0 경기76아8592 3 43 200000193 277103386 15 
2020-12-31T17:23:38 0 0 경기76아8592 3 43 200000193 277103151 16 
2020-12-31T17:24:38 0 0 경기76아8592 3 43 200000193 277103151 16 
2020-12-31T17:25:37 0 0 경기76아8592 3 43 200000193 277103679 17 
2020-12-31T17:26:37 0 0 경기76아8592 3 43 200000193 277103441 18 
2020-12-31T17:27:37 0 0 경기76아8592 3 43 200000193 277103441 18 
2020-12-31T17:28:36 0 0 경기76아8592 3 43 200000193 277104177 19 
2020-12-31T17:29:36 0 0 경기76아8592 3 43 200000193 277103388 20 
2020-12-31T17:30:36 0 0 경기76아8592 3 43 200000193 277103388 20 
2020-12-31T17:31:35 0 0 경기76아8592 3 43 200000193 277103388 20 
2020-12-31T17:32:35 0 0 경기76아8592 3 43 200000193 277103388 20 
2020-12-31T17:33:35 0 0 경기76아8592 3 43 200000193 277103390 21 
2020-12-31T17:34:35 0 0 경기76아8592 3 43 200000193 277103390 21 
2020-12-31T17:35:35 0 0 경기76아8592 3 43 200000193 121000034 22 
2020-12-31T17:36:34 0 0 경기76아8592 3 43 200000193 121000034 22 
2020-12-31T17:37:33 0 0 경기76아8592 3 43 200000193 121000033 23 
2020-12-31T17:38:33 0 0 경기76아8592 3 45 200000193 121000033 23 
2020-12-31T17:39:33 0 0 경기76아8592 3 45 200000193 121000033 23 
2020-12-31T17:40:33 0 0 경기76아8592 3 45 200000193 121000033 23 
2020-12-31T17:41:32 0 0 경기76아8592 3 45 200000193 121000033 23 
2020-12-31T17:42:32 0 0 경기76아8592 3 45 200000193 121000033 23 
2020-12-31T17:43:31 0 0 경기76아8592 3 45 200000193 121000033 23 
2020-12-31T17:44:31 0 0 경기76아8592 3 45 200000193 121000929 24 
2020-12-31T17:45:31 0 0 경기76아8592 3 43 200000193 121000929 24 
2020-12-31T17:46:30 0 0 경기76아8592 3 43 200000193 277104257 25 
2020-12-31T17:47:30 0 0 경기76아8592 3 43 200000193 277104257 25 
2020-12-31T17:48:29 0 0 경기76아8592 3 43 200000193 277104257 25 
2020-12-31T17:49:29 0 0 경기76아8592 3 43 200000193 277104257 25 
2020-12-31T17:50:29 0 0 경기76아8592 3 43 200000193 277104257 25 
2020-12-31T17:51:29 0 0 경기76아8592 3 43 200000193 277104257 25 
2020-12-31T17:52:28 0 0 경기76아8592 3 43 200000193 277104257 25 
2020-12-31T17:53:28 0 0 경기76아8592 3 42 200000193 121000937 26 
2020-12-31T17:54:27 0 0 경기76아8592 3 42 200000193 121000937 26 
2020-12-31T17:55:27 0 0 경기76아8592 3 42 200000193 121000937 26 
2020-12-31T17:56:26 0 0 경기76아8592 3 42 200000193 121000937 26 
2020-12-31T17:57:26 0 0 경기76아8592 3 42 200000193 121000937 26 
2020-12-31T17:58:26 0 0 경기76아8592 3 42 200000193 277101612 27 
2020-12-31T17:59:25 0 0 경기76아8592 3 42 200000193 121000920 28 
2020-12-31T18:00:24 0 0 경기76아8592 3 42 200000193 121000920 28 
2020-12-31T18:01:24 0 0 경기76아8592 3 42 200000193 121000920 28 
2020-12-31T18:02:24 0 0 경기76아8592 3 41 200000193 121000056 29 
2020-12-31T18:03:23 0 0 경기76아8592 3 41 200000193 121000056 29 
2020-12-31T18:04:22 0 0 경기76아8592 3 41 200000193 121000056 29 
2020-12-31T18:05:21 0 0 경기76아8592 3 41 200000193 121000969 30 
2020-12-31T18:06:21 0 0 경기76아8592 3 40 200000193 121000969 30 
2020-12-31T18:07:21 0 0 경기76아8592 3 40 200000193 277104385 31 
2020-12-31T18:08:21 0 0 경기76아8592 3 40 200000193 277104385 31 
2020-12-31T18:09:21 0 0 경기76아8592 3 40 200000193 121000220 32 
2020-12-31T18:10:20 0 0 경기76아8592 3 40 200000193 121000220 32 
2020-12-31T18:11:20 0 0 경기76아8592 3 40 200000193 121000220 32 
2020-12-31T18:12:19 0 0 경기76아8592 3 40 200000193 277103387 33 
2020-12-31T18:13:19 0 0 경기76아8592 3 40 200000193 277104178 34 
2020-12-31T18:14:18 0 0 경기76아8592 3 40 200000193 277104178 34 
2020-12-31T18:15:18 0 0 경기76아8592 3 40 200000193 277103440 35 
2020-12-31T18:16:18 0 0 경기76아8592 3 40 200000193 277103678 36 
2020-12-31T18:17:18 0 0 경기76아8592 3 40 200000193 277103678 36 
2020-12-31T18:18:17 0 0 경기76아8592 3 40 200000193 277103150 37 
2020-12-31T18:19:17 0 0 경기76아8592 3 40 200000193 277103150 37 
2020-12-31T18:20:17 0 0 경기76아8592 3 40 200000193 277103150 37 
2020-12-31T18:21:17 0 0 경기76아8592 3 40 200000193 277103385 38 
2020-12-31T18:22:16 0 0 경기76아8592 3 40 200000193 277103385 38 
2020-12-31T18:23:16 0 0 경기76아8592 3 40 200000193 277103385 38 
2020-12-31T18:24:15 0 0 경기76아8592 3 40 200000193 277103442 39 
2020-12-31T18:25:15 0 0 경기76아8592 3 40 200000193 277103442 39 
2020-12-31T18:26:15 0 0 경기76아8592 3 40 200000193 277103442 39 
2020-12-31T18:27:14 0 0 경기76아8592 3 40 200000193 277103360 40 
2020-12-31T18:28:14 0 0 경기76아8592 3 40 200000193 277103360 40 
2020-12-31T18:29:14 0 0 경기76아8592 3 40 200000193 277103362 41 
2020-12-31T18:30:13 0 0 경기76아8592 3 40 200000193 277103362 41 
2020-12-31T18:31:13 0 0 경기76아8592 3 40 200000193 277103362 41 
2020-12-31T18:32:12 0 0 경기76아8592 3 40 200000193 277101636 42 
2020-12-31T18:33:11 0 0 경기76아8592 3 40 200000193 277101636 42 
2020-12-31T18:34:11 0 0 경기76아8592 3 40 200000193 277101636 42 
2020-12-31T18:35:11 0 0 경기76아8592 3 40 200000193 277103444 43 
2020-12-31T18:36:11 0 0 경기76아8592 3 40 200000193 277103444 43 
2020-12-31T18:37:10 0 0 경기76아8592 3 40 200000193 277103444 43 
2020-12-31T18:38:10 0 0 경기76아8592 3 40 200000193 277103444 43 
2020-12-31T18:39:10 0 0 경기76아8592 3 40 200000193 277103449 44 
2020-12-31T18:40:09 0 0 경기76아8592 3 40 200000193 277103449 44 
2020-12-31T18:41:09 0 0 경기76아8592 3 40 200000193 277103449 44 
2020-12-31T18:42:09 0 0 경기76아8592 3 40 200000193 277103449 44 
2020-12-31T18:43:09 0 0 경기76아8592 3 40 200000193 277103449 44 
2020-12-31T18:44:08 0 0 경기76아8592 3 40 200000193 277103449 44 
2020-12-31T18:45:08 0 0 경기76아8592 3 40 200000193 277103449 44 
2020-12-31T18:46:08 0 0 경기76아8592 3 40 200000193 277103449 44 
2020-12-31T18:47:08 0 0 경기76아8592 3 40 200000193 277103449 44 
2020-12-31T18:48:08 0 0 경기76아8592 3 40 200000193 277103449 44 
2020-12-31T18:49:08 0 0 경기76아8592 3 40 200000193 277103449 44 
2020-12-31T18:50:07 0 0 경기76아8592 3 40 200000193 277103449 44 
2020-12-31T18:51:07 0 0 경기76아8592 3 40 200000193 277103449 44 
2020-12-31T18:52:06 0 0 경기76아8592 3 40 200000193 277103449 44 
2020-12-31T18:53:06 0 0 경기76아8592 3 40 200000193 223000199 45 
2020-12-31T18:54:06 0 0 경기76아8592 3 42 200000193 223000199 45 
2020-12-31T18:55:05 0 0 경기76아8592 3 43 200000193 223000094 46 
2020-12-31T18:56:05 0 0 경기76아8592 3 43 200000193 223000094 46 
2020-12-31T18:57:05 0 0 경기76아8592 3 43 200000193 223000094 46 
2020-12-31T18:58:03 0 0 경기76아8592 3 43 200000193 223000093 47 
2020-12-31T18:59:03 0 0 경기76아8592 3 43 200000193 223000093 47 
2020-12-31T19:00:03 0 0 경기76아8592 3 43 200000193 223000093 47 
2020-12-31T19:01:03 0 0 경기76아8592 3 43 200000193 223000537 48 
2020-12-31T19:02:03 0 0 경기76아8592 3 44 200000193 223000537 48 
2020-12-31T19:03:02 0 0 경기76아8592 3 44 200000193 223000537 48 
2020-12-31T19:04:02 0 0 경기76아8592 3 44 200000193 223000537 48 
2020-12-31T19:05:02 0 0 경기76아8592 3 44 200000193 223000099 49 
2020-12-31T19:06:01 0 0 경기76아8592 3 45 200000193 223000097 51 
2020-12-31T19:07:01 0 0 경기76아8592 3 45 200000193 223000097 51 
2020-12-31T19:08:00 0 0 경기76아8592 3 45 200000193 223000525 52 
2020-12-31T19:08:59 0 0 경기76아8592 3 45 200000193 223000525 52 
2020-12-31T19:09:59 0 0 경기76아8592 3 45 200000193 223000525 52 
2020-12-31T19:10:59 0 0 경기76아8592 3 45 200000193 223000525 52 
2020-12-31T19:11:59 0 0 경기76아8592 3 45 200000193 223000525 52 
2020-12-31T19:12:59 0 0 경기76아8592 3 45 200000193 223000525 52 
2020-12-31T19:13:59 0 0 경기76아8592 3 45 200000193 223000525 52 
2020-12-31T19:14:58 0 0 경기76아8592 3 45 200000193 223000525 52 
2020-12-31T19:15:57 0 0 경기76아8592 3 45 200000193 223000525 52 
2020-12-31T19:16:57 0 0 경기76아8592 3 45 200000193 223000525 52 
2020-12-31T19:17:56 0 0 경기76아8592 3 45 200000193 223000525 52 
2020-12-31T19:18:56 0 0 경기76아8592 3 45 200000193 223000525 52 
2020-12-31T19:19:56 0 0 경기76아8592 3 45 200000193 223000525 52 
2020-12-31T19:20:56 0 0 경기76아8592 3 45 200000193 223000525 52 
2020-12-31T19:21:56 0 0 경기76아8592 3 45 200000193 223000525 52 
2020-12-31T19:32:53 0 0 경기76아8592 3 45 200000193 223000524 2 
2020-12-31T19:33:52 0 0 경기76아8592 3 45 200000193 223000524 2 
2020-12-31T19:34:52 0 0 경기76아8592 3 45 200000193 223000524 2 
2020-12-31T19:35:51 0 0 경기76아8592 3 45 200000193 223000127 4 
2020-12-31T19:36:51 0 0 경기76아8592 3 45 200000193 223000127 4 
2020-12-31T19:37:50 0 0 경기76아8592 3 45 200000193 223000212 5 
2020-12-31T19:38:50 0 0 경기76아8592 3 44 200000193 223000212 5 
2020-12-31T19:39:50 0 0 경기76아8592 3 44 200000193 223000212 5 
2020-12-31T19:40:50 0 0 경기76아8592 3 44 200000193 223000212 5 
2020-12-31T19:41:49 0 0 경기76아8592 3 44 200000193 223000005 6 
2020-12-31T19:42:49 0 0 경기76아8592 3 44 200000193 223000005 6 
2020-12-31T19:43:49 0 0 경기76아8592 3 44 200000193 223000005 6 
2020-12-31T19:44:48 0 0 경기76아8592 3 44 200000193 223000005 6 
2020-12-31T19:45:48 0 0 경기76아8592 3 44 200000193 223000048 7 
2020-12-31T19:46:47 0 0 경기76아8592 3 44 200000193 223000048 7 
2020-12-31T19:47:47 0 0 경기76아8592 3 44 200000193 223000047 8 
2020-12-31T19:48:47 0 0 경기76아8592 3 44 200000193 223000047 8 
2020-12-31T19:49:47 0 0 경기76아8592 3 44 200000193 223000047 8 
2020-12-31T19:50:46 0 0 경기76아8592 3 44 200000193 223000047 8 
2020-12-31T19:51:46 0 0 경기76아8592 3 44 200000193 223000047 8 
2020-12-31T19:52:46 0 0 경기76아8592 3 44 200000193 277103448 9 
2020-12-31T19:53:46 0 0 경기76아8592 3 44 200000193 277103448 9 
2020-12-31T19:54:46 0 0 경기76아8592 3 44 200000193 277103448 9 
2020-12-31T19:55:45 0 0 경기76아8592 3 44 200000193 277103445 10 
2020-12-31T19:56:45 0 0 경기76아8592 3 44 200000193 277103445 10 
2020-12-31T19:57:45 0 0 경기76아8592 3 44 200000193 277103445 10 
2020-12-31T19:58:45 0 0 경기76아8592 3 44 200000193 277102247 11 
2020-12-31T19:59:45 0 0 경기76아8592 3 44 200000193 277102247 11 
2020-12-31T20:00:44 0 0 경기76아8592 3 44 200000193 277102247 11 
2020-12-31T20:01:44 0 0 경기76아8592 3 44 200000193 277102247 11 
2020-12-31T20:02:44 0 0 경기76아8592 3 44 200000193 277103363 12 
2020-12-31T20:03:43 0 0 경기76아8592 3 44 200000193 277103363 12 
2020-12-31T20:04:43 0 0 경기76아8592 3 44 200000193 277103361 13 
2020-12-31T20:05:43 0 0 경기76아8592 3 44 200000193 277103361 13 
2020-12-31T20:06:43 0 0 경기76아8592 3 44 200000193 277103361 13 
2020-12-31T20:07:42 0 0 경기76아8592 3 44 200000193 277103443 14 
2020-12-31T20:08:42 0 0 경기76아8592 3 44 200000193 277103443 14 
2020-12-31T20:09:42 0 0 경기76아8592 3 44 200000193 277103443 14 
2020-12-31T20:10:41 0 0 경기76아8592 3 44 200000193 277103386 15 
2020-12-31T20:11:41 0 0 경기76아8592 3 44 200000193 277103386 15 
2020-12-31T20:12:40 0 0 경기76아8592 3 44 200000193 277103151 16 
2020-12-31T20:13:39 0 0 경기76아8592 3 44 200000193 277103151 16 
2020-12-31T20:14:39 0 0 경기76아8592 3 44 200000193 277103679 17 
2020-12-31T20:15:39 0 0 경기76아8592 3 44 200000193 277103441 18 
2020-12-31T20:16:38 0 0 경기76아8592 3 44 200000193 277103441 18 
2020-12-31T20:17:38 0 0 경기76아8592 3 44 200000193 277104177 19 
2020-12-31T20:18:37 0 0 경기76아8592 3 44 200000193 277103388 20 
2020-12-31T20:19:37 0 0 경기76아8592 3 44 200000193 277103388 20 
2020-12-31T20:20:37 0 0 경기76아8592 3 44 200000193 277103390 21 
2020-12-31T20:21:37 0 0 경기76아8592 3 44 200000193 277103390 21 
2020-12-31T20:22:37 0 0 경기76아8592 3 44 200000193 121000034 22 
2020-12-31T20:23:36 0 0 경기76아8592 3 44 200000193 121000033 23 
2020-12-31T20:24:36 0 0 경기76아8592 3 44 200000193 121000033 23 
2020-12-31T20:25:36 0 0 경기76아8592 3 44 200000193 121000033 23 
2020-12-31T20:26:36 0 0 경기76아8592 3 44 200000193 121000033 23 
2020-12-31T20:27:36 0 0 경기76아8592 3 44 200000193 121000033 23 
2020-12-31T20:28:35 0 0 경기76아8592 3 44 200000193 121000929 24 
2020-12-31T20:29:35 0 0 경기76아8592 3 44 200000193 121000929 24 
2020-12-31T20:30:35 0 0 경기76아8592 3 44 200000193 121000929 24 
2020-12-31T20:31:34 0 0 경기76아8592 3 44 200000193 121000929 24 
2020-12-31T20:32:34 0 0 경기76아8592 3 44 200000193 121000929 24 
2020-12-31T20:33:33 0 0 경기76아8592 3 44 200000193 121000929 24 
2020-12-31T20:34:33 0 0 경기76아8592 3 44 200000193 277104257 25 
2020-12-31T20:35:33 0 0 경기76아8592 3 44 200000193 277104257 25 
2020-12-31T20:36:32 0 0 경기76아8592 3 44 200000193 277104257 25 
2020-12-31T20:37:32 0 0 경기76아8592 3 44 200000193 277104257 25 
2020-12-31T20:38:31 0 0 경기76아8592 3 44 200000193 277104257 25 
2020-12-31T20:39:31 0 0 경기76아8592 3 44 200000193 277104257 25 
2020-12-31T20:40:31 0 0 경기76아8592 3 44 200000193 277104257 25 
2020-12-31T20:41:31 0 0 경기76아8592 3 45 200000193 277101612 27 
2020-12-31T20:42:30 0 0 경기76아8592 3 45 200000193 277101612 27 
2020-12-31T20:43:30 0 0 경기76아8592 3 45 200000193 121000920 28 
2020-12-31T20:44:29 0 0 경기76아8592 3 45 200000193 121000056 29 
2020-12-31T20:45:28 0 0 경기76아8592 3 45 200000193 121000056 29 
2020-12-31T20:46:28 0 0 경기76아8592 3 45 200000193 121000056 29 
2020-12-31T20:47:27 0 0 경기76아8592 3 44 200000193 121000969 30 
2020-12-31T20:48:26 0 0 경기76아8592 3 44 200000193 121000969 30 
2020-12-31T20:49:25 0 0 경기76아8592 3 44 200000193 277104385 31 
2020-12-31T20:50:25 0 0 경기76아8592 3 44 200000193 121000220 32 
2020-12-31T20:51:24 0 0 경기76아8592 3 44 200000193 121000220 32 
2020-12-31T20:52:24 0 0 경기76아8592 3 44 200000193 121000220 32 
2020-12-31T20:53:23 0 0 경기76아8592 3 44 200000193 277103387 33 
2020-12-31T20:54:22 0 0 경기76아8592 3 44 200000193 277104178 34 
2020-12-31T20:55:22 0 0 경기76아8592 3 44 200000193 277103440 35 
2020-12-31T20:56:22 0 0 경기76아8592 3 44 200000193 277103440 35 
2020-12-31T20:57:22 0 0 경기76아8592 3 44 200000193 277103678 36 
2020-12-31T20:58:21 0 0 경기76아8592 3 44 200000193 277103150 37 
2020-12-31T20:59:21 0 0 경기76아8592 3 44 200000193 277103150 37 
2020-12-31T21:00:20 0 0 경기76아8592 3 44 200000193 277103150 37 
2020-12-31T21:01:20 0 0 경기76아8592 3 44 200000193 277103385 38 
2020-12-31T21:02:20 0 0 경기76아8592 3 44 200000193 277103385 38 
2020-12-31T21:03:19 0 0 경기76아8592 3 44 200000193 277103442 39 
2020-12-31T21:04:19 0 0 경기76아8592 3 44 200000193 277103442 39 
2020-12-31T21:05:18 0 0 경기76아8592 3 44 200000193 277103442 39 
2020-12-31T21:06:18 0 0 경기76아8592 3 44 200000193 277103360 40 
2020-12-31T21:07:17 0 0 경기76아8592 3 44 200000193 277103360 40 
2020-12-31T21:08:17 0 0 경기76아8592 3 44 200000193 277103362 41 
2020-12-31T21:09:16 0 0 경기76아8592 3 44 200000193 277103362 41 
2020-12-31T21:10:16 0 0 경기76아8592 3 44 200000193 277103362 41 
2020-12-31T21:11:16 0 0 경기76아8592 3 44 200000193 277103362 41 
2020-12-31T21:12:15 0 0 경기76아8592 3 44 200000193 277101636 42 
2020-12-31T21:13:15 0 0 경기76아8592 3 44 200000193 277101636 42 
2020-12-31T21:14:14 0 0 경기76아8592 3 44 200000193 277101636 42 
2020-12-31T21:15:14 0 0 경기76아8592 3 44 200000193 277103444 43 
2020-12-31T21:16:14 0 0 경기76아8592 3 44 200000193 277103444 43 
2020-12-31T21:17:13 0 0 경기76아8592 3 44 200000193 277103444 43 
2020-12-31T21:18:13 0 0 경기76아8592 3 44 200000193 277103449 44 
2020-12-31T21:19:13 0 0 경기76아8592 3 44 200000193 277103449 44 
2020-12-31T21:20:13 0 0 경기76아8592 3 44 200000193 277103449 44 
2020-12-31T21:21:13 0 0 경기76아8592 3 44 200000193 277103449 44 
2020-12-31T21:22:12 0 0 경기76아8592 3 44 200000193 277103449 44 
2020-12-31T21:23:12 0 0 경기76아8592 3 44 200000193 277103449 44 
2020-12-31T21:24:12 0 0 경기76아8592 3 44 200000193 277103449 44 
2020-12-31T21:25:11 0 0 경기76아8592 3 44 200000193 277103449 44 
2020-12-31T21:26:11 0 0 경기76아8592 3 44 200000193 277103449 44 
2020-12-31T21:27:11 0 0 경기76아8592 3 44 200000193 277103449 44 
2020-12-31T21:28:11 0 0 경기76아8592 3 44 200000193 277103449 44 
2020-12-31T21:29:11 0 0 경기76아8592 3 44 200000193 277103449 44 
2020-12-31T21:30:11 0 0 경기76아8592 3 44 200000193 277103449 44 
2020-12-31T21:31:10 0 0 경기76아8592 3 44 200000193 277103449 44 
2020-12-31T21:32:09 0 0 경기76아8592 3 44 200000193 277103449 44 
2020-12-31T21:33:09 0 0 경기76아8592 3 44 200000193 277103449 44 
2020-12-31T21:34:09 0 0 경기76아8592 3 44 200000193 277103449 44 
2020-12-31T21:35:08 0 0 경기76아8592 3 44 200000193 277103449 44 
