234001609 2020-12-31T02:31:05.511398+09:00
2020-12-31T23:01:40 2 0 경기77바2447 3 44 234001609 277101661 2 
2020-12-31T23:02:40 2 0 경기77바2447 3 44 234001609 234000946 3 
2020-12-31T23:03:40 2 0 경기77바2447 3 44 234001609 234000348 4 
2020-12-31T23:04:39 2 0 경기77바2447 3 44 234001609 234000346 6 
2020-12-31T23:05:39 2 0 경기77바2447 3 44 234001609 234000345 7 
2020-12-31T23:06:39 2 0 경기77바2447 3 44 234001609 234001068 8 
2020-12-31T23:07:39 2 0 경기77바2447 3 44 234001609 234000344 9 
2020-12-31T23:08:38 2 0 경기77바2447 3 44 234001609 234000673 11 
2020-12-31T23:09:38 2 0 경기77바2447 3 43 234001609 234000089 13 
2020-12-31T23:10:38 2 0 경기77바2447 3 43 234001609 234000089 13 
2020-12-31T23:11:37 2 0 경기77바2447 3 43 234001609 234000089 13 
2020-12-31T23:12:37 2 0 경기77바2447 3 43 234001609 234000341 15 
2020-12-31T23:13:37 2 0 경기77바2447 3 43 234001609 234000341 15 
2020-12-31T23:14:36 2 0 경기77바2447 3 43 234001609 234000340 16 
2020-12-31T23:15:36 2 0 경기77바2447 3 43 234001609 234000339 17 
2020-12-31T23:16:36 2 0 경기77바2447 3 43 234001609 234000338 18 
2020-12-31T23:17:35 2 0 경기77바2447 3 42 234001609 234000337 19 
2020-12-31T23:18:35 2 0 경기77바2447 3 42 234001609 234000336 20 
2020-12-31T23:19:35 2 0 경기77바2447 3 42 234001609 234000336 20 
2020-12-31T23:20:35 2 0 경기77바2447 3 42 234001609 234000335 21 
2020-12-31T23:21:35 2 0 경기77바2447 3 42 234001609 234000334 22 
2020-12-31T23:22:34 2 0 경기77바2447 3 42 234001609 234000333 23 
2020-12-31T23:23:34 2 0 경기77바2447 3 42 234001609 234000332 24 
2020-12-31T23:24:34 2 0 경기77바2447 3 42 234001609 234000643 25 
2020-12-31T23:25:34 2 0 경기77바2447 3 42 234001609 234000643 25 
2020-12-31T23:26:33 2 0 경기77바2447 3 42 234001609 234000643 25 
2020-12-31T23:27:34 2 0 경기77바2447 3 42 234001609 234000268 27 
2020-12-31T23:28:33 2 0 경기77바2447 3 41 234001609 234000267 28 
2020-12-31T23:29:32 2 0 경기77바2447 3 41 234001609 234000251 29 
2020-12-31T23:30:30 2 0 경기77바2447 3 41 234001609 234000271 30 
2020-12-31T23:31:30 0 0 경기77바2048 3 45 234001609 277101661 2 
2020-12-31T23:31:30 2 0 경기77바2447 3 41 234001609 234000271 30 
2020-12-31T23:32:30 0 0 경기77바2048 3 45 234001609 234000946 3 
2020-12-31T23:32:30 2 0 경기77바2447 3 41 234001609 234000270 31 
2020-12-31T23:33:29 0 0 경기77바2048 3 45 234001609 234000348 4 
2020-12-31T23:33:29 2 0 경기77바2447 3 41 234001609 234001077 32 
2020-12-31T23:34:28 0 0 경기77바2048 3 45 234001609 234000347 5 
2020-12-31T23:34:28 2 0 경기77바2447 3 41 234001609 234000330 33 
2020-12-31T23:35:27 0 0 경기77바2048 3 45 234001609 234000346 6 
2020-12-31T23:35:27 2 0 경기77바2447 3 41 234001609 234001004 35 
2020-12-31T23:36:27 0 0 경기77바2048 3 45 234001609 234000345 7 
2020-12-31T23:36:27 2 0 경기77바2447 3 41 234001609 234000435 36 
2020-12-31T23:37:26 2 0 경기77바2447 3 41 234001609 234000434 37 
2020-12-31T23:37:26 0 0 경기77바2048 3 45 234001609 234001068 8 
2020-12-31T23:38:26 0 0 경기77바2048 3 45 234001609 234000344 9 
2020-12-31T23:38:26 2 0 경기77바2447 3 40 234001609 234000064 38 
2020-12-31T23:39:26 0 0 경기77바2048 3 45 234001609 234000343 10 
2020-12-31T23:39:26 2 0 경기77바2447 3 40 234001609 234000063 40 
2020-12-31T23:40:26 0 0 경기77바2048 3 45 234001609 234000343 10 
2020-12-31T23:40:26 2 0 경기77바2447 3 38 234001609 234000063 40 
2020-12-31T23:41:25 2 0 경기77바2447 3 38 234001609 234000063 40 
2020-12-31T23:41:25 0 0 경기77바2048 3 45 234001609 234000673 11 
2020-12-31T23:42:25 0 0 경기77바2048 3 45 234001609 234000943 12 
2020-12-31T23:42:25 2 0 경기77바2447 3 38 234001609 277103681 41 
2020-12-31T23:43:25 0 0 경기77바2048 3 44 234001609 234000089 13 
2020-12-31T23:43:25 2 0 경기77바2447 3 38 234001609 205000078 42 
2020-12-31T23:44:25 2 0 경기77바2447 3 38 234001609 205000074 43 
2020-12-31T23:44:25 0 0 경기77바2048 3 44 234001609 234000089 13 
2020-12-31T23:45:25 0 0 경기77바2048 3 44 234001609 234000089 13 
2020-12-31T23:45:25 2 0 경기77바2447 3 38 234001609 205000074 43 
2020-12-31T23:46:25 2 0 경기77바2447 3 38 234001609 205000074 43 
2020-12-31T23:46:25 0 0 경기77바2048 3 44 234001609 234000089 13 
2020-12-31T23:47:24 2 0 경기77바2447 3 38 234001609 205000074 43 
2020-12-31T23:47:24 0 0 경기77바2048 3 44 234001609 234000341 15 
2020-12-31T23:48:23 2 0 경기77바2447 3 38 234001609 205000074 43 
2020-12-31T23:48:23 0 0 경기77바2048 3 44 234001609 234000341 15 
2020-12-31T23:49:22 2 0 경기77바2447 3 38 234001609 205000074 43 
2020-12-31T23:49:22 0 0 경기77바2048 3 44 234001609 234000340 16 
2020-12-31T23:50:22 2 0 경기77바2447 3 41 234001609 205000069 44 
2020-12-31T23:50:22 0 0 경기77바2048 3 44 234001609 234000339 17 
2020-12-31T23:51:22 0 0 경기77바2048 3 44 234001609 234000339 17 
2020-12-31T23:51:22 2 0 경기77바2447 3 41 234001609 205000069 44 
2020-12-31T23:52:22 0 0 경기77바2048 3 44 234001609 234000337 19 
2020-12-31T23:52:22 2 0 경기77바2447 3 41 234001609 205000069 44 
2020-12-31T23:53:21 0 0 경기77바2048 3 42 234001609 234000336 20 
2020-12-31T23:53:21 2 0 경기77바2447 3 42 234001609 204000087 45 
2020-12-31T23:54:21 2 0 경기77바2447 3 42 234001609 204000019 46 
2020-12-31T23:54:21 0 0 경기77바2048 3 41 234001609 234000336 20 
2020-12-31T23:55:21 2 0 경기77바2447 3 42 234001609 204000019 46 
2020-12-31T23:55:21 0 0 경기77바2048 3 41 234001609 234000335 21 
2020-12-31T23:56:21 2 0 경기77바2447 3 43 234001609 204000022 47 
2020-12-31T23:56:21 0 0 경기77바2048 3 40 234001609 234000335 21 
2020-12-31T23:57:21 0 0 경기77바2048 3 40 234001609 234000334 22 
2020-12-31T23:57:21 2 0 경기77바2447 3 43 234001609 204000021 48 
2020-12-31T23:58:19 0 0 경기77바2048 3 39 234001609 234000333 23 
2020-12-31T23:58:19 2 0 경기77바2447 3 43 234001609 204000020 49 
2020-12-31T23:59:19 0 0 경기77바2048 3 39 234001609 234000332 24 
2020-12-31T23:59:19 2 0 경기77바2447 3 43 234001609 204000116 50 
2021-01-01T00:00:18 2 0 경기77바2447 3 43 234001609 204000114 52 
2021-01-01T00:00:18 0 0 경기77바2048 3 38 234001609 234000332 24 
2021-01-01T00:01:18 0 0 경기77바2048 3 38 234001609 234000643 25 
2021-01-01T00:01:18 2 0 경기77바2447 3 43 234001609 123000329 53 
2021-01-01T00:02:18 0 0 경기77바2048 3 38 234001609 234000643 25 
2021-01-01T00:02:18 2 0 경기77바2447 3 43 234001609 123000013 55 
2021-01-01T00:02:18 0 0 경기77바2092 3 45 234001609 234000946 3 
2021-01-01T00:03:17 2 0 경기77바2447 3 43 234001609 123000013 55 
2021-01-01T00:03:17 0 0 경기77바2048 3 39 234001609 234000269 26 
2021-01-01T00:03:17 0 0 경기77바2092 3 45 234001609 234000348 4 
2021-01-01T00:04:17 2 0 경기77바2447 3 43 234001609 123000013 55 
2021-01-01T00:04:17 0 0 경기77바2048 3 39 234001609 234000268 27 
2021-01-01T00:04:17 0 0 경기77바2092 3 45 234001609 234000347 5 
2021-01-01T00:05:17 2 0 경기77바2447 3 43 234001609 123000011 56 
2021-01-01T00:05:17 0 0 경기77바2048 3 39 234001609 234000251 29 
2021-01-01T00:05:17 0 0 경기77바2092 3 45 234001609 234000346 6 
2021-01-01T00:06:16 2 0 경기77바2447 3 43 234001609 123000011 56 
2021-01-01T00:06:16 0 0 경기77바2048 3 39 234001609 234000271 30 
2021-01-01T00:06:16 0 0 경기77바2092 3 45 234001609 234000345 7 
2021-01-01T00:07:16 2 0 경기77바2447 3 43 234001609 123000011 56 
2021-01-01T00:07:16 0 0 경기77바2048 3 39 234001609 234000271 30 
2021-01-01T00:07:16 0 0 경기77바2092 3 45 234001609 234000344 9 
2021-01-01T00:08:16 2 0 경기77바2447 3 45 234001609 123000009 57 
2021-01-01T00:08:16 0 0 경기77바2048 3 37 234001609 234000270 31 
2021-01-01T00:08:16 0 0 경기77바2092 3 45 234001609 234000343 10 
2021-01-01T00:09:15 0 0 경기77바2048 3 37 234001609 234000270 31 
2021-01-01T00:09:15 2 0 경기77바2447 3 45 234001609 123000007 58 
2021-01-01T00:09:15 0 0 경기77바2092 3 45 234001609 234000343 10 
2021-01-01T00:10:14 2 0 경기77바2447 3 45 234001609 123000005 59 
2021-01-01T00:10:14 0 0 경기77바2048 3 37 234001609 234000270 31 
2021-01-01T00:10:14 0 0 경기77바2092 3 45 234001609 234000343 10 
2021-01-01T00:11:14 2 0 경기77바2447 3 45 234001609 123000005 59 
2021-01-01T00:11:14 0 0 경기77바2048 3 37 234001609 234000330 33 
2021-01-01T00:11:14 0 0 경기77바2092 3 45 234001609 234000089 13 
2021-01-01T00:12:13 0 0 경기77바2048 3 39 234001609 234000330 33 
2021-01-01T00:12:13 2 0 경기77바2447 3 45 234001609 123000003 60 
2021-01-01T00:12:13 0 0 경기77바2092 3 45 234001609 234000089 13 
2021-01-01T00:13:13 2 0 경기77바2447 3 45 234001609 123000611 62 
2021-01-01T00:13:13 0 0 경기77바2048 3 39 234001609 234000436 34 
2021-01-01T00:13:13 0 0 경기77바2092 3 45 234001609 234000089 13 
2021-01-01T00:14:13 2 0 경기77바2447 3 45 234001609 123000611 62 
2021-01-01T00:14:13 0 0 경기77바2048 3 39 234001609 234001004 35 
2021-01-01T00:14:13 0 0 경기77바2092 3 45 234001609 234000089 13 
2021-01-01T00:15:13 2 0 경기77바2447 3 45 234001609 123000611 62 
2021-01-01T00:15:13 0 0 경기77바2048 3 37 234001609 234000435 36 
2021-01-01T00:15:13 0 0 경기77바2092 3 45 234001609 234000342 14 
2021-01-01T00:16:12 2 0 경기77바2447 3 45 234001609 123000611 62 
2021-01-01T00:16:12 0 0 경기77바2048 3 37 234001609 234000064 38 
2021-01-01T00:16:12 0 0 경기77바2092 3 45 234001609 234000342 14 
2021-01-01T00:17:12 2 0 경기77바2447 3 45 234001609 123000611 62 
2021-01-01T00:17:12 0 0 경기77바2048 3 37 234001609 234000063 40 
2021-01-01T00:17:12 0 0 경기77바2092 3 45 234001609 234000341 15 
2021-01-01T00:18:12 2 0 경기77바2447 3 45 234001609 123000611 62 
2021-01-01T00:18:12 0 0 경기77바2048 3 37 234001609 234000063 40 
2021-01-01T00:18:12 0 0 경기77바2092 3 45 234001609 234000339 17 
2021-01-01T00:19:11 2 0 경기77바2447 3 45 234001609 123000611 62 
2021-01-01T00:19:11 0 0 경기77바2048 3 37 234001609 234000063 40 
2021-01-01T00:19:11 0 0 경기77바2092 3 45 234001609 234000339 17 
2021-01-01T00:20:11 2 0 경기77바2447 3 45 234001609 123000611 62 
2021-01-01T00:20:11 0 0 경기77바2048 3 37 234001609 277103681 41 
2021-01-01T00:20:11 0 0 경기77바2092 3 45 234001609 234000338 18 
2021-01-01T00:21:11 2 0 경기77바2447 3 45 234001609 123000611 62 
2021-01-01T00:21:11 0 0 경기77바2048 3 37 234001609 205000078 42 
2021-01-01T00:21:11 0 0 경기77바2092 3 44 234001609 234000337 19 
2021-01-01T00:22:10 2 0 경기77바2447 3 45 234001609 123000611 62 
2021-01-01T00:22:10 0 0 경기77바2048 3 37 234001609 205000074 43 
2021-01-01T00:22:10 0 0 경기77바2092 3 44 234001609 234000336 20 
2021-01-01T00:23:10 0 0 경기77바2048 3 37 234001609 205000074 43 
2021-01-01T00:23:10 2 0 경기77바2447 3 44 234001609 123000004 65 
2021-01-01T00:23:10 0 0 경기77바2092 3 44 234001609 234000336 20 
2021-01-01T00:24:09 2 0 경기77바2447 3 42 234001609 123000004 65 
2021-01-01T00:24:09 0 0 경기77바2048 3 37 234001609 205000074 43 
2021-01-01T00:24:09 0 0 경기77바2092 3 44 234001609 234000334 22 
2021-01-01T00:25:09 2 0 경기77바2447 3 42 234001609 123000004 65 
2021-01-01T00:25:09 0 0 경기77바2048 3 37 234001609 205000074 43 
2021-01-01T00:25:09 0 0 경기77바2092 3 44 234001609 234000333 23 
2021-01-01T00:26:08 0 0 경기77바2048 3 38 234001609 205000069 44 
2021-01-01T00:26:08 2 0 경기77바2447 3 42 234001609 123000006 66 
2021-01-01T00:26:08 0 0 경기77바2092 3 44 234001609 234000332 24 
2021-01-01T00:27:07 0 0 경기77바2048 3 38 234001609 205000069 44 
2021-01-01T00:27:07 2 0 경기77바2447 3 42 234001609 123000008 67 
2021-01-01T00:27:07 0 0 경기77바2092 3 44 234001609 234000643 25 
2021-01-01T00:28:06 0 0 경기77바2048 3 38 234001609 205000069 44 
2021-01-01T00:28:06 2 0 경기77바2447 3 42 234001609 123000010 68 
2021-01-01T00:28:06 0 0 경기77바2092 3 44 234001609 234000643 25 
2021-01-01T00:29:06 2 0 경기77바2447 3 42 234001609 123000010 68 
2021-01-01T00:29:06 0 0 경기77바2048 3 39 234001609 204000087 45 
2021-01-01T00:29:06 0 0 경기77바2092 3 44 234001609 234000269 26 
2021-01-01T00:30:05 0 0 경기77바2048 3 39 234001609 204000087 45 
2021-01-01T00:30:05 2 0 경기77바2447 3 42 234001609 123000010 68 
2021-01-01T00:30:05 0 0 경기77바2092 3 44 234001609 234000268 27 
2021-01-01T00:31:04 0 0 경기77바2048 3 39 234001609 204000087 45 
2021-01-01T00:31:04 2 0 경기77바2447 3 42 234001609 123000012 69 
2021-01-01T00:31:04 0 0 경기77바2092 3 44 234001609 234000251 29 
2021-01-01T00:32:04 2 0 경기77바2447 3 41 234001609 123000012 69 
2021-01-01T00:32:04 0 0 경기77바2048 3 39 234001609 204000019 46 
2021-01-01T00:32:04 0 0 경기77바2092 3 45 234001609 234000271 30 
2021-01-01T00:33:03 2 0 경기77바2447 3 41 234001609 123000012 69 
2021-01-01T00:33:03 0 0 경기77바2048 3 39 234001609 204000021 48 
2021-01-01T00:33:03 0 0 경기77바2092 3 45 234001609 234000271 30 
2021-01-01T00:34:03 0 0 경기77바2048 3 39 234001609 204000021 48 
2021-01-01T00:34:03 2 0 경기77바2447 3 41 234001609 123000014 70 
2021-01-01T00:34:03 0 0 경기77바2092 3 45 234001609 234000270 31 
2021-01-01T00:35:03 2 0 경기77바2447 3 41 234001609 123000016 71 
2021-01-01T00:35:03 0 0 경기77바2048 3 39 234001609 204000020 49 
2021-01-01T00:35:03 0 0 경기77바2092 3 45 234001609 234001077 32 
2021-01-01T00:36:02 2 0 경기77바2447 3 41 234001609 123000016 71 
2021-01-01T00:36:02 0 0 경기77바2048 3 39 234001609 204000115 51 
2021-01-01T00:36:02 0 0 경기77바2092 3 45 234001609 234000330 33 
2021-01-01T00:37:01 2 0 경기77바2447 3 41 234001609 123000016 71 
2021-01-01T00:37:01 0 0 경기77바2048 3 39 234001609 123000329 53 
2021-01-01T00:37:01 0 0 경기77바2092 3 45 234001609 234000436 34 
2021-01-01T00:38:00 0 0 경기77바2048 3 40 234001609 123000329 53 
2021-01-01T00:38:00 2 0 경기77바2447 3 41 234001609 123000016 71 
2021-01-01T00:38:00 0 0 경기77바2092 3 45 234001609 234001004 35 
2021-01-01T00:39:00 0 0 경기77바2048 3 40 234001609 123000015 54 
2021-01-01T00:39:00 2 0 경기77바2447 3 41 234001609 204000112 73 
2021-01-01T00:39:00 0 0 경기77바2092 3 45 234001609 234000434 37 
2021-01-01T00:40:00 2 0 경기77바2447 3 41 234001609 204000112 73 
2021-01-01T00:40:00 0 0 경기77바2048 3 40 234001609 123000013 55 
2021-01-01T00:40:00 0 0 경기77바2092 3 45 234001609 234000064 38 
2021-01-01T00:40:59 0 0 경기77바2048 3 40 234001609 123000011 56 
2021-01-01T00:40:59 2 0 경기77바2447 3 41 234001609 204000112 73 
2021-01-01T00:40:59 0 0 경기77바2092 3 45 234001609 234001169 39 
2021-01-01T00:41:59 0 0 경기77바2048 3 40 234001609 123000011 56 
2021-01-01T00:41:59 2 0 경기77바2447 3 41 234001609 204000111 74 
2021-01-01T00:41:59 0 0 경기77바2092 3 45 234001609 234000063 40 
2021-01-01T00:42:58 0 0 경기77바2048 3 40 234001609 123000011 56 
2021-01-01T00:42:58 2 0 경기77바2447 3 41 234001609 204000110 75 
2021-01-01T00:42:58 0 0 경기77바2092 3 45 234001609 234000063 40 
2021-01-01T00:43:58 2 0 경기77바2447 3 42 234001609 204000110 75 
2021-01-01T00:43:58 0 0 경기77바2048 3 43 234001609 123000009 57 
2021-01-01T00:43:58 0 0 경기77바2092 3 45 234001609 234000063 40 
2021-01-01T00:44:56 0 0 경기77바2048 3 43 234001609 123000009 57 
2021-01-01T00:44:56 2 0 경기77바2447 3 42 234001609 204000023 76 
2021-01-01T00:44:56 0 0 경기77바2092 3 45 234001609 205000078 42 
2021-01-01T00:45:57 2 0 경기77바2447 3 42 234001609 204000023 76 
2021-01-01T00:45:57 0 0 경기77바2048 3 43 234001609 123000007 58 
2021-01-01T00:45:57 0 0 경기77바2092 3 45 234001609 205000078 42 
2021-01-01T00:46:56 0 0 경기77바2048 3 44 234001609 123000003 60 
2021-01-01T00:46:56 2 0 경기77바2447 3 42 234001609 204000011 77 
2021-01-01T00:46:56 0 0 경기77바2092 3 45 234001609 205000074 43 
2021-01-01T00:47:55 2 0 경기77바2447 3 42 234001609 204000011 77 
2021-01-01T00:47:55 0 0 경기77바2048 3 44 234001609 123000611 62 
2021-01-01T00:47:55 0 0 경기77바2092 3 45 234001609 205000074 43 
2021-01-01T00:48:55 0 0 경기77바2048 3 44 234001609 123000611 62 
2021-01-01T00:48:55 2 0 경기77바2447 3 42 234001609 204000088 78 
2021-01-01T00:48:55 0 0 경기77바2092 3 45 234001609 205000074 43 
2021-01-01T00:49:54 0 0 경기77바2048 3 44 234001609 123000611 62 
2021-01-01T00:49:54 2 0 경기77바2447 3 42 234001609 204000088 78 
2021-01-01T00:49:54 0 0 경기77바2092 3 45 234001609 205000069 44 
2021-01-01T00:50:54 0 0 경기77바2048 3 44 234001609 123000611 62 
2021-01-01T00:50:54 2 0 경기77바2447 3 44 234001609 205000207 79 
2021-01-01T00:50:54 0 0 경기77바2092 3 45 234001609 205000069 44 
2021-01-01T00:51:53 0 0 경기77바2048 3 44 234001609 277102843 63 
2021-01-01T00:51:53 2 0 경기77바2447 3 42 234001609 205000207 79 
2021-01-01T00:51:53 0 0 경기77바2092 3 45 234001609 205000069 44 
2021-01-01T00:52:53 0 0 경기77바2048 3 44 234001609 277102843 63 
2021-01-01T00:52:53 2 0 경기77바2447 3 42 234001609 205000207 79 
2021-01-01T00:52:53 0 0 경기77바2092 3 45 234001609 205000069 44 
2021-01-01T00:53:53 2 0 경기77바2447 3 42 234001609 205000207 79 
2021-01-01T00:53:53 0 0 경기77바2048 3 44 234001609 277102180 64 
2021-01-01T00:53:53 0 0 경기77바2092 3 45 234001609 204000087 45 
2021-01-01T00:54:53 2 0 경기77바2447 3 42 234001609 205000207 79 
2021-01-01T00:54:53 0 0 경기77바2048 3 44 234001609 123000006 66 
2021-01-01T00:54:53 0 0 경기77바2092 3 45 234001609 204000087 45 
2021-01-01T00:55:53 0 0 경기77바2048 3 44 234001609 123000006 66 
2021-01-01T00:55:53 2 0 경기77바2447 3 42 234001609 205000073 80 
2021-01-01T00:55:53 0 0 경기77바2092 3 45 234001609 204000019 46 
2021-01-01T00:56:52 0 0 경기77바2048 3 44 234001609 123000006 66 
2021-01-01T00:56:52 2 0 경기77바2447 3 42 234001609 205000079 81 
2021-01-01T00:56:52 0 0 경기77바2092 3 44 234001609 204000022 47 
2021-01-01T00:57:52 2 0 경기77바2447 3 42 234001609 205000267 82 
2021-01-01T00:57:52 0 0 경기77바2048 3 44 234001609 123000010 68 
2021-01-01T00:57:52 0 0 경기77바2092 3 44 234001609 204000021 48 
2021-01-01T00:58:51 2 0 경기77바2447 3 42 234001609 205000267 82 
2021-01-01T00:58:51 0 0 경기77바2048 3 44 234001609 123000010 68 
2021-01-01T00:58:51 0 0 경기77바2092 3 44 234001609 204000021 48 
2021-01-01T00:59:51 0 0 경기77바2048 3 44 234001609 123000012 69 
2021-01-01T00:59:51 2 0 경기77바2447 3 42 234001609 234000066 83 
2021-01-01T00:59:51 0 0 경기77바2092 3 43 234001609 204000020 49 
2021-01-01T01:00:50 0 0 경기77바2048 3 44 234001609 123000012 69 
2021-01-01T01:00:50 2 0 경기77바2447 3 42 234001609 234000065 85 
2021-01-01T01:00:50 0 0 경기77바2092 3 43 234001609 204000116 50 
2021-01-01T01:01:49 2 0 경기77바2447 3 42 234001609 234000065 85 
2021-01-01T01:01:49 0 0 경기77바2048 3 44 234001609 123000014 70 
2021-01-01T01:01:49 0 0 경기77바2092 3 43 234001609 204000115 51 
2021-01-01T01:02:48 0 0 경기77바2048 3 44 234001609 123000016 71 
2021-01-01T01:02:48 2 0 경기77바2447 3 42 234001609 234000439 86 
2021-01-01T01:02:48 0 0 경기77바2092 3 44 234001609 204000114 52 
2021-01-01T01:03:47 0 0 경기77바2048 3 44 234001609 123000016 71 
2021-01-01T01:03:47 2 0 경기77바2447 3 43 234001609 234000437 88 
2021-01-01T01:03:47 0 0 경기77바2092 3 44 234001609 123000329 53 
2021-01-01T01:04:46 0 0 경기77바2048 3 43 234001609 123000016 71 
2021-01-01T01:04:46 2 0 경기77바2447 3 44 234001609 234000372 89 
2021-01-01T01:04:46 0 0 경기77바2092 3 44 234001609 123000329 53 
2021-01-01T01:05:46 2 0 경기77바2447 3 44 234001609 234000372 89 
2021-01-01T01:05:46 0 0 경기77바2048 3 43 234001609 123000016 71 
2021-01-01T01:05:46 0 0 경기77바2092 3 44 234001609 123000329 53 
2021-01-01T01:06:46 2 0 경기77바2447 3 44 234001609 234000372 89 
2021-01-01T01:06:46 0 0 경기77바2048 3 43 234001609 123000016 71 
2021-01-01T01:06:46 0 0 경기77바2092 3 44 234001609 123000015 54 
2021-01-01T01:07:45 0 0 경기77바2048 3 42 234001609 204000113 72 
2021-01-01T01:07:45 2 0 경기77바2447 3 44 234001609 234000372 89 
2021-01-01T01:07:45 0 0 경기77바2092 3 43 234001609 123000013 55 
2021-01-01T01:08:45 0 0 경기77바2048 3 42 234001609 204000113 72 
2021-01-01T01:08:45 2 0 경기77바2447 3 44 234001609 234000372 89 
2021-01-01T01:08:45 0 0 경기77바2092 3 44 234001609 123000013 55 
2021-01-01T01:09:44 2 0 경기77바2447 3 44 234001609 234000269 90 
2021-01-01T01:09:44 0 0 경기77바2048 3 43 234001609 204000111 74 
2021-01-01T01:09:44 0 0 경기77바2092 3 44 234001609 123000013 55 
2021-01-01T01:10:44 0 0 경기77바2048 3 43 234001609 204000110 75 
2021-01-01T01:10:44 2 0 경기77바2447 3 44 234001609 234000267 92 
2021-01-01T01:10:44 0 0 경기77바2092 3 44 234001609 123000013 55 
2021-01-01T01:11:43 2 0 경기77바2447 3 44 234001609 234000271 94 
2021-01-01T01:11:43 0 0 경기77바2048 3 44 234001609 204000110 75 
2021-01-01T01:11:43 0 0 경기77바2092 3 44 234001609 123000011 56 
2021-01-01T01:12:42 2 0 경기77바2447 3 44 234001609 234000271 94 
2021-01-01T01:12:42 0 0 경기77바2048 3 44 234001609 204000023 76 
2021-01-01T01:12:42 0 0 경기77바2092 3 44 234001609 123000011 56 
2021-01-01T01:13:41 0 0 경기77바2048 3 44 234001609 204000023 76 
2021-01-01T01:13:41 2 0 경기77바2447 3 44 234001609 234000270 95 
2021-01-01T01:13:41 0 0 경기77바2092 3 44 234001609 123000009 57 
2021-01-01T01:14:41 0 0 경기77바2048 3 44 234001609 204000011 77 
2021-01-01T01:14:41 2 0 경기77바2447 3 43 234001609 234000270 95 
2021-01-01T01:14:41 0 0 경기77바2092 3 44 234001609 123000005 59 
2021-01-01T01:15:41 2 0 경기77바2447 3 43 234001609 234000371 96 
2021-01-01T01:15:41 0 0 경기77바2048 3 44 234001609 204000088 78 
2021-01-01T01:15:41 0 0 경기77바2092 3 44 234001609 123000005 59 
2021-01-01T01:16:41 0 0 경기77바2048 3 43 234001609 204000088 78 
2021-01-01T01:16:41 2 0 경기77바2447 3 42 234001609 234000370 97 
2021-01-01T01:16:41 0 0 경기77바2092 3 44 234001609 123000005 59 
2021-01-01T01:17:40 0 0 경기77바2048 3 43 234001609 205000207 79 
2021-01-01T01:17:40 2 0 경기77바2447 3 41 234001609 234000369 98 
2021-01-01T01:17:40 0 0 경기77바2092 3 44 234001609 123000003 60 
2021-01-01T01:18:40 0 0 경기77바2048 3 43 234001609 205000207 79 
2021-01-01T01:18:40 2 0 경기77바2447 3 41 234001609 234000368 99 
2021-01-01T01:18:40 0 0 경기77바2092 3 44 234001609 123000611 62 
2021-01-01T01:19:39 2 0 경기77바2447 3 42 234001609 234000366 100 
2021-01-01T01:19:39 0 0 경기77바2048 3 43 234001609 205000207 79 
2021-01-01T01:19:39 0 0 경기77바2092 3 44 234001609 123000611 62 
2021-01-01T01:20:39 2 0 경기77바2447 3 42 234001609 234000366 100 
2021-01-01T01:20:39 0 0 경기77바2048 3 43 234001609 205000207 79 
2021-01-01T01:20:39 0 0 경기77바2092 3 44 234001609 123000611 62 
2021-01-01T01:21:38 0 0 경기77바2048 3 43 234001609 205000207 79 
2021-01-01T01:21:38 2 0 경기77바2447 3 42 234001609 234000364 102 
2021-01-01T01:21:38 0 0 경기77바2092 3 44 234001609 123000611 62 
2021-01-01T01:22:37 2 0 경기77바2447 3 42 234001609 234000363 103 
2021-01-01T01:22:37 0 0 경기77바2048 3 43 234001609 205000073 80 
2021-01-01T01:22:37 0 0 경기77바2092 3 44 234001609 123000611 62 
2021-01-01T01:23:37 2 0 경기77바2447 3 42 234001609 234000363 103 
2021-01-01T01:23:37 0 0 경기77바2048 3 43 234001609 205000073 80 
2021-01-01T01:23:37 0 0 경기77바2092 3 44 234001609 123000611 62 
2021-01-01T01:24:42 2 0 경기77바2447 3 43 234001609 234000361 105 
2021-01-01T01:24:42 0 0 경기77바2048 3 43 234001609 205000267 82 
2021-01-01T01:24:42 0 0 경기77바2092 3 44 234001609 123000611 62 
2021-01-01T01:25:35 0 0 경기77바2048 3 43 234001609 205000267 82 
2021-01-01T01:25:35 2 0 경기77바2447 3 44 234001609 234000360 106 
2021-01-01T01:25:35 0 0 경기77바2092 3 45 234001609 277102843 63 
2021-01-01T01:26:42 0 0 경기77바2048 3 43 234001609 205000267 82 
2021-01-01T01:26:42 2 0 경기77바2447 3 44 234001609 234000359 107 
2021-01-01T01:26:42 0 0 경기77바2092 3 45 234001609 277102843 63 
2021-01-01T01:27:35 2 0 경기77바2447 3 45 234001609 234000358 108 
2021-01-01T01:27:35 0 0 경기77바2048 3 44 234001609 234001168 84 
2021-01-01T01:27:35 0 0 경기77바2092 3 45 234001609 277102843 63 
2021-01-01T01:28:35 2 0 경기77바2447 3 45 234001609 234000358 108 
2021-01-01T01:28:35 0 0 경기77바2048 3 44 234001609 234000065 85 
2021-01-01T01:28:35 0 0 경기77바2092 3 45 234001609 123000006 66 
2021-01-01T01:29:34 0 0 경기77바2048 3 44 234001609 234000065 85 
2021-01-01T01:29:34 2 0 경기77바2447 3 45 234001609 234001005 109 
2021-01-01T01:29:34 0 0 경기77바2092 3 45 234001609 123000006 66 
2021-01-01T01:30:34 2 0 경기77바2447 3 45 234001609 234000356 111 
2021-01-01T01:30:34 0 0 경기77바2048 3 44 234001609 234000438 87 
2021-01-01T01:30:34 0 0 경기77바2092 3 45 234001609 123000006 66 
2021-01-01T01:31:34 2 0 경기77바2447 3 45 234001609 234000355 112 
2021-01-01T01:31:34 0 0 경기77바2048 3 44 234001609 234000437 88 
2021-01-01T01:31:34 0 0 경기77바2092 3 45 234001609 123000008 67 
2021-01-01T01:32:33 0 0 경기77바2048 3 44 234001609 234000372 89 
2021-01-01T01:32:33 2 0 경기77바2447 3 45 234001609 234001061 113 
2021-01-01T01:32:33 0 0 경기77바2092 3 45 234001609 123000010 68 
2021-01-01T01:33:33 2 0 경기77바2447 3 45 234001609 234001061 113 
2021-01-01T01:33:33 0 0 경기77바2048 3 44 234001609 234000372 89 
2021-01-01T01:33:33 0 0 경기77바2092 3 44 234001609 123000010 68 
2021-01-01T01:34:35 0 0 경기77바2048 3 44 234001609 234000372 89 
2021-01-01T01:34:35 2 0 경기77바2447 3 45 234001609 234000354 114 
2021-01-01T01:34:35 0 0 경기77바2092 3 44 234001609 123000012 69 
2021-01-01T01:35:32 2 0 경기77바2447 3 45 234001609 234000352 116 
2021-01-01T01:35:32 0 0 경기77바2048 3 44 234001609 234000372 89 
2021-01-01T01:35:32 0 0 경기77바2092 3 44 234001609 123000012 69 
2021-01-01T01:36:32 2 0 경기77바2447 3 45 234001609 234000351 117 
2021-01-01T01:36:32 0 0 경기77바2048 3 44 234001609 234000372 89 
2021-01-01T01:36:32 0 0 경기77바2092 3 44 234001609 123000014 70 
2021-01-01T01:37:32 2 0 경기77바2447 3 45 234001609 234000350 118 
2021-01-01T01:37:32 0 0 경기77바2048 3 44 234001609 234000269 90 
2021-01-01T01:37:32 0 0 경기77바2092 3 44 234001609 123000016 71 
2021-01-01T01:38:31 0 0 경기77바2048 3 44 234001609 234000268 91 
2021-01-01T01:38:31 0 0 경기77바2092 3 44 234001609 123000016 71 
2021-01-01T01:39:31 0 0 경기77바2048 3 44 234001609 234000251 93 
2021-01-01T01:39:31 0 0 경기77바2092 3 42 234001609 123000016 71 
2021-01-01T01:40:31 0 0 경기77바2048 3 44 234001609 234000271 94 
2021-01-01T01:40:31 0 0 경기77바2092 3 42 234001609 123000016 71 
2021-01-01T01:41:35 0 0 경기77바2048 3 44 234001609 234000270 95 
2021-01-01T01:41:35 0 0 경기77바2092 3 42 234001609 123000016 71 
2021-01-01T01:42:29 0 0 경기77바2048 3 44 234001609 234000270 95 
2021-01-01T01:42:29 0 0 경기77바2092 3 42 234001609 204000113 72 
2021-01-01T01:43:29 0 0 경기77바2048 3 44 234001609 234000371 96 
2021-01-01T01:43:29 0 0 경기77바2092 3 42 234001609 204000112 73 
2021-01-01T01:44:29 0 0 경기77바2048 3 44 234001609 234000370 97 
2021-01-01T01:44:29 0 0 경기77바2092 3 42 234001609 204000112 73 
2021-01-01T01:45:28 0 0 경기77바2048 3 44 234001609 234000369 98 
2021-01-01T01:45:28 0 0 경기77바2092 3 42 234001609 204000111 74 
2021-01-01T01:46:28 0 0 경기77바2048 3 44 234001609 234000368 99 
2021-01-01T01:46:28 0 0 경기77바2092 3 42 234001609 204000110 75 
2021-01-01T01:47:27 0 0 경기77바2048 3 44 234001609 234000366 100 
2021-01-01T01:47:27 0 0 경기77바2092 3 42 234001609 204000023 76 
2021-01-01T01:48:26 0 0 경기77바2048 3 44 234001609 234000366 100 
2021-01-01T01:48:26 0 0 경기77바2092 3 43 234001609 204000023 76 
2021-01-01T01:49:25 0 0 경기77바2048 3 44 234001609 234000365 101 
2021-01-01T01:49:25 0 0 경기77바2092 3 43 234001609 204000023 76 
2021-01-01T01:50:24 0 0 경기77바2048 3 44 234001609 234000363 103 
2021-01-01T01:50:24 0 0 경기77바2092 3 43 234001609 204000011 77 
2021-01-01T01:51:23 0 0 경기77바2048 3 44 234001609 234000363 103 
2021-01-01T01:51:23 0 0 경기77바2092 3 43 234001609 204000011 77 
2021-01-01T01:52:23 0 0 경기77바2048 3 44 234001609 234000363 103 
2021-01-01T01:52:23 0 0 경기77바2092 3 43 234001609 204000088 78 
2021-01-01T01:53:23 0 0 경기77바2048 3 44 234001609 234000360 106 
2021-01-01T01:53:23 0 0 경기77바2092 3 43 234001609 204000088 78 
2021-01-01T01:54:23 0 0 경기77바2048 3 44 234001609 234000360 106 
2021-01-01T01:54:23 0 0 경기77바2092 3 43 234001609 204000088 78 
2021-01-01T01:55:23 0 0 경기77바2048 3 44 234001609 234000358 108 
2021-01-01T01:55:23 0 0 경기77바2092 3 44 234001609 205000207 79 
2021-01-01T01:56:23 0 0 경기77바2048 3 44 234001609 234000358 108 
2021-01-01T01:56:23 0 0 경기77바2092 3 44 234001609 205000207 79 
2021-01-01T01:57:23 0 0 경기77바2048 3 44 234001609 234000357 110 
2021-01-01T01:57:23 0 0 경기77바2092 3 44 234001609 205000207 79 
2021-01-01T01:58:23 0 0 경기77바2048 3 44 234001609 234000357 110 
2021-01-01T01:58:23 0 0 경기77바2092 3 44 234001609 205000207 79 
2021-01-01T01:59:23 0 0 경기77바2048 3 45 234001609 234000357 110 
2021-01-01T01:59:23 0 0 경기77바2092 3 44 234001609 205000073 80 
2021-01-01T02:00:23 0 0 경기77바2048 3 45 234001609 234000356 111 
2021-01-01T02:00:23 0 0 경기77바2092 3 44 234001609 205000073 80 
2021-01-01T02:01:23 0 0 경기77바2048 3 45 234001609 234000355 112 
2021-01-01T02:01:23 0 0 경기77바2092 3 44 234001609 205000267 82 
2021-01-01T02:02:23 0 0 경기77바2048 3 45 234001609 234001061 113 
2021-01-01T02:02:23 0 0 경기77바2092 3 44 234001609 205000267 82 
2021-01-01T02:03:22 0 0 경기77바2048 3 45 234001609 234000354 114 
2021-01-01T02:03:22 0 0 경기77바2092 3 44 234001609 205000267 82 
2021-01-01T02:04:22 0 0 경기77바2048 3 45 234001609 234000352 116 
2021-01-01T02:04:22 0 0 경기77바2092 3 44 234001609 234001168 84 
2021-01-01T02:05:22 0 0 경기77바2048 3 45 234001609 234000351 117 
2021-01-01T02:05:22 0 0 경기77바2092 3 43 234001609 234000065 85 
2021-01-01T02:06:22 0 0 경기77바2048 3 45 234001609 234000350 118 
2021-01-01T02:06:22 0 0 경기77바2092 3 43 234001609 234000065 85 
2021-01-01T02:07:22 0 0 경기77바2048 3 45 234001609 234000350 118 
2021-01-01T02:07:22 0 0 경기77바2092 3 43 234001609 234000438 87 
2021-01-01T02:08:22 0 0 경기77바2048 3 45 234001609 234000350 118 
2021-01-01T02:08:22 0 0 경기77바2092 3 43 234001609 234000437 88 
2021-01-01T02:09:22 0 0 경기77바2092 3 43 234001609 234000372 89 
2021-01-01T02:10:22 0 0 경기77바2092 3 43 234001609 234000372 89 
2021-01-01T02:11:21 0 0 경기77바2092 3 43 234001609 234000372 89 
2021-01-01T02:12:21 0 0 경기77바2092 3 43 234001609 234000372 89 
2021-01-01T02:13:21 0 0 경기77바2092 3 43 234001609 234000269 90 
2021-01-01T02:14:21 0 0 경기77바2092 3 43 234001609 234000268 91 
2021-01-01T02:15:20 0 0 경기77바2092 3 44 234001609 234000267 92 
2021-01-01T02:16:20 0 0 경기77바2092 3 44 234001609 234000271 94 
2021-01-01T02:17:20 0 0 경기77바2092 3 44 234001609 234000271 94 
2021-01-01T02:18:20 0 0 경기77바2092 3 43 234001609 234000270 95 
2021-01-01T02:19:19 0 0 경기77바2092 3 43 234001609 234000270 95 
2021-01-01T02:20:19 0 0 경기77바2092 3 43 234001609 234000371 96 
2021-01-01T02:21:18 0 0 경기77바2092 3 43 234001609 234000370 97 
2021-01-01T02:22:18 0 0 경기77바2092 3 43 234001609 234000369 98 
2021-01-01T02:23:18 0 0 경기77바2092 3 43 234001609 234000368 99 
2021-01-01T02:24:17 0 0 경기77바2092 3 43 234001609 234000366 100 
2021-01-01T02:25:17 0 0 경기77바2092 3 43 234001609 234000366 100 
2021-01-01T02:26:16 0 0 경기77바2092 3 43 234001609 234000365 101 
2021-01-01T02:27:16 0 0 경기77바2092 3 44 234001609 234000363 103 
2021-01-01T02:28:16 0 0 경기77바2092 3 44 234001609 234000363 103 
2021-01-01T02:29:15 0 0 경기77바2092 3 43 234001609 234000362 104 
2021-01-01T02:30:15 0 0 경기77바2092 3 43 234001609 234000360 106 
2021-01-01T02:31:15 0 0 경기77바2092 3 43 234001609 234000360 106 
2021-01-01T02:32:14 0 0 경기77바2092 3 44 234001609 234000358 108 
2021-01-01T02:33:14 0 0 경기77바2092 3 44 234001609 234000358 108 
2021-01-01T02:34:13 0 0 경기77바2092 3 45 234001609 234001005 109 
2021-01-01T02:35:13 0 0 경기77바2092 3 45 234001609 234000357 110 
2021-01-01T02:36:12 0 0 경기77바2092 3 45 234001609 234000356 111 
2021-01-01T02:37:12 0 0 경기77바2092 3 45 234001609 234000355 112 
2021-01-01T02:38:11 0 0 경기77바2092 3 45 234001609 234001061 113 
2021-01-01T02:39:11 0 0 경기77바2092 3 45 234001609 234000354 114 
2021-01-01T02:40:10 0 0 경기77바2092 3 45 234001609 234000353 115 
2021-01-01T02:41:10 0 0 경기77바2092 3 45 234001609 234000352 116 
2021-01-01T02:42:09 0 0 경기77바2092 3 45 234001609 234000352 116 
2021-01-01T02:43:08 0 0 경기77바2092 3 45 234001609 234000350 118 
2021-01-01T02:44:07 0 0 경기77바2092 3 45 234001609 234000350 118 
