232000081 2020-12-30T22:20:55.064054+09:00
2020-12-31T06:26:55 0 0 경기79바1752 4 73 232000081 232000704 3 
2020-12-31T06:27:55 0 0 경기79바1752 4 73 232000081 232000704 3 
2020-12-31T06:28:55 0 0 경기79바1752 4 71 232000081 232000704 3 
2020-12-31T06:29:54 0 0 경기79바1752 4 71 232000081 232000704 3 
2020-12-31T06:30:54 0 0 경기79바1752 4 71 232000081 232000725 4 
2020-12-31T06:31:53 0 0 경기79바1752 4 71 232000081 232000725 4 
2020-12-31T06:32:52 0 0 경기79바1752 4 71 232000081 232000707 5 
2020-12-31T06:33:52 0 0 경기79바1752 4 71 232000081 232000707 5 
2020-12-31T06:34:51 0 0 경기79바1752 4 71 232000081 232000707 5 
2020-12-31T06:35:51 0 0 경기79바1752 4 71 232000081 277102614 6 
2020-12-31T06:36:51 0 0 경기79바1752 4 70 232000081 232000741 7 
2020-12-31T06:37:50 0 0 경기79바1752 4 70 232000081 232000777 8 
2020-12-31T06:38:50 0 0 경기79바1752 4 70 232000081 232000777 8 
2020-12-31T06:39:50 0 0 경기79바1752 4 70 232000081 232000777 8 
2020-12-31T06:40:50 0 0 경기79바1752 4 70 232000081 232000777 8 
2020-12-31T06:41:49 0 0 경기79바1752 4 70 232000081 232000777 8 
2020-12-31T06:42:48 0 0 경기79바1752 4 69 232000081 232000545 9 
2020-12-31T06:43:48 0 0 경기79바1752 4 69 232000081 232000545 9 
2020-12-31T06:44:48 0 0 경기79바1752 4 69 232000081 232000549 10 
2020-12-31T06:45:48 0 0 경기79바1752 4 69 232000081 232000549 10 
2020-12-31T06:46:47 0 0 경기79바1752 4 69 232000081 232000553 11 
2020-12-31T06:47:46 0 0 경기79바1752 4 64 232000081 232000553 11 
2020-12-31T06:48:46 0 0 경기79바1752 4 64 232000081 232000553 11 
2020-12-31T06:49:46 0 0 경기79바1752 4 64 232000081 232000553 11 
2020-12-31T06:50:46 0 0 경기79바1752 4 64 232000081 232000553 11 
2020-12-31T06:51:45 0 0 경기79바1752 4 63 232000081 232000543 12 
2020-12-31T06:52:45 0 0 경기79바1752 4 63 232000081 232000543 12 
2020-12-31T06:53:45 0 0 경기79바1752 4 63 232000081 232000543 12 
2020-12-31T06:54:45 0 0 경기79바1752 4 63 232000081 232000758 13 
2020-12-31T06:55:45 0 0 경기79바1752 4 57 232000081 232000758 13 
2020-12-31T06:56:45 0 0 경기79바1752 4 57 232000081 232000758 13 
2020-12-31T06:57:44 0 0 경기79바1752 4 57 232000081 232000727 14 
2020-12-31T06:58:43 0 0 경기79바1752 4 51 232000081 232000727 14 
2020-12-31T06:59:42 0 0 경기79바1752 4 51 232000081 232000727 14 
2020-12-31T07:00:41 0 0 경기79바1752 4 51 232000081 277102331 15 
2020-12-31T07:01:41 0 0 경기79바1752 4 51 232000081 277102331 15 
2020-12-31T07:02:40 0 0 경기79바1752 4 51 232000081 277102735 16 
2020-12-31T07:03:39 0 0 경기79바1752 4 51 232000081 277102735 16 
2020-12-31T07:04:39 0 0 경기79바1752 4 51 232000081 277102735 16 
2020-12-31T07:05:38 0 0 경기79바1752 4 51 232000081 277102735 16 
2020-12-31T07:06:37 0 0 경기79바1752 4 51 232000081 277102735 16 
2020-12-31T07:07:37 0 0 경기79바1752 4 51 232000081 277102737 17 
2020-12-31T07:08:36 0 0 경기79바1752 4 51 232000081 277102737 17 
2020-12-31T07:09:35 0 0 경기79바1752 4 51 232000081 277102737 17 
2020-12-31T07:10:35 0 0 경기79바1752 4 51 232000081 277101769 18 
2020-12-31T07:11:35 0 0 경기79바1752 4 51 232000081 277101769 18 
2020-12-31T07:12:35 0 0 경기79바1752 4 51 232000081 277101769 18 
2020-12-31T07:13:34 0 0 경기79바1752 4 51 232000081 277101769 18 
2020-12-31T07:14:34 0 0 경기79바1752 4 51 232000081 277103403 19 
2020-12-31T07:15:34 0 0 경기79바1752 4 51 232000081 277103403 19 
2020-12-31T07:16:33 0 0 경기79바1752 4 51 232000081 277103403 19 
2020-12-31T07:17:33 0 0 경기79바1752 4 51 232000081 277103403 19 
2020-12-31T07:18:32 0 0 경기79바1752 4 51 232000081 277103404 20 
2020-12-31T07:19:31 0 0 경기79바1752 4 51 232000081 277103404 20 
2020-12-31T07:20:31 0 0 경기79바1752 4 51 232000081 277103406 21 
2020-12-31T07:21:30 0 0 경기79바1752 4 51 232000081 277103410 22 
2020-12-31T07:22:30 0 0 경기79바1752 4 51 232000081 277102324 23 
2020-12-31T07:23:29 0 0 경기79바1752 4 51 232000081 277102324 23 
2020-12-31T07:24:28 0 0 경기79바1752 4 51 232000081 277103895 24 
2020-12-31T07:25:28 0 0 경기79바1752 4 51 232000081 277103895 24 
2020-12-31T07:26:27 0 0 경기79바1752 4 51 232000081 277103895 24 
2020-12-31T07:27:26 0 0 경기79바1752 4 51 232000081 277103895 24 
2020-12-31T07:28:26 0 0 경기79바1752 4 51 232000081 119000033 25 
2020-12-31T07:29:25 0 0 경기79바1752 4 51 232000081 119000033 25 
2020-12-31T07:30:24 0 0 경기79바1752 4 51 232000081 119000033 25 
2020-12-31T07:31:23 0 0 경기79바1752 4 51 232000081 119000033 25 
2020-12-31T07:32:23 0 0 경기79바1752 4 52 232000081 119000040 26 
2020-12-31T07:33:22 0 0 경기79바1752 4 52 232000081 119000040 26 
2020-12-31T07:34:22 0 0 경기79바1752 4 52 232000081 119000040 26 
2020-12-31T07:35:22 0 0 경기79바1752 4 52 232000081 119000040 26 
2020-12-31T07:36:22 0 0 경기79바1752 4 52 232000081 119000040 26 
2020-12-31T07:37:22 0 0 경기79바1752 4 52 232000081 119000040 26 
2020-12-31T07:38:21 0 0 경기79바1752 4 52 232000081 121000020 27 
2020-12-31T07:39:21 0 0 경기79바1752 4 58 232000081 121000020 27 
2020-12-31T07:40:21 0 0 경기79바1752 4 58 232000081 121000018 28 
2020-12-31T07:41:21 0 0 경기79바1752 4 58 232000081 121000018 28 
2020-12-31T07:42:21 0 0 경기79바1752 4 60 232000081 121000018 28 
2020-12-31T07:43:20 0 0 경기79바1752 4 60 232000081 121000018 28 
2020-12-31T07:44:19 0 0 경기79바1752 4 60 232000081 121000018 28 
2020-12-31T07:45:19 0 0 경기79바1752 4 60 232000081 121000018 28 
2020-12-31T07:46:18 0 0 경기79바1752 4 60 232000081 121000013 29 
2020-12-31T07:47:17 0 0 경기79바1752 4 60 232000081 121000013 29 
2020-12-31T07:48:16 0 0 경기79바1752 4 60 232000081 121000011 30 
2020-12-31T07:49:15 0 0 경기79바1752 4 61 232000081 121000011 30 
2020-12-31T07:50:14 0 0 경기79바1752 4 61 232000081 121000011 30 
2020-12-31T07:51:14 0 0 경기79바1752 4 61 232000081 121000009 31 
2020-12-31T07:52:13 0 0 경기79바1752 4 72 232000081 121000009 31 
2020-12-31T07:53:12 0 0 경기79바1752 4 72 232000081 121000009 31 
2020-12-31T07:54:12 0 0 경기79바1752 4 72 232000081 121000009 31 
2020-12-31T07:55:11 0 0 경기79바1752 4 72 232000081 121000009 31 
2020-12-31T07:56:10 0 0 경기79바1752 4 72 232000081 121000009 31 
2020-12-31T07:57:10 0 0 경기79바1752 4 72 232000081 121000009 31 
2020-12-31T07:58:09 0 0 경기79바1752 4 72 232000081 121000009 31 
2020-12-31T07:59:08 0 0 경기79바1752 4 72 232000081 121000009 31 
2020-12-31T08:00:08 0 0 경기79바1752 4 73 232000081 277101860 32 
2020-12-31T08:01:07 0 0 경기79바1752 4 73 232000081 277104255 33 
2020-12-31T08:02:06 0 0 경기79바1752 4 73 232000081 277101752 34 
2020-12-31T08:03:06 0 0 경기79바1752 4 73 232000081 277104253 35 
2020-12-31T08:04:05 0 0 경기79바1752 4 73 232000081 277104253 35 
2020-12-31T08:05:04 0 0 경기79바1752 4 73 232000081 277104254 36 
2020-12-31T08:06:04 0 0 경기79바1752 4 73 232000081 277101873 37 
2020-12-31T08:07:04 0 0 경기79바1752 4 73 232000081 277101873 37 
2020-12-31T08:08:03 0 0 경기79바1752 4 73 232000081 277101873 37 
2020-12-31T08:09:02 0 0 경기79바1752 4 73 232000081 277101873 37 
2020-12-31T08:10:03 0 0 경기79바1752 4 73 232000081 122000614 38 
2020-12-31T08:11:02 0 0 경기79바1752 4 73 232000081 122000614 38 
2020-12-31T08:12:01 0 0 경기79바1752 4 73 232000081 122000614 38 
2020-12-31T08:13:01 0 0 경기79바1752 4 73 232000081 122000614 38 
2020-12-31T08:14:00 0 0 경기79바1752 4 73 232000081 122000614 38 
2020-12-31T08:15:00 0 0 경기79바1752 4 73 232000081 122000654 39 
2020-12-31T08:15:59 0 0 경기79바1752 4 73 232000081 122000654 39 
2020-12-31T08:16:58 0 0 경기79바1752 4 73 232000081 122000654 39 
2020-12-31T08:17:57 0 0 경기79바1752 4 73 232000081 121000014 40 
2020-12-31T08:18:57 0 0 경기79바1752 4 73 232000081 121000014 40 
2020-12-31T08:19:56 0 0 경기79바1752 4 73 232000081 121000014 40 
2020-12-31T08:20:56 0 0 경기79바1752 4 73 232000081 121000014 40 
2020-12-31T08:21:55 0 0 경기79바1752 4 73 232000081 121000017 41 
2020-12-31T08:22:54 0 0 경기79바1752 4 73 232000081 121000017 41 
2020-12-31T08:23:54 0 0 경기79바1752 4 73 232000081 121000019 42 
2020-12-31T08:24:53 0 0 경기79바1752 4 72 232000081 121000019 42 
2020-12-31T08:25:52 0 0 경기79바1752 4 72 232000081 121000019 42 
2020-12-31T08:26:51 0 0 경기79바1752 4 72 232000081 121000019 42 
2020-12-31T08:27:51 0 0 경기79바1752 4 72 232000081 121000019 42 
2020-12-31T08:28:50 0 0 경기79바1752 4 72 232000081 121000019 42 
2020-12-31T08:29:50 0 0 경기79바1752 4 72 232000081 121000019 42 
2020-12-31T08:30:49 0 0 경기79바1752 4 72 232000081 121000019 42 
2020-12-31T08:31:49 0 0 경기79바1752 4 72 232000081 121000019 42 
2020-12-31T08:32:48 0 0 경기79바1752 4 72 232000081 121000019 42 
2020-12-31T08:33:47 0 0 경기79바1752 4 72 232000081 121000019 42 
2020-12-31T08:34:46 0 0 경기79바1752 4 72 232000081 119000041 43 
2020-12-31T08:35:46 0 0 경기79바1752 4 72 232000081 119000041 43 
2020-12-31T08:36:45 0 0 경기79바1752 4 72 232000081 119000041 43 
2020-12-31T08:37:45 0 0 경기79바1752 4 72 232000081 119000034 44 
2020-12-31T08:38:44 0 0 경기79바1752 4 72 232000081 119000034 44 
2020-12-31T08:39:44 0 0 경기79바1752 4 72 232000081 119000034 44 
2020-12-31T08:40:43 0 0 경기79바1752 4 72 232000081 277103859 45 
2020-12-31T08:41:42 0 0 경기79바1752 4 72 232000081 277103859 45 
2020-12-31T08:42:42 0 0 경기79바1752 4 72 232000081 277103859 45 
2020-12-31T08:43:41 0 0 경기79바1752 4 72 232000081 277100138 46 
2020-12-31T08:44:40 0 0 경기79바1752 4 72 232000081 277103411 47 
2020-12-31T08:45:40 0 0 경기79바1752 4 72 232000081 277103407 48 
2020-12-31T08:46:39 0 0 경기79바1752 4 72 232000081 277103405 49 
2020-12-31T08:47:38 0 0 경기79바1752 4 72 232000081 277103405 49 
2020-12-31T08:48:37 0 0 경기79바1752 4 72 232000081 277103405 49 
2020-12-31T08:49:37 0 0 경기79바1752 4 72 232000081 277103402 50 
2020-12-31T08:50:37 0 0 경기79바1752 4 72 232000081 277103402 50 
2020-12-31T08:51:36 0 0 경기79바1752 4 72 232000081 277103402 50 
2020-12-31T08:52:36 0 0 경기79바1752 4 72 232000081 277103401 51 
2020-12-31T08:53:35 0 0 경기79바1752 4 72 232000081 277103401 51 
2020-12-31T08:54:34 0 0 경기79바1752 4 72 232000081 277103401 51 
2020-12-31T08:55:33 0 0 경기79바1752 4 72 232000081 277103401 51 
2020-12-31T08:56:33 0 0 경기79바1752 4 72 232000081 277102738 52 
2020-12-31T08:57:32 0 0 경기79바1752 4 72 232000081 277102738 52 
2020-12-31T08:58:31 0 0 경기79바1752 4 72 232000081 277102738 52 
2020-12-31T08:59:31 0 0 경기79바1752 4 72 232000081 277102738 52 
2020-12-31T09:00:31 0 0 경기79바1752 4 72 232000081 277102736 53 
2020-12-31T09:01:30 0 0 경기79바1752 4 72 232000081 277102736 53 
2020-12-31T09:02:29 0 0 경기79바1752 4 72 232000081 277102736 53 
2020-12-31T09:03:29 0 0 경기79바1752 4 72 232000081 277102736 53 
2020-12-31T09:04:28 0 0 경기79바1752 4 72 232000081 277102736 53 
2020-12-31T09:05:28 0 0 경기79바1752 4 72 232000081 277102736 53 
2020-12-31T09:06:28 0 0 경기79바1752 4 72 232000081 277102736 53 
2020-12-31T09:07:27 0 0 경기79바1752 4 72 232000081 277102736 53 
2020-12-31T09:08:27 0 0 경기79바1752 4 72 232000081 232000759 55 
2020-12-31T09:09:26 0 0 경기79바1752 4 72 232000081 232000544 56 
2020-12-31T09:10:25 0 0 경기79바1752 4 72 232000081 232000544 56 
2020-12-31T09:11:24 0 0 경기79바1752 4 72 232000081 232000544 56 
2020-12-31T09:12:23 0 0 경기79바1752 4 72 232000081 232000550 58 
2020-12-31T09:13:23 0 0 경기79바1752 4 73 232000081 232000550 58 
2020-12-31T09:14:23 0 0 경기79바1752 4 73 232000081 232000546 59 
2020-12-31T09:15:22 0 0 경기79바1752 4 73 232000081 232000546 59 
2020-12-31T09:16:21 0 0 경기79바1752 4 73 232000081 232000546 59 
2020-12-31T09:17:22 0 0 경기79바1752 4 73 232000081 232000781 60 
2020-12-31T09:18:22 0 0 경기79바1752 4 73 232000081 232000742 61 
2020-12-31T09:19:21 0 0 경기79바1752 4 73 232000081 232000742 61 
2020-12-31T09:20:21 0 0 경기79바1752 4 73 232000081 232000742 61 
2020-12-31T09:21:20 0 0 경기79바1752 4 73 232000081 232000742 61 
2020-12-31T09:22:19 0 0 경기79바1752 4 73 232000081 232000742 61 
2020-12-31T09:23:19 0 0 경기79바1752 4 73 232000081 232000742 61 
2020-12-31T09:24:18 0 0 경기79바1752 4 73 232000081 232000742 61 
2020-12-31T09:25:19 0 0 경기79바1752 4 73 232000081 232000742 61 
2020-12-31T09:26:18 0 0 경기79바1752 4 73 232000081 232000742 61 
2020-12-31T09:27:17 0 0 경기79바1752 4 73 232000081 232000742 61 
2020-12-31T09:28:17 0 0 경기79바1752 4 73 232000081 232000742 61 
2020-12-31T09:29:16 0 0 경기79바1752 4 73 232000081 232000742 61 
2020-12-31T09:30:15 0 0 경기79바1752 4 73 232000081 232000742 61 
2020-12-31T09:31:14 0 0 경기79바1752 4 73 232000081 232000742 61 
2020-12-31T09:32:14 0 0 경기79바1752 4 73 232000081 232000742 61 
2020-12-31T09:33:13 0 0 경기79바1752 4 73 232000081 232000742 61 
2020-12-31T12:30:49 0 0 경기79바1752 4 73 232000081 232000704 3 
2020-12-31T12:31:49 0 0 경기79바1752 4 73 232000081 232000704 3 
2020-12-31T12:32:49 0 0 경기79바1752 4 72 232000081 232000725 4 
2020-12-31T12:33:48 0 0 경기79바1752 4 72 232000081 232000725 4 
2020-12-31T12:34:47 0 0 경기79바1752 4 72 232000081 232000707 5 
2020-12-31T12:35:47 0 0 경기79바1752 4 70 232000081 232000707 5 
2020-12-31T12:36:47 0 0 경기79바1752 4 70 232000081 232000741 7 
2020-12-31T12:37:46 0 0 경기79바1752 4 70 232000081 232000777 8 
2020-12-31T12:38:46 0 0 경기79바1752 4 70 232000081 232000777 8 
2020-12-31T12:39:44 0 0 경기79바1752 4 70 232000081 232000777 8 
2020-12-31T12:40:44 0 0 경기79바1752 4 70 232000081 232000777 8 
2020-12-31T12:41:43 0 0 경기79바1752 4 70 232000081 232000777 8 
2020-12-31T12:42:44 0 0 경기79바1752 4 70 232000081 232000545 9 
2020-12-31T12:43:43 0 0 경기79바1752 4 70 232000081 232000545 9 
2020-12-31T12:44:42 0 0 경기79바1752 4 70 232000081 232000549 10 
2020-12-31T12:45:43 0 0 경기79바1752 4 70 232000081 232000549 10 
2020-12-31T12:46:42 0 0 경기79바1752 4 70 232000081 232000553 11 
2020-12-31T12:47:41 0 0 경기79바1752 4 68 232000081 232000553 11 
2020-12-31T12:48:40 0 0 경기79바1752 4 68 232000081 232000553 11 
2020-12-31T12:49:40 0 0 경기79바1752 4 68 232000081 232000553 11 
2020-12-31T12:50:40 0 0 경기79바1752 4 68 232000081 232000553 11 
2020-12-31T12:51:39 0 0 경기79바1752 4 68 232000081 232000758 13 
2020-12-31T12:52:38 0 0 경기79바1752 4 65 232000081 232000758 13 
2020-12-31T12:53:38 0 0 경기79바1752 4 65 232000081 232000758 13 
2020-12-31T12:54:38 0 0 경기79바1752 4 65 232000081 232000727 14 
2020-12-31T12:55:38 0 0 경기79바1752 4 64 232000081 232000727 14 
2020-12-31T12:56:38 0 0 경기79바1752 4 64 232000081 277102331 15 
2020-12-31T12:57:37 0 0 경기79바1752 4 64 232000081 277102331 15 
2020-12-31T12:58:37 0 0 경기79바1752 4 64 232000081 277102331 15 
2020-12-31T12:59:36 0 0 경기79바1752 4 64 232000081 277102735 16 
2020-12-31T13:00:36 0 0 경기79바1752 4 64 232000081 277102735 16 
2020-12-31T13:01:36 0 0 경기79바1752 4 64 232000081 277102735 16 
2020-12-31T13:02:36 0 0 경기79바1752 4 64 232000081 277102735 16 
2020-12-31T13:03:35 0 0 경기79바1752 4 64 232000081 277102735 16 
2020-12-31T13:04:34 0 0 경기79바1752 4 64 232000081 277102737 17 
2020-12-31T13:05:35 0 0 경기79바1752 4 64 232000081 277102737 17 
2020-12-31T13:06:33 0 0 경기79바1752 4 64 232000081 277102737 17 
2020-12-31T13:07:33 0 0 경기79바1752 4 64 232000081 277101769 18 
2020-12-31T13:08:33 0 0 경기79바1752 4 64 232000081 277101769 18 
2020-12-31T13:09:32 0 0 경기79바1752 4 64 232000081 277101769 18 
2020-12-31T13:10:31 0 0 경기79바1752 4 64 232000081 277101769 18 
2020-12-31T13:11:32 0 0 경기79바1752 4 64 232000081 277101769 18 
2020-12-31T13:12:31 0 0 경기79바1752 4 64 232000081 277103403 19 
2020-12-31T13:13:30 0 0 경기79바1752 4 64 232000081 277103403 19 
2020-12-31T13:14:29 0 0 경기79바1752 4 64 232000081 277103403 19 
2020-12-31T13:15:28 0 0 경기79바1752 4 64 232000081 277103403 19 
2020-12-31T13:16:28 0 0 경기79바1752 4 64 232000081 277103404 20 
2020-12-31T13:17:27 0 0 경기79바1752 4 64 232000081 277103404 20 
2020-12-31T13:18:27 0 0 경기79바1752 4 64 232000081 277103410 22 
2020-12-31T13:19:26 0 0 경기79바1752 4 64 232000081 277103410 22 
2020-12-31T13:20:25 0 0 경기79바1752 4 64 232000081 277102324 23 
2020-12-31T13:21:25 0 0 경기79바1752 4 64 232000081 277102324 23 
2020-12-31T13:22:24 0 0 경기79바1752 4 64 232000081 277103895 24 
2020-12-31T13:23:23 0 0 경기79바1752 4 64 232000081 277103895 24 
2020-12-31T13:24:23 0 0 경기79바1752 4 64 232000081 277103895 24 
2020-12-31T13:25:21 0 0 경기79바1752 4 64 232000081 277103895 24 
2020-12-31T13:26:22 0 0 경기79바1752 4 64 232000081 277103895 24 
2020-12-31T13:27:20 0 0 경기79바1752 4 64 232000081 119000033 25 
2020-12-31T13:28:20 0 0 경기79바1752 4 64 232000081 119000033 25 
2020-12-31T13:29:19 0 0 경기79바1752 4 64 232000081 119000033 25 
2020-12-31T13:30:19 0 0 경기79바1752 4 65 232000081 119000040 26 
2020-12-31T13:31:18 0 0 경기79바1752 4 65 232000081 119000040 26 
2020-12-31T13:32:17 0 0 경기79바1752 4 65 232000081 119000040 26 
2020-12-31T13:33:16 0 0 경기79바1752 4 65 232000081 119000040 26 
2020-12-31T13:34:16 0 0 경기79바1752 4 65 232000081 119000040 26 
2020-12-31T13:35:16 0 0 경기79바1752 4 65 232000081 119000040 26 
2020-12-31T13:36:16 0 0 경기79바1752 4 65 232000081 119000040 26 
2020-12-31T13:37:16 0 0 경기79바1752 4 65 232000081 119000040 26 
2020-12-31T13:38:15 0 0 경기79바1752 4 65 232000081 119000040 26 
2020-12-31T13:39:14 0 0 경기79바1752 4 65 232000081 119000040 26 
2020-12-31T13:40:14 0 0 경기79바1752 4 65 232000081 119000040 26 
2020-12-31T13:41:13 0 0 경기79바1752 4 65 232000081 121000020 27 
2020-12-31T13:42:13 0 0 경기79바1752 4 65 232000081 121000020 27 
2020-12-31T13:43:13 0 0 경기79바1752 4 68 232000081 121000020 27 
2020-12-31T13:44:12 0 0 경기79바1752 4 68 232000081 121000020 27 
2020-12-31T13:45:12 0 0 경기79바1752 4 68 232000081 121000018 28 
2020-12-31T13:46:11 0 0 경기79바1752 4 68 232000081 121000018 28 
2020-12-31T13:47:11 0 0 경기79바1752 4 68 232000081 121000018 28 
2020-12-31T13:48:11 0 0 경기79바1752 4 68 232000081 121000018 28 
2020-12-31T13:49:11 0 0 경기79바1752 4 68 232000081 121000018 28 
2020-12-31T13:50:10 0 0 경기79바1752 4 70 232000081 121000013 29 
2020-12-31T13:51:10 0 0 경기79바1752 4 70 232000081 121000013 29 
2020-12-31T13:52:09 0 0 경기79바1752 4 72 232000081 121000013 29 
2020-12-31T13:53:08 0 0 경기79바1752 4 72 232000081 121000011 30 
2020-12-31T13:54:08 0 0 경기79바1752 4 72 232000081 121000011 30 
2020-12-31T13:55:07 0 0 경기79바1752 4 72 232000081 121000011 30 
2020-12-31T13:56:07 0 0 경기79바1752 4 73 232000081 121000009 31 
2020-12-31T13:57:07 0 0 경기79바1752 4 73 232000081 121000009 31 
2020-12-31T13:58:06 0 0 경기79바1752 4 73 232000081 121000009 31 
2020-12-31T13:59:06 0 0 경기79바1752 4 73 232000081 121000009 31 
2020-12-31T14:00:05 0 0 경기79바1752 4 73 232000081 121000009 31 
2020-12-31T14:01:05 0 0 경기79바1752 4 73 232000081 121000009 31 
2020-12-31T14:02:04 0 0 경기79바1752 4 73 232000081 121000009 31 
2020-12-31T14:03:04 0 0 경기79바1752 4 73 232000081 121000009 31 
2020-12-31T14:04:03 0 0 경기79바1752 4 73 232000081 121000009 31 
2020-12-31T14:05:03 0 0 경기79바1752 4 73 232000081 277101860 32 
2020-12-31T14:06:02 0 0 경기79바1752 4 73 232000081 277104255 33 
2020-12-31T14:07:02 0 0 경기79바1752 4 73 232000081 277104255 33 
2020-12-31T14:08:02 0 0 경기79바1752 4 73 232000081 277104253 35 
2020-12-31T14:09:01 0 0 경기79바1752 4 73 232000081 277104253 35 
2020-12-31T14:10:01 0 0 경기79바1752 4 73 232000081 277104253 35 
2020-12-31T14:11:01 0 0 경기79바1752 4 73 232000081 277104254 36 
2020-12-31T14:12:01 0 0 경기79바1752 4 73 232000081 277101873 37 
2020-12-31T14:13:01 0 0 경기79바1752 4 73 232000081 277101873 37 
2020-12-31T14:13:59 0 0 경기79바1752 4 73 232000081 277101873 37 
2020-12-31T14:15:00 0 0 경기79바1752 4 73 232000081 277101873 37 
2020-12-31T14:15:59 0 0 경기79바1752 4 73 232000081 122000614 38 
2020-12-31T14:16:59 0 0 경기79바1752 4 71 232000081 122000614 38 
2020-12-31T14:17:59 0 0 경기79바1752 4 71 232000081 122000614 38 
2020-12-31T14:18:58 0 0 경기79바1752 4 71 232000081 122000614 38 
2020-12-31T14:19:57 0 0 경기79바1752 4 71 232000081 122000614 38 
2020-12-31T14:20:57 0 0 경기79바1752 4 71 232000081 122000654 39 
2020-12-31T14:21:56 0 0 경기79바1752 4 69 232000081 122000654 39 
2020-12-31T14:22:56 0 0 경기79바1752 4 69 232000081 122000654 39 
2020-12-31T14:23:56 0 0 경기79바1752 4 69 232000081 121000014 40 
2020-12-31T14:24:55 0 0 경기79바1752 4 68 232000081 121000014 40 
2020-12-31T14:25:54 0 0 경기79바1752 4 68 232000081 121000014 40 
2020-12-31T14:26:54 0 0 경기79바1752 4 68 232000081 121000014 40 
2020-12-31T14:27:53 0 0 경기79바1752 4 68 232000081 121000014 40 
2020-12-31T14:28:53 0 0 경기79바1752 4 68 232000081 121000014 40 
2020-12-31T14:29:52 0 0 경기79바1752 4 68 232000081 121000017 41 
2020-12-31T14:30:52 0 0 경기79바1752 4 68 232000081 121000019 42 
2020-12-31T14:31:51 0 0 경기79바1752 4 68 232000081 121000019 42 
2020-12-31T14:32:50 0 0 경기79바1752 4 61 232000081 121000019 42 
2020-12-31T14:33:50 0 0 경기79바1752 4 61 232000081 121000019 42 
2020-12-31T14:34:50 0 0 경기79바1752 4 61 232000081 121000019 42 
2020-12-31T14:35:50 0 0 경기79바1752 4 61 232000081 121000019 42 
2020-12-31T14:36:49 0 0 경기79바1752 4 61 232000081 121000019 42 
2020-12-31T14:37:49 0 0 경기79바1752 4 61 232000081 121000019 42 
2020-12-31T14:38:48 0 0 경기79바1752 4 61 232000081 121000019 42 
2020-12-31T14:39:47 0 0 경기79바1752 4 61 232000081 119000041 43 
2020-12-31T14:40:46 0 0 경기79바1752 4 61 232000081 119000041 43 
2020-12-31T14:41:46 0 0 경기79바1752 4 61 232000081 119000034 44 
2020-12-31T14:42:46 0 0 경기79바1752 4 61 232000081 119000034 44 
2020-12-31T14:43:46 0 0 경기79바1752 4 61 232000081 119000034 44 
2020-12-31T14:44:45 0 0 경기79바1752 4 61 232000081 119000034 44 
2020-12-31T14:45:44 0 0 경기79바1752 4 61 232000081 277103859 45 
2020-12-31T14:46:44 0 0 경기79바1752 4 61 232000081 277103859 45 
2020-12-31T14:47:43 0 0 경기79바1752 4 61 232000081 277103859 45 
2020-12-31T14:48:43 0 0 경기79바1752 4 61 232000081 277100138 46 
2020-12-31T14:49:43 0 0 경기79바1752 4 61 232000081 277103411 47 
2020-12-31T14:50:43 0 0 경기79바1752 4 61 232000081 277103411 47 
2020-12-31T14:51:43 0 0 경기79바1752 4 61 232000081 277103407 48 
2020-12-31T14:52:42 0 0 경기79바1752 4 61 232000081 277103405 49 
2020-12-31T14:53:42 0 0 경기79바1752 4 61 232000081 277103405 49 
2020-12-31T14:54:41 0 0 경기79바1752 4 61 232000081 277103405 49 
2020-12-31T14:55:41 0 0 경기79바1752 4 61 232000081 277103405 49 
2020-12-31T14:56:41 0 0 경기79바1752 4 61 232000081 277103405 49 
2020-12-31T14:57:40 0 0 경기79바1752 4 61 232000081 277103402 50 
2020-12-31T14:58:40 0 0 경기79바1752 4 61 232000081 277103402 50 
2020-12-31T14:59:40 0 0 경기79바1752 4 61 232000081 277103402 50 
2020-12-31T15:00:40 0 0 경기79바1752 4 61 232000081 277103402 50 
2020-12-31T15:01:39 0 0 경기79바1752 4 61 232000081 277103401 51 
2020-12-31T15:02:39 0 0 경기79바1752 4 61 232000081 277103401 51 
2020-12-31T15:03:39 0 0 경기79바1752 4 61 232000081 277103401 51 
2020-12-31T15:04:39 0 0 경기79바1752 4 61 232000081 277102738 52 
2020-12-31T15:05:39 0 0 경기79바1752 4 61 232000081 277102738 52 
2020-12-31T15:06:38 0 0 경기79바1752 4 61 232000081 277102738 52 
2020-12-31T15:07:38 0 0 경기79바1752 4 61 232000081 277102738 52 
2020-12-31T15:08:38 0 0 경기79바1752 4 61 232000081 277102738 52 
2020-12-31T15:09:38 0 0 경기79바1752 4 61 232000081 277102736 53 
2020-12-31T15:10:37 0 0 경기79바1752 4 61 232000081 277102736 53 
2020-12-31T15:11:37 0 0 경기79바1752 4 61 232000081 277102736 53 
2020-12-31T15:12:37 0 0 경기79바1752 4 61 232000081 277102736 53 
2020-12-31T15:13:37 0 0 경기79바1752 4 61 232000081 277102736 53 
2020-12-31T15:14:37 0 0 경기79바1752 4 61 232000081 277102736 53 
2020-12-31T15:15:36 0 0 경기79바1752 4 62 232000081 232000726 54 
2020-12-31T15:16:35 0 0 경기79바1752 4 62 232000081 232000726 54 
2020-12-31T15:17:34 0 0 경기79바1752 4 63 232000081 232000759 55 
2020-12-31T15:18:34 0 0 경기79바1752 4 63 232000081 232000759 55 
2020-12-31T15:19:34 0 0 경기79바1752 4 64 232000081 232000544 56 
2020-12-31T15:20:33 0 0 경기79바1752 4 64 232000081 232000544 56 
2020-12-31T15:21:33 0 0 경기79바1752 4 64 232000081 232000544 56 
2020-12-31T15:22:32 0 0 경기79바1752 4 64 232000081 232000544 56 
2020-12-31T15:23:32 0 0 경기79바1752 4 64 232000081 232000544 56 
2020-12-31T15:24:31 0 0 경기79바1752 4 66 232000081 232000554 57 
2020-12-31T15:25:31 0 0 경기79바1752 4 66 232000081 232000554 57 
2020-12-31T15:26:30 0 0 경기79바1752 4 66 232000081 232000550 58 
2020-12-31T15:27:30 0 0 경기79바1752 4 66 232000081 232000546 59 
2020-12-31T15:28:29 0 0 경기79바1752 4 66 232000081 232000546 59 
2020-12-31T15:29:29 0 0 경기79바1752 4 66 232000081 232000781 60 
2020-12-31T15:30:27 0 0 경기79바1752 4 66 232000081 232000742 61 
2020-12-31T15:31:28 0 0 경기79바1752 4 67 232000081 232000706 62 
2020-12-31T15:32:27 0 0 경기79바1752 4 67 232000081 232000724 63 
2020-12-31T15:33:27 0 0 경기79바1752 4 72 232000081 232000724 63 
2020-12-31T15:34:26 0 0 경기79바1752 4 72 232000081 232000705 64 
2020-12-31T15:35:26 0 0 경기79바1752 4 73 232000081 232000705 64 
2020-12-31T15:36:25 0 0 경기79바1752 4 73 232000081 232000705 64 
2020-12-31T15:37:25 0 0 경기79바1752 4 73 232000081 232000705 64 
2020-12-31T18:02:27 0 0 경기79바1752 4 73 232000081 232000704 3 
2020-12-31T18:03:26 0 0 경기79바1752 4 73 232000081 232000704 3 
2020-12-31T18:04:26 0 0 경기79바1752 4 73 232000081 232000704 3 
2020-12-31T18:05:25 0 0 경기79바1752 4 73 232000081 232000704 3 
2020-12-31T18:06:24 0 0 경기79바1752 4 71 232000081 232000725 4 
2020-12-31T18:07:25 0 0 경기79바1752 4 71 232000081 232000725 4 
2020-12-31T18:08:25 0 0 경기79바1752 4 71 232000081 232000707 5 
2020-12-31T18:09:24 0 0 경기79바1752 4 71 232000081 277102614 6 
2020-12-31T18:10:23 0 0 경기79바1752 4 71 232000081 232000741 7 
2020-12-31T18:11:23 0 0 경기79바1752 4 71 232000081 232000777 8 
2020-12-31T18:12:23 0 0 경기79바1752 4 71 232000081 232000777 8 
2020-12-31T18:13:22 0 0 경기79바1752 4 71 232000081 232000777 8 
2020-12-31T18:14:22 0 0 경기79바1752 4 71 232000081 232000777 8 
2020-12-31T18:15:22 0 0 경기79바1752 4 71 232000081 232000777 8 
2020-12-31T18:16:21 0 0 경기79바1752 4 70 232000081 232000545 9 
2020-12-31T18:17:21 0 0 경기79바1752 4 70 232000081 232000545 9 
2020-12-31T18:18:21 0 0 경기79바1752 4 70 232000081 232000549 10 
2020-12-31T18:19:20 0 0 경기79바1752 4 70 232000081 232000549 10 
2020-12-31T18:20:20 0 0 경기79바1752 4 70 232000081 232000553 11 
2020-12-31T18:21:20 0 0 경기79바1752 4 70 232000081 232000553 11 
2020-12-31T18:22:19 0 0 경기79바1752 4 70 232000081 232000553 11 
2020-12-31T18:23:19 0 0 경기79바1752 4 70 232000081 232000553 11 
2020-12-31T18:24:19 0 0 경기79바1752 4 70 232000081 232000543 12 
2020-12-31T18:25:19 0 0 경기79바1752 4 70 232000081 232000758 13 
2020-12-31T18:26:18 0 0 경기79바1752 4 70 232000081 232000758 13 
2020-12-31T18:27:18 0 0 경기79바1752 4 70 232000081 232000758 13 
2020-12-31T18:28:18 0 0 경기79바1752 4 70 232000081 232000727 14 
2020-12-31T18:29:17 0 0 경기79바1752 4 68 232000081 232000727 14 
2020-12-31T18:30:16 0 0 경기79바1752 4 68 232000081 232000727 14 
2020-12-31T18:31:16 0 0 경기79바1752 4 68 232000081 232000727 14 
2020-12-31T18:32:16 0 0 경기79바1752 4 68 232000081 277102331 15 
2020-12-31T18:33:15 0 0 경기79바1752 4 68 232000081 277102331 15 
2020-12-31T18:34:15 0 0 경기79바1752 4 68 232000081 277102331 15 
2020-12-31T18:35:15 0 0 경기79바1752 4 68 232000081 277102735 16 
2020-12-31T18:36:15 0 0 경기79바1752 4 68 232000081 277102735 16 
2020-12-31T18:37:14 0 0 경기79바1752 4 68 232000081 277102735 16 
2020-12-31T18:38:13 0 0 경기79바1752 4 68 232000081 277102735 16 
2020-12-31T18:39:14 0 0 경기79바1752 4 68 232000081 277102735 16 
2020-12-31T18:40:13 0 0 경기79바1752 4 68 232000081 277102737 17 
2020-12-31T18:41:13 0 0 경기79바1752 4 68 232000081 277102737 17 
2020-12-31T18:42:12 0 0 경기79바1752 4 68 232000081 277102737 17 
2020-12-31T18:43:12 0 0 경기79바1752 4 68 232000081 277102737 17 
2020-12-31T18:44:12 0 0 경기79바1752 4 68 232000081 277102737 17 
2020-12-31T18:45:12 0 0 경기79바1752 4 68 232000081 277102737 17 
2020-12-31T18:46:12 0 0 경기79바1752 4 68 232000081 277101769 18 
2020-12-31T18:47:12 0 0 경기79바1752 4 68 232000081 277101769 18 
2020-12-31T18:48:11 0 0 경기79바1752 4 68 232000081 277101769 18 
2020-12-31T18:49:12 0 0 경기79바1752 4 68 232000081 277101769 18 
2020-12-31T18:50:10 0 0 경기79바1752 4 68 232000081 277101769 18 
2020-12-31T18:51:11 0 0 경기79바1752 4 68 232000081 277101769 18 
2020-12-31T18:52:10 0 0 경기79바1752 4 68 232000081 277101769 18 
2020-12-31T18:53:10 0 0 경기79바1752 4 68 232000081 277101769 18 
2020-12-31T18:54:10 0 0 경기79바1752 4 68 232000081 277101769 18 
2020-12-31T18:55:09 0 0 경기79바1752 4 68 232000081 277103403 19 
2020-12-31T18:56:08 0 0 경기79바1752 4 68 232000081 277103403 19 
2020-12-31T18:57:08 0 0 경기79바1752 4 68 232000081 277103403 19 
2020-12-31T18:58:07 0 0 경기79바1752 4 68 232000081 277103403 19 
2020-12-31T18:59:07 0 0 경기79바1752 4 68 232000081 277103403 19 
2020-12-31T19:00:07 0 0 경기79바1752 4 68 232000081 277103403 19 
2020-12-31T19:01:06 0 0 경기79바1752 4 68 232000081 277103404 20 
2020-12-31T19:02:06 0 0 경기79바1752 4 68 232000081 277103406 21 
2020-12-31T19:03:06 0 0 경기79바1752 4 68 232000081 277103410 22 
2020-12-31T19:04:06 0 0 경기79바1752 4 68 232000081 277102324 23 
2020-12-31T19:05:05 0 0 경기79바1752 4 68 232000081 277102324 23 
2020-12-31T19:06:05 0 0 경기79바1752 4 68 232000081 277102324 23 
2020-12-31T19:07:04 0 0 경기79바1752 4 68 232000081 277102324 23 
2020-12-31T19:08:03 0 0 경기79바1752 4 68 232000081 277102324 23 
2020-12-31T19:09:03 0 0 경기79바1752 4 68 232000081 277103895 24 
2020-12-31T19:10:03 0 0 경기79바1752 4 68 232000081 277103895 24 
2020-12-31T19:11:03 0 0 경기79바1752 4 68 232000081 277103895 24 
2020-12-31T19:12:03 0 0 경기79바1752 4 68 232000081 277103895 24 
2020-12-31T19:13:03 0 0 경기79바1752 4 68 232000081 119000033 25 
2020-12-31T19:14:03 0 0 경기79바1752 4 69 232000081 119000033 25 
2020-12-31T19:15:02 0 0 경기79바1752 4 69 232000081 119000033 25 
2020-12-31T19:16:01 0 0 경기79바1752 4 69 232000081 119000040 26 
2020-12-31T19:17:01 0 0 경기79바1752 4 69 232000081 119000040 26 
2020-12-31T19:18:00 0 0 경기79바1752 4 69 232000081 119000040 26 
2020-12-31T19:19:00 0 0 경기79바1752 4 69 232000081 119000040 26 
2020-12-31T19:20:00 0 0 경기79바1752 4 69 232000081 119000040 26 
2020-12-31T19:21:00 0 0 경기79바1752 4 69 232000081 119000040 26 
2020-12-31T19:22:00 0 0 경기79바1752 4 69 232000081 119000040 26 
2020-12-31T19:22:59 0 0 경기79바1752 4 70 232000081 119000040 26 
2020-12-31T19:23:59 0 0 경기79바1752 4 71 232000081 121000020 27 
2020-12-31T19:24:59 0 0 경기79바1752 4 71 232000081 121000020 27 
2020-12-31T19:25:59 0 0 경기79바1752 4 71 232000081 121000020 27 
2020-12-31T19:26:59 0 0 경기79바1752 4 71 232000081 121000020 27 
2020-12-31T19:27:59 0 0 경기79바1752 4 71 232000081 121000020 27 
2020-12-31T19:28:58 0 0 경기79바1752 4 71 232000081 121000018 28 
2020-12-31T19:29:57 0 0 경기79바1752 4 71 232000081 121000018 28 
2020-12-31T19:30:57 0 0 경기79바1752 4 71 232000081 121000018 28 
2020-12-31T19:31:56 0 0 경기79바1752 4 71 232000081 121000018 28 
2020-12-31T19:32:56 0 0 경기79바1752 4 71 232000081 121000018 28 
2020-12-31T19:33:56 0 0 경기79바1752 4 71 232000081 121000018 28 
2020-12-31T19:34:56 0 0 경기79바1752 4 72 232000081 121000013 29 
2020-12-31T19:35:54 0 0 경기79바1752 4 72 232000081 121000013 29 
2020-12-31T19:36:54 0 0 경기79바1752 4 72 232000081 121000013 29 
2020-12-31T19:37:54 0 0 경기79바1752 4 73 232000081 121000011 30 
2020-12-31T19:38:54 0 0 경기79바1752 4 73 232000081 121000011 30 
2020-12-31T19:39:53 0 0 경기79바1752 4 73 232000081 121000011 30 
2020-12-31T19:40:54 0 0 경기79바1752 4 73 232000081 121000011 30 
2020-12-31T19:41:53 0 0 경기79바1752 4 73 232000081 121000011 30 
2020-12-31T19:42:52 0 0 경기79바1752 4 73 232000081 121000011 30 
2020-12-31T19:43:52 0 0 경기79바1752 4 73 232000081 121000009 31 
2020-12-31T19:44:52 0 0 경기79바1752 4 73 232000081 121000009 31 
2020-12-31T19:45:51 0 0 경기79바1752 4 73 232000081 121000009 31 
2020-12-31T19:46:51 0 0 경기79바1752 4 73 232000081 121000009 31 
2020-12-31T19:47:51 0 0 경기79바1752 4 73 232000081 121000009 31 
2020-12-31T19:48:51 0 0 경기79바1752 4 73 232000081 277101860 32 
2020-12-31T19:49:51 0 0 경기79바1752 4 73 232000081 277104255 33 
2020-12-31T19:50:50 0 0 경기79바1752 4 73 232000081 277101752 34 
2020-12-31T19:51:50 0 0 경기79바1752 4 73 232000081 277104253 35 
2020-12-31T19:52:49 0 0 경기79바1752 4 73 232000081 277101873 37 
2020-12-31T19:53:49 0 0 경기79바1752 4 73 232000081 277101873 37 
2020-12-31T19:54:49 0 0 경기79바1752 4 73 232000081 277101873 37 
2020-12-31T19:55:49 0 0 경기79바1752 4 73 232000081 122000614 38 
2020-12-31T19:56:49 0 0 경기79바1752 4 70 232000081 122000614 38 
2020-12-31T19:57:49 0 0 경기79바1752 4 70 232000081 122000614 38 
2020-12-31T19:58:49 0 0 경기79바1752 4 70 232000081 122000614 38 
2020-12-31T19:59:48 0 0 경기79바1752 4 67 232000081 122000654 39 
2020-12-31T20:00:48 0 0 경기79바1752 4 67 232000081 122000654 39 
2020-12-31T20:01:47 0 0 경기79바1752 4 67 232000081 121000014 40 
2020-12-31T20:02:47 0 0 경기79바1752 4 67 232000081 121000014 40 
2020-12-31T20:03:47 0 0 경기79바1752 4 66 232000081 121000014 40 
2020-12-31T20:04:46 0 0 경기79바1752 4 66 232000081 121000014 40 
2020-12-31T20:05:46 0 0 경기79바1752 4 66 232000081 121000014 40 
2020-12-31T20:06:46 0 0 경기79바1752 4 66 232000081 121000014 40 
2020-12-31T20:07:46 0 0 경기79바1752 4 66 232000081 121000017 41 
2020-12-31T20:08:45 0 0 경기79바1752 4 66 232000081 121000017 41 
2020-12-31T20:09:45 0 0 경기79바1752 4 66 232000081 121000017 41 
2020-12-31T20:10:44 0 0 경기79바1752 4 66 232000081 121000017 41 
2020-12-31T20:11:44 0 0 경기79바1752 4 66 232000081 121000019 42 
2020-12-31T20:12:44 0 0 경기79바1752 4 60 232000081 121000019 42 
2020-12-31T20:13:43 0 0 경기79바1752 4 60 232000081 121000019 42 
2020-12-31T20:14:43 0 0 경기79바1752 4 60 232000081 121000019 42 
2020-12-31T20:15:42 0 0 경기79바1752 4 60 232000081 121000019 42 
2020-12-31T20:16:42 0 0 경기79바1752 4 60 232000081 121000019 42 
2020-12-31T20:17:41 0 0 경기79바1752 4 60 232000081 121000019 42 
2020-12-31T20:18:41 0 0 경기79바1752 4 60 232000081 121000019 42 
2020-12-31T20:19:41 0 0 경기79바1752 4 60 232000081 119000041 43 
2020-12-31T20:20:41 0 0 경기79바1752 4 60 232000081 119000041 43 
2020-12-31T20:21:40 0 0 경기79바1752 4 60 232000081 119000034 44 
2020-12-31T20:22:40 0 0 경기79바1752 4 60 232000081 119000034 44 
2020-12-31T20:23:40 0 0 경기79바1752 4 60 232000081 119000034 44 
2020-12-31T20:24:40 0 0 경기79바1752 4 60 232000081 119000034 44 
2020-12-31T20:25:40 0 0 경기79바1752 4 60 232000081 277103859 45 
2020-12-31T20:26:40 0 0 경기79바1752 4 60 232000081 277103859 45 
2020-12-31T20:27:39 0 0 경기79바1752 4 60 232000081 277103859 45 
2020-12-31T20:28:39 0 0 경기79바1752 4 60 232000081 277103859 45 
2020-12-31T20:29:39 0 0 경기79바1752 4 60 232000081 277100138 46 
2020-12-31T20:30:38 0 0 경기79바1752 4 60 232000081 277100138 46 
2020-12-31T20:31:37 0 0 경기79바1752 4 60 232000081 277103411 47 
2020-12-31T20:32:37 0 0 경기79바1752 4 60 232000081 277103411 47 
2020-12-31T20:33:37 0 0 경기79바1752 4 60 232000081 277103411 47 
2020-12-31T20:34:37 0 0 경기79바1752 4 60 232000081 277103407 48 
2020-12-31T20:35:36 0 0 경기79바1752 4 60 232000081 277103407 48 
2020-12-31T20:36:36 0 0 경기79바1752 4 60 232000081 277103407 48 
2020-12-31T20:37:36 0 0 경기79바1752 4 60 232000081 277103405 49 
2020-12-31T20:38:35 0 0 경기79바1752 4 60 232000081 277103405 49 
2020-12-31T20:39:35 0 0 경기79바1752 4 60 232000081 277103405 49 
2020-12-31T20:40:35 0 0 경기79바1752 4 60 232000081 277103405 49 
2020-12-31T20:41:34 0 0 경기79바1752 4 60 232000081 277103405 49 
2020-12-31T20:42:33 0 0 경기79바1752 4 60 232000081 277103405 49 
2020-12-31T20:43:33 0 0 경기79바1752 4 60 232000081 277103402 50 
2020-12-31T20:44:33 0 0 경기79바1752 4 60 232000081 277103402 50 
2020-12-31T20:45:32 0 0 경기79바1752 4 60 232000081 277103402 50 
2020-12-31T20:46:31 0 0 경기79바1752 4 60 232000081 277103402 50 
2020-12-31T20:47:31 0 0 경기79바1752 4 60 232000081 277103401 51 
2020-12-31T20:48:30 0 0 경기79바1752 4 60 232000081 277103401 51 
2020-12-31T20:49:28 0 0 경기79바1752 4 60 232000081 277103401 51 
2020-12-31T20:50:29 0 0 경기79바1752 4 60 232000081 277102738 52 
2020-12-31T20:51:27 0 0 경기79바1752 4 60 232000081 277102738 52 
2020-12-31T20:52:27 0 0 경기79바1752 4 60 232000081 277102738 52 
2020-12-31T20:53:27 0 0 경기79바1752 4 60 232000081 277102738 52 
2020-12-31T20:54:26 0 0 경기79바1752 4 60 232000081 277102738 52 
2020-12-31T20:55:26 0 0 경기79바1752 4 60 232000081 277102736 53 
2020-12-31T20:56:26 0 0 경기79바1752 4 60 232000081 277102736 53 
2020-12-31T20:57:26 0 0 경기79바1752 4 60 232000081 277102736 53 
2020-12-31T20:58:25 0 0 경기79바1752 4 60 232000081 277102736 53 
2020-12-31T20:59:25 0 0 경기79바1752 4 60 232000081 277102736 53 
2020-12-31T21:00:23 0 0 경기79바1752 4 60 232000081 277102736 53 
2020-12-31T21:01:24 0 0 경기79바1752 4 60 232000081 277102736 53 
2020-12-31T21:02:23 0 0 경기79바1752 4 60 232000081 277102736 53 
2020-12-31T21:03:23 0 0 경기79바1752 4 60 232000081 277102736 53 
2020-12-31T21:04:23 0 0 경기79바1752 4 60 232000081 232000726 54 
2020-12-31T21:05:22 0 0 경기79바1752 4 59 232000081 232000759 55 
2020-12-31T21:06:21 0 0 경기79바1752 4 60 232000081 232000759 55 
2020-12-31T21:07:21 0 0 경기79바1752 4 60 232000081 232000759 55 
2020-12-31T21:08:21 0 0 경기79바1752 4 60 232000081 232000759 55 
2020-12-31T21:09:20 0 0 경기79바1752 4 60 232000081 232000544 56 
2020-12-31T21:10:19 0 0 경기79바1752 4 60 232000081 232000544 56 
2020-12-31T21:11:19 0 0 경기79바1752 4 60 232000081 232000544 56 
2020-12-31T21:12:19 0 0 경기79바1752 4 61 232000081 232000554 57 
2020-12-31T21:13:19 0 0 경기79바1752 4 62 232000081 232000554 57 
2020-12-31T21:14:18 0 0 경기79바1752 4 62 232000081 232000554 57 
2020-12-31T21:15:18 0 0 경기79바1752 4 62 232000081 232000550 58 
2020-12-31T21:16:17 0 0 경기79바1752 4 62 232000081 232000550 58 
2020-12-31T21:17:17 0 0 경기79바1752 4 63 232000081 232000546 59 
2020-12-31T21:18:17 0 0 경기79바1752 4 63 232000081 232000546 59 
2020-12-31T21:19:17 0 0 경기79바1752 4 63 232000081 232000546 59 
2020-12-31T21:20:16 0 0 경기79바1752 4 63 232000081 232000546 59 
2020-12-31T21:21:17 0 0 경기79바1752 4 63 232000081 232000546 59 
2020-12-31T21:22:16 0 0 경기79바1752 4 63 232000081 232000546 59 
2020-12-31T21:23:15 0 0 경기79바1752 4 64 232000081 232000781 60 
2020-12-31T21:24:15 0 0 경기79바1752 4 64 232000081 232000742 61 
2020-12-31T21:25:15 0 0 경기79바1752 4 65 232000081 232000742 61 
2020-12-31T21:26:15 0 0 경기79바1752 4 65 232000081 232000706 62 
2020-12-31T21:27:15 0 0 경기79바1752 4 65 232000081 232000706 62 
2020-12-31T21:28:14 0 0 경기79바1752 4 67 232000081 232000706 62 
2020-12-31T21:29:14 0 0 경기79바1752 4 67 232000081 232000724 63 
2020-12-31T21:30:15 0 0 경기79바1752 4 71 232000081 232000724 63 
2020-12-31T21:31:14 0 0 경기79바1752 4 71 232000081 232000724 63 
2020-12-31T21:32:12 0 0 경기79바1752 4 71 232000081 232000705 64 
2020-12-31T21:33:12 0 0 경기79바1752 4 71 232000081 232000705 64 
2020-12-31T21:34:12 0 0 경기79바1752 4 72 232000081 232000705 64 
2020-12-31T21:35:12 0 0 경기79바1752 4 72 232000081 232000705 64 
2020-12-31T21:36:12 0 0 경기79바1752 4 72 232000081 232000705 64 
2020-12-31T21:37:11 0 0 경기79바1752 4 72 232000081 232000705 64 
2020-12-31T21:38:11 0 0 경기79바1752 4 72 232000081 232000705 64 
2020-12-31T21:39:10 0 0 경기79바1752 4 72 232000081 232000705 64 
2020-12-31T21:40:09 0 0 경기79바1752 4 72 232000081 232000705 64 
2020-12-31T21:41:09 0 0 경기79바1752 4 72 232000081 232000705 64 
2020-12-31T21:42:08 0 0 경기79바1752 4 72 232000081 232000705 64 
2020-12-31T21:43:08 0 0 경기79바1752 4 72 232000081 232000705 64 
2020-12-31T21:44:08 0 0 경기79바1752 4 72 232000081 232000705 64 
2020-12-31T21:45:06 0 0 경기79바1752 4 72 232000081 232000705 64 
2020-12-31T21:46:06 0 0 경기79바1752 4 72 232000081 232000705 64 
2020-12-31T21:47:06 0 0 경기79바1752 4 72 232000081 232000705 64 
2020-12-31T21:48:06 0 0 경기79바1752 4 72 232000081 232000705 64 
2020-12-31T22:05:58 0 0 경기79바1752 4 73 232000081 277102391 2 
2020-12-31T22:06:58 0 0 경기79바1752 4 73 232000081 232000704 3 
2020-12-31T22:07:58 0 0 경기79바1752 4 73 232000081 232000725 4 
2020-12-31T22:08:57 0 0 경기79바1752 4 70 232000081 232000725 4 
2020-12-31T22:09:57 0 0 경기79바1752 4 70 232000081 232000725 4 
2020-12-31T22:10:57 0 0 경기79바1752 4 70 232000081 232000707 5 
2020-12-31T22:11:56 0 0 경기79바1752 4 70 232000081 277102614 6 
2020-12-31T22:12:56 0 0 경기79바1752 4 70 232000081 232000777 8 
2020-12-31T22:13:56 0 0 경기79바1752 4 70 232000081 232000777 8 
2020-12-31T22:14:55 0 0 경기79바1752 4 70 232000081 232000777 8 
2020-12-31T22:15:56 0 0 경기79바1752 4 70 232000081 232000777 8 
2020-12-31T22:16:55 0 0 경기79바1752 4 70 232000081 232000777 8 
2020-12-31T22:17:54 0 0 경기79바1752 4 70 232000081 232000545 9 
2020-12-31T22:18:54 0 0 경기79바1752 4 70 232000081 232000545 9 
2020-12-31T22:19:54 0 0 경기79바1752 4 70 232000081 232000545 9 
2020-12-31T22:20:54 0 0 경기79바1752 4 70 232000081 232000549 10 
2020-12-31T22:21:53 0 0 경기79바1752 4 70 232000081 232000549 10 
2020-12-31T22:22:53 0 0 경기79바1752 4 70 232000081 232000553 11 
2020-12-31T22:23:52 0 0 경기79바1752 4 70 232000081 232000543 12 
2020-12-31T22:24:52 0 0 경기79바1752 4 70 232000081 232000758 13 
2020-12-31T22:25:51 0 0 경기79바1752 4 70 232000081 232000758 13 
2020-12-31T22:26:51 0 0 경기79바1752 4 70 232000081 232000758 13 
2020-12-31T22:27:51 0 0 경기79바1752 4 70 232000081 232000727 14 
2020-12-31T22:28:50 0 0 경기79바1752 4 70 232000081 232000727 14 
2020-12-31T22:29:50 0 0 경기79바1752 4 70 232000081 232000727 14 
2020-12-31T22:30:49 0 0 경기79바1752 4 70 232000081 277102331 15 
2020-12-31T22:31:49 0 0 경기79바1752 4 70 232000081 277102331 15 
2020-12-31T22:32:48 0 0 경기79바1752 4 70 232000081 277102735 16 
2020-12-31T22:33:48 0 0 경기79바1752 4 70 232000081 277102735 16 
2020-12-31T22:34:47 0 0 경기79바1752 4 70 232000081 277102735 16 
2020-12-31T22:35:47 0 0 경기79바1752 4 70 232000081 277102735 16 
2020-12-31T22:36:46 0 0 경기79바1752 4 70 232000081 277102737 17 
2020-12-31T22:37:46 0 0 경기79바1752 4 70 232000081 277102737 17 
2020-12-31T22:38:46 0 0 경기79바1752 4 70 232000081 277102737 17 
2020-12-31T22:39:45 0 0 경기79바1752 4 70 232000081 277102737 17 
2020-12-31T22:40:45 0 0 경기79바1752 4 70 232000081 277101769 18 
2020-12-31T22:41:44 0 0 경기79바1752 4 70 232000081 277101769 18 
2020-12-31T22:42:44 0 0 경기79바1752 4 70 232000081 277101769 18 
2020-12-31T22:43:43 0 0 경기79바1752 4 70 232000081 277103403 19 
2020-12-31T22:44:43 0 0 경기79바1752 4 70 232000081 277103403 19 
2020-12-31T22:45:42 0 0 경기79바1752 4 70 232000081 277103404 20 
2020-12-31T22:46:42 0 0 경기79바1752 4 70 232000081 277103406 21 
2020-12-31T22:47:42 0 0 경기79바1752 4 70 232000081 277103410 22 
2020-12-31T22:48:42 0 0 경기79바1752 4 70 232000081 277102324 23 
2020-12-31T22:49:41 0 0 경기79바1752 4 70 232000081 277102324 23 
2020-12-31T22:50:41 0 0 경기79바1752 4 70 232000081 277103895 24 
2020-12-31T22:51:40 0 0 경기79바1752 4 70 232000081 277103895 24 
2020-12-31T22:52:40 0 0 경기79바1752 4 70 232000081 277103895 24 
2020-12-31T22:53:40 0 0 경기79바1752 4 70 232000081 119000033 25 
2020-12-31T22:54:40 0 0 경기79바1752 4 70 232000081 119000033 25 
2020-12-31T22:55:40 0 0 경기79바1752 4 70 232000081 119000040 26 
2020-12-31T22:56:39 0 0 경기79바1752 4 70 232000081 119000040 26 
2020-12-31T22:57:39 0 0 경기79바1752 4 70 232000081 119000040 26 
2020-12-31T22:58:39 0 0 경기79바1752 4 70 232000081 119000040 26 
2020-12-31T22:59:39 0 0 경기79바1752 4 70 232000081 119000040 26 
2020-12-31T23:00:38 0 0 경기79바1752 4 70 232000081 119000040 26 
2020-12-31T23:01:38 0 0 경기79바1752 4 71 232000081 119000040 26 
2020-12-31T23:02:38 0 0 경기79바1752 4 72 232000081 121000020 27 
2020-12-31T23:03:38 0 0 경기79바1752 4 72 232000081 121000020 27 
2020-12-31T23:04:37 0 0 경기79바1752 4 72 232000081 121000020 27 
2020-12-31T23:05:37 0 0 경기79바1752 4 72 232000081 121000018 28 
2020-12-31T23:06:37 0 0 경기79바1752 4 72 232000081 121000018 28 
2020-12-31T23:07:36 0 0 경기79바1752 4 73 232000081 121000013 29 
2020-12-31T23:08:36 0 0 경기79바1752 4 73 232000081 121000013 29 
2020-12-31T23:09:35 0 0 경기79바1752 4 73 232000081 121000013 29 
2020-12-31T23:10:36 0 0 경기79바1752 4 73 232000081 121000011 30 
2020-12-31T23:11:35 0 0 경기79바1752 4 73 232000081 121000011 30 
2020-12-31T23:12:35 0 0 경기79바1752 4 73 232000081 121000009 31 
2020-12-31T23:13:34 0 0 경기79바1752 4 73 232000081 121000009 31 
2020-12-31T23:14:34 0 0 경기79바1752 4 73 232000081 121000009 31 
2020-12-31T23:15:34 0 0 경기79바1752 4 73 232000081 121000009 31 
2020-12-31T23:16:33 0 0 경기79바1752 4 73 232000081 121000009 31 
2020-12-31T23:17:33 0 0 경기79바1752 4 73 232000081 121000009 31 
2020-12-31T23:18:33 0 0 경기79바1752 4 73 232000081 121000009 31 
2020-12-31T23:19:33 0 0 경기79바1752 4 72 232000081 122000614 38 
2020-12-31T23:20:33 0 0 경기79바1752 4 72 232000081 122000614 38 
2020-12-31T23:21:32 0 0 경기79바1752 4 72 232000081 122000614 38 
2020-12-31T23:22:32 0 0 경기79바1752 4 72 232000081 122000614 38 
2020-12-31T23:23:32 0 0 경기79바1752 4 72 232000081 122000654 39 
2020-12-31T23:24:32 0 0 경기79바1752 4 72 232000081 122000654 39 
2020-12-31T23:25:31 0 0 경기79바1752 4 72 232000081 121000014 40 
2020-12-31T23:26:31 0 0 경기79바1752 4 72 232000081 121000014 40 
2020-12-31T23:27:31 0 0 경기79바1752 4 72 232000081 121000014 40 
2020-12-31T23:28:31 0 0 경기79바1752 4 72 232000081 121000017 41 
2020-12-31T23:29:29 0 0 경기79바1752 4 72 232000081 121000017 41 
2020-12-31T23:30:28 0 0 경기79바1752 4 72 232000081 121000017 41 
2020-12-31T23:31:28 0 0 경기79바1752 4 71 232000081 121000019 42 
2020-12-31T23:32:27 0 0 경기79바1752 4 71 232000081 121000019 42 
2020-12-31T23:33:26 0 0 경기79바1752 4 71 232000081 121000019 42 
2020-12-31T23:34:25 0 0 경기79바1752 4 71 232000081 121000019 42 
2020-12-31T23:35:25 0 0 경기79바1752 4 71 232000081 121000019 42 
2020-12-31T23:36:25 0 0 경기79바1752 4 71 232000081 121000019 42 
2020-12-31T23:37:24 0 0 경기79바1752 4 71 232000081 121000019 42 
2020-12-31T23:38:24 0 0 경기79바1752 4 71 232000081 121000019 42 
2020-12-31T23:39:24 0 0 경기79바1752 4 71 232000081 119000041 43 
2020-12-31T23:40:23 0 0 경기79바1752 4 71 232000081 119000041 43 
2020-12-31T23:41:23 0 0 경기79바1752 4 71 232000081 119000034 44 
2020-12-31T23:42:22 0 0 경기79바1752 4 71 232000081 119000034 44 
2020-12-31T23:43:23 0 0 경기79바1752 4 71 232000081 119000034 44 
2020-12-31T23:44:22 0 0 경기79바1752 4 71 232000081 119000034 44 
2020-12-31T23:45:22 0 0 경기79바1752 4 71 232000081 277103859 45 
2020-12-31T23:46:22 0 0 경기79바1752 4 71 232000081 277103859 45 
2020-12-31T23:47:22 0 0 경기79바1752 4 71 232000081 277103859 45 
2020-12-31T23:48:20 0 0 경기79바1752 4 71 232000081 277100138 46 
2020-12-31T23:49:20 0 0 경기79바1752 4 71 232000081 277103411 47 
2020-12-31T23:50:20 0 0 경기79바1752 4 71 232000081 277103407 48 
2020-12-31T23:51:20 0 0 경기79바1752 4 71 232000081 277103405 49 
2020-12-31T23:52:19 0 0 경기79바1752 4 71 232000081 277103405 49 
2020-12-31T23:53:19 0 0 경기79바1752 4 71 232000081 277103402 50 
2020-12-31T23:54:19 0 0 경기79바1752 4 71 232000081 277103402 50 
2020-12-31T23:55:19 0 0 경기79바1752 4 71 232000081 277103402 50 
2020-12-31T23:56:18 0 0 경기79바1752 4 71 232000081 277103401 51 
2020-12-31T23:57:18 0 0 경기79바1752 4 71 232000081 277103401 51 
2020-12-31T23:58:17 0 0 경기79바1752 4 71 232000081 277103401 51 
2020-12-31T23:59:17 0 0 경기79바1752 4 71 232000081 277103401 51 
2021-01-01T00:00:16 0 0 경기79바1752 4 71 232000081 277102738 52 
2021-01-01T00:01:16 0 0 경기79바1752 4 71 232000081 277102738 52 
2021-01-01T00:02:15 0 0 경기79바1752 4 71 232000081 277102738 52 
2021-01-01T00:03:15 0 0 경기79바1752 4 71 232000081 277102738 52 
2021-01-01T00:04:15 0 0 경기79바1752 4 71 232000081 277102736 53 
2021-01-01T00:05:14 0 0 경기79바1752 4 71 232000081 277102736 53 
2021-01-01T00:06:14 0 0 경기79바1752 4 71 232000081 277102736 53 
2021-01-01T00:07:14 0 0 경기79바1752 4 71 232000081 277102736 53 
2021-01-01T00:08:13 0 0 경기79바1752 4 71 232000081 232000726 54 
2021-01-01T00:09:12 0 0 경기79바1752 4 72 232000081 232000759 55 
2021-01-01T00:10:12 0 0 경기79바1752 4 72 232000081 232000759 55 
2021-01-01T00:11:12 0 0 경기79바1752 4 72 232000081 232000759 55 
2021-01-01T00:12:11 0 0 경기79바1752 4 72 232000081 232000544 56 
2021-01-01T00:13:11 0 0 경기79바1752 4 72 232000081 232000544 56 
2021-01-01T00:14:11 0 0 경기79바1752 4 72 232000081 232000544 56 
2021-01-01T00:15:10 0 0 경기79바1752 4 73 232000081 232000554 57 
2021-01-01T00:16:10 0 0 경기79바1752 4 73 232000081 232000554 57 
2021-01-01T00:17:10 0 0 경기79바1752 4 73 232000081 232000550 58 
2021-01-01T00:18:09 0 0 경기79바1752 4 73 232000081 232000546 59 
2021-01-01T00:19:09 0 0 경기79바1752 4 73 232000081 232000546 59 
2021-01-01T00:20:09 0 0 경기79바1752 4 73 232000081 232000781 60 
2021-01-01T00:21:08 0 0 경기79바1752 4 73 232000081 232000742 61 
2021-01-01T00:22:08 0 0 경기79바1752 4 73 232000081 232000706 62 
2021-01-01T00:23:07 0 0 경기79바1752 4 73 232000081 232000705 64 
2021-01-01T00:24:07 0 0 경기79바1752 4 73 232000081 232000705 64 
2021-01-01T00:25:06 0 0 경기79바1752 4 73 232000081 232000705 64 
2021-01-01T00:26:06 0 0 경기79바1752 4 73 232000081 232000705 64 
2021-01-01T00:27:05 0 0 경기79바1752 4 73 232000081 232000705 64 
2021-01-01T00:28:04 0 0 경기79바1752 4 73 232000081 232000705 64 
2021-01-01T00:29:03 0 0 경기79바1752 4 73 232000081 232000705 64 
2021-01-01T00:30:02 0 0 경기79바1752 4 73 232000081 232000705 64 
2021-01-01T00:31:02 0 0 경기79바1752 4 73 232000081 232000705 64 
2021-01-01T00:32:01 0 0 경기79바1752 4 73 232000081 232000705 64 
2021-01-01T00:33:01 0 0 경기79바1752 4 73 232000081 232000705 64 
2021-01-01T00:34:01 0 0 경기79바1752 4 73 232000081 232000705 64 
2021-01-01T00:35:00 0 0 경기79바1752 4 73 232000081 232000705 64 
2021-01-01T00:35:59 0 0 경기79바1752 4 73 232000081 232000705 64 
2021-01-01T00:36:58 0 0 경기79바1752 4 73 232000081 232000705 64 
