232000081 2021-01-01T22:20:23.636636+09:00
2021-01-02T17:28:13 0 0 경기79바1714 4 71 232000081 232000704 1 
2021-01-02T17:29:13 0 0 경기79바1714 4 71 232000081 232000704 1 
2021-01-02T17:30:12 0 0 경기79바1714 4 70 232000081 232000725 2 
2021-01-02T17:31:12 0 0 경기79바1714 4 70 232000081 232000725 2 
2021-01-02T17:32:12 0 0 경기79바1714 4 70 232000081 232000707 3 
2021-01-02T17:33:11 0 0 경기79바1714 4 70 232000081 277102614 4 
2021-01-02T17:34:11 0 0 경기79바1714 4 70 232000081 232000741 5 
2021-01-02T17:35:10 0 0 경기79바1714 4 70 232000081 232000777 6 
2021-01-02T17:36:09 0 0 경기79바1714 4 70 232000081 232000777 6 
2021-01-02T17:37:09 0 0 경기79바1714 4 70 232000081 232000777 6 
2021-01-02T17:38:09 0 0 경기79바1714 4 70 232000081 232000777 6 
2021-01-02T17:39:08 0 0 경기79바1714 4 70 232000081 232000777 6 
2021-01-02T17:40:07 0 0 경기79바1714 4 70 232000081 232000777 6 
2021-01-02T17:41:06 0 0 경기79바1714 4 70 232000081 232000545 7 
2021-01-02T17:42:06 0 0 경기79바1714 4 70 232000081 232000545 7 
2021-01-02T17:43:06 0 0 경기79바1714 4 70 232000081 232000549 8 
2021-01-02T17:44:06 0 0 경기79바1714 4 70 232000081 232000553 9 
2021-01-02T17:45:05 0 0 경기79바1714 4 70 232000081 232000553 9 
2021-01-02T17:46:04 0 0 경기79바1714 4 70 232000081 232000553 9 
2021-01-02T17:47:04 0 0 경기79바1714 4 70 232000081 232000553 9 
2021-01-02T17:48:04 0 0 경기79바1714 4 70 232000081 232000543 10 
2021-01-02T17:49:04 0 0 경기79바1714 4 70 232000081 232000543 10 
2021-01-02T17:50:03 0 0 경기79바1714 4 70 232000081 232000543 10 
2021-01-02T17:51:03 0 0 경기79바1714 4 70 232000081 232000543 10 
2021-01-02T17:52:02 0 0 경기79바1714 4 70 232000081 232000758 11 
2021-01-02T17:53:02 0 0 경기79바1714 4 70 232000081 232000758 11 
2021-01-02T17:54:01 0 0 경기79바1714 4 70 232000081 232000758 11 
2021-01-02T17:55:01 0 0 경기79바1714 4 69 232000081 232000727 12 
2021-01-02T17:56:01 0 0 경기79바1714 4 69 232000081 232000727 12 
2021-01-02T17:57:00 0 0 경기79바1714 4 69 232000081 232000828 13 
2021-01-02T17:58:00 0 0 경기79바1714 4 69 232000081 277102331 14 
2021-01-02T17:59:00 0 0 경기79바1714 4 69 232000081 277102331 14 
2021-01-02T17:59:59 0 0 경기79바1714 4 69 232000081 277102735 15 
2021-01-02T18:00:58 0 0 경기79바1714 4 69 232000081 277102735 15 
2021-01-02T18:01:57 0 0 경기79바1714 4 69 232000081 277102735 15 
2021-01-02T18:02:57 0 0 경기79바1714 4 69 232000081 277102735 15 
2021-01-02T18:03:56 0 0 경기79바1714 4 69 232000081 277102735 15 
2021-01-02T18:04:56 0 0 경기79바1714 4 69 232000081 277102737 16 
2021-01-02T18:05:56 0 0 경기79바1714 4 69 232000081 277102737 16 
2021-01-02T18:06:55 0 0 경기79바1714 4 69 232000081 277102737 16 
2021-01-02T18:07:54 0 0 경기79바1714 4 69 232000081 277101769 17 
2021-01-02T18:08:54 0 0 경기79바1714 4 69 232000081 277101769 17 
2021-01-02T18:09:53 0 0 경기79바1714 4 69 232000081 277101769 17 
2021-01-02T18:10:52 0 0 경기79바1714 4 69 232000081 277103403 18 
2021-01-02T18:11:52 0 0 경기79바1714 4 69 232000081 277103403 18 
2021-01-02T18:12:51 0 0 경기79바1714 4 69 232000081 277103403 18 
2021-01-02T18:13:50 0 0 경기79바1714 4 69 232000081 277103404 19 
2021-01-02T18:14:50 0 0 경기79바1714 4 69 232000081 277103406 20 
2021-01-02T18:15:49 0 0 경기79바1714 4 69 232000081 277103410 21 
2021-01-02T18:16:49 0 0 경기79바1714 4 69 232000081 277102324 22 
2021-01-02T18:17:48 0 0 경기79바1714 4 69 232000081 277102324 22 
2021-01-02T18:18:48 0 0 경기79바1714 4 69 232000081 277103895 23 
2021-01-02T18:19:49 0 0 경기79바1714 4 69 232000081 277103895 23 
2021-01-02T18:20:48 0 0 경기79바1714 4 69 232000081 277103895 23 
2021-01-02T18:21:48 0 0 경기79바1714 4 70 232000081 119000033 24 
2021-01-02T18:22:47 0 0 경기79바1714 4 70 232000081 119000033 24 
2021-01-02T18:23:46 0 0 경기79바1714 4 70 232000081 119000033 24 
2021-01-02T18:24:46 0 0 경기79바1714 4 70 232000081 119000033 24 
2021-01-02T18:25:45 0 0 경기79바1714 4 70 232000081 119000040 25 
2021-01-02T18:26:44 0 0 경기79바1714 4 70 232000081 119000040 25 
2021-01-02T18:27:44 0 0 경기79바1714 4 70 232000081 119000040 25 
2021-01-02T18:28:44 0 0 경기79바1714 4 70 232000081 119000040 25 
2021-01-02T18:29:44 0 0 경기79바1714 4 70 232000081 119000040 25 
2021-01-02T18:30:43 0 0 경기79바1714 4 70 232000081 119000040 25 
2021-01-02T18:31:43 0 0 경기79바1714 4 70 232000081 119000040 25 
2021-01-02T18:32:41 0 0 경기79바1714 4 70 232000081 119000040 25 
2021-01-02T18:33:41 0 0 경기79바1714 4 70 232000081 121000020 26 
2021-01-02T18:34:41 0 0 경기79바1714 4 70 232000081 121000020 26 
2021-01-02T18:35:39 0 0 경기79바1714 4 70 232000081 121000018 27 
2021-01-02T18:36:40 0 0 경기79바1714 4 70 232000081 121000018 27 
2021-01-02T18:37:39 0 0 경기79바1714 4 71 232000081 121000018 27 
2021-01-02T18:38:39 0 0 경기79바1714 4 71 232000081 121000018 27 
2021-01-02T18:39:38 0 0 경기79바1714 4 71 232000081 121000018 27 
2021-01-02T18:40:37 0 0 경기79바1714 4 71 232000081 121000013 28 
2021-01-02T18:41:37 0 0 경기79바1714 4 71 232000081 121000013 28 
2021-01-02T18:42:36 0 0 경기79바1714 4 71 232000081 121000011 29 
2021-01-02T18:43:36 0 0 경기79바1714 4 71 232000081 121000011 29 
2021-01-02T18:44:36 0 0 경기79바1714 4 71 232000081 121000009 30 
2021-01-02T18:45:36 0 0 경기79바1714 4 71 232000081 121000009 30 
2021-01-02T18:46:35 0 0 경기79바1714 4 71 232000081 121000009 30 
2021-01-02T18:47:34 0 0 경기79바1714 4 71 232000081 121000009 30 
2021-01-02T18:48:34 0 0 경기79바1714 4 71 232000081 121000009 30 
2021-01-02T18:49:33 0 0 경기79바1714 4 71 232000081 121000009 30 
2021-01-02T18:50:32 0 0 경기79바1714 4 71 232000081 277101860 31 
2021-01-02T18:51:32 0 0 경기79바1714 4 71 232000081 277104255 32 
2021-01-02T18:52:31 0 0 경기79바1714 4 71 232000081 277101752 33 
2021-01-02T18:53:31 0 0 경기79바1714 4 71 232000081 277101752 33 
2021-01-02T18:54:31 0 0 경기79바1714 4 71 232000081 277101752 33 
2021-01-02T18:55:30 0 0 경기79바1714 4 71 232000081 277101752 33 
2021-01-02T18:56:30 0 0 경기79바1714 4 71 232000081 277101752 33 
2021-01-02T18:57:30 0 0 경기79바1714 4 71 232000081 277101752 33 
2021-01-02T18:58:29 0 0 경기79바1714 4 71 232000081 277101752 33 
2021-01-02T18:59:28 0 0 경기79바1714 4 71 232000081 277101752 33 
2021-01-02T19:00:28 0 0 경기79바1714 4 71 232000081 277101752 33 
2021-01-02T19:01:28 0 0 경기79바1714 4 71 232000081 277104253 34 
2021-01-02T19:02:27 0 0 경기79바1714 4 71 232000081 277104254 35 
2021-01-02T19:03:27 0 0 경기79바1714 4 71 232000081 277101873 36 
2021-01-02T19:04:26 0 0 경기79바1714 4 71 232000081 277101873 36 
2021-01-02T19:05:25 0 0 경기79바1714 4 71 232000081 277101873 36 
2021-01-02T19:06:24 0 0 경기79바1714 4 71 232000081 122000614 37 
2021-01-02T19:07:23 0 0 경기79바1714 4 71 232000081 122000614 37 
2021-01-02T19:08:23 0 0 경기79바1714 4 70 232000081 122000614 37 
2021-01-02T19:09:22 0 0 경기79바1714 4 70 232000081 122000614 37 
2021-01-02T19:10:22 0 0 경기79바1714 4 70 232000081 122000654 38 
2021-01-02T19:11:22 0 0 경기79바1714 4 70 232000081 122000654 38 
2021-01-02T19:12:22 0 0 경기79바1714 4 70 232000081 122000654 38 
2021-01-02T19:13:22 0 0 경기79바1714 4 70 232000081 121000014 39 
2021-01-02T19:14:21 0 0 경기79바1714 4 70 232000081 121000014 39 
2021-01-02T19:15:21 0 0 경기79바1714 4 70 232000081 121000014 39 
2021-01-02T19:16:21 0 0 경기79바1714 4 70 232000081 121000014 39 
2021-01-02T19:17:20 0 0 경기79바1714 4 70 232000081 121000017 40 
2021-01-02T19:18:20 0 0 경기79바1714 4 70 232000081 121000017 40 
2021-01-02T19:19:20 0 0 경기79바1714 4 70 232000081 121000017 40 
2021-01-02T19:20:19 0 0 경기79바1714 4 69 232000081 121000019 41 
2021-01-02T19:21:19 0 0 경기79바1714 4 69 232000081 121000019 41 
2021-01-02T19:22:19 0 0 경기79바1714 4 69 232000081 121000019 41 
2021-01-02T19:23:18 0 0 경기79바1714 4 69 232000081 121000019 41 
2021-01-02T19:24:18 0 0 경기79바1714 4 69 232000081 121000019 41 
2021-01-02T19:25:17 0 0 경기79바1714 4 69 232000081 121000019 41 
2021-01-02T19:26:17 0 0 경기79바1714 4 69 232000081 121000019 41 
2021-01-02T19:27:17 0 0 경기79바1714 4 69 232000081 119000041 42 
2021-01-02T19:28:16 0 0 경기79바1714 4 69 232000081 119000041 42 
2021-01-02T19:29:16 0 0 경기79바1714 4 69 232000081 119000041 42 
2021-01-02T19:30:16 0 0 경기79바1714 4 69 232000081 119000034 43 
2021-01-02T19:31:16 0 0 경기79바1714 4 69 232000081 119000034 43 
2021-01-02T19:32:16 0 0 경기79바1714 4 69 232000081 119000034 43 
2021-01-02T19:33:16 0 0 경기79바1714 4 69 232000081 119000034 43 
2021-01-02T19:34:15 0 0 경기79바1714 4 69 232000081 277103859 44 
2021-01-02T19:35:15 0 0 경기79바1714 4 69 232000081 277103859 44 
2021-01-02T19:36:15 0 0 경기79바1714 4 69 232000081 277100138 45 
2021-01-02T19:37:15 0 0 경기79바1714 4 69 232000081 277100138 45 
2021-01-02T19:38:14 0 0 경기79바1714 4 69 232000081 277103407 47 
2021-01-02T19:39:14 0 0 경기79바1714 4 69 232000081 277103407 47 
2021-01-02T19:40:13 0 0 경기79바1714 4 69 232000081 277103405 48 
2021-01-02T19:41:13 0 0 경기79바1714 4 69 232000081 277103405 48 
2021-01-02T19:42:12 0 0 경기79바1714 4 69 232000081 277103402 49 
2021-01-02T19:43:12 0 0 경기79바1714 4 69 232000081 277103402 49 
2021-01-02T19:44:11 0 0 경기79바1714 4 69 232000081 277103402 49 
2021-01-02T19:45:11 0 0 경기79바1714 4 69 232000081 277103402 49 
2021-01-02T19:46:11 0 0 경기79바1714 4 69 232000081 277103401 50 
2021-01-02T19:47:11 0 0 경기79바1714 4 69 232000081 277103401 50 
2021-01-02T19:48:11 0 0 경기79바1714 4 69 232000081 277103401 50 
2021-01-02T19:49:10 0 0 경기79바1714 4 69 232000081 277102738 51 
2021-01-02T19:50:10 0 0 경기79바1714 4 69 232000081 277102738 51 
2021-01-02T19:51:10 0 0 경기79바1714 4 69 232000081 277102738 51 
2021-01-02T19:52:09 0 0 경기79바1714 4 69 232000081 277102738 51 
2021-01-02T19:53:09 0 0 경기79바1714 4 69 232000081 277102736 52 
2021-01-02T19:54:09 0 0 경기79바1714 4 69 232000081 277102736 52 
2021-01-02T19:55:08 0 0 경기79바1714 4 69 232000081 277102736 52 
2021-01-02T19:56:08 0 0 경기79바1714 4 69 232000081 277102736 52 
2021-01-02T19:57:07 0 0 경기79바1714 4 69 232000081 277102736 52 
2021-01-02T19:58:07 0 0 경기79바1714 4 69 232000081 277102736 52 
2021-01-02T19:59:05 0 0 경기79바1714 4 69 232000081 232000829 53 
2021-01-02T20:00:05 0 0 경기79바1714 4 69 232000081 232000829 53 
2021-01-02T20:01:05 0 0 경기79바1714 4 69 232000081 232000829 53 
2021-01-02T20:02:05 0 0 경기79바1714 4 69 232000081 232000829 53 
2021-01-02T20:03:05 0 0 경기79바1714 4 69 232000081 232000829 53 
2021-01-02T20:04:04 0 0 경기79바1714 4 69 232000081 232000829 53 
2021-01-02T20:05:04 0 0 경기79바1714 4 69 232000081 232000726 54 
2021-01-02T20:06:03 0 0 경기79바1714 4 69 232000081 232000759 55 
2021-01-02T20:07:03 0 0 경기79바1714 4 69 232000081 232000759 55 
2021-01-02T20:08:02 0 0 경기79바1714 4 69 232000081 232000759 55 
2021-01-02T20:09:02 0 0 경기79바1714 4 69 232000081 232000544 56 
2021-01-02T20:10:01 0 0 경기79바1714 4 69 232000081 232000544 56 
2021-01-02T20:11:01 0 0 경기79바1714 4 69 232000081 232000544 56 
2021-01-02T20:12:00 0 0 경기79바1714 4 69 232000081 232000554 57 
2021-01-02T20:12:59 0 0 경기79바1714 4 69 232000081 232000554 57 
2021-01-02T20:13:59 0 0 경기79바1714 4 69 232000081 232000550 58 
2021-01-02T20:14:58 0 0 경기79바1714 4 69 232000081 232000550 58 
2021-01-02T20:15:57 0 0 경기79바1714 4 69 232000081 232000546 59 
2021-01-02T20:16:57 0 0 경기79바1714 4 69 232000081 232000546 59 
2021-01-02T20:17:56 0 0 경기79바1714 4 69 232000081 232000781 60 
2021-01-02T20:18:56 0 0 경기79바1714 4 69 232000081 232000742 61 
2021-01-02T20:19:55 0 0 경기79바1714 4 69 232000081 232000706 62 
2021-01-02T20:20:55 0 0 경기79바1714 4 69 232000081 232000706 62 
2021-01-02T20:21:55 0 0 경기79바1714 4 69 232000081 232000706 62 
2021-01-02T20:22:54 0 0 경기79바1714 4 71 232000081 232000724 63 
2021-01-02T20:23:53 0 0 경기79바1714 4 71 232000081 232000724 63 
2021-01-02T20:24:53 0 0 경기79바1714 4 71 232000081 232000724 63 
