232000081 2021-01-01T00:37:58.919223+09:00
2021-01-01T05:25:29 0 0 경기79바1752 4 71 232000081 232000727 12 
2021-01-01T05:26:29 0 0 경기79바1752 4 71 232000081 232000828 13 
2021-01-01T05:27:28 0 0 경기79바1752 4 71 232000081 277102331 14 
2021-01-01T05:28:28 0 0 경기79바1752 4 71 232000081 277102331 14 
2021-01-01T05:29:27 0 0 경기79바1752 4 71 232000081 277102735 15 
2021-01-01T05:30:27 0 0 경기79바1752 4 71 232000081 277102735 15 
2021-01-01T05:31:27 0 0 경기79바1752 4 71 232000081 277102735 15 
2021-01-01T05:32:26 0 0 경기79바1752 4 71 232000081 277102735 15 
2021-01-01T05:33:26 0 0 경기79바1752 4 71 232000081 277102737 16 
2021-01-01T05:34:26 0 0 경기79바1752 4 71 232000081 277102737 16 
2021-01-01T05:35:26 0 0 경기79바1752 4 71 232000081 277102737 16 
2021-01-01T05:36:25 0 0 경기79바1752 4 71 232000081 277102737 16 
2021-01-01T05:37:24 0 0 경기79바1752 4 71 232000081 277101769 17 
2021-01-01T05:38:24 0 0 경기79바1752 4 71 232000081 277101769 17 
2021-01-01T05:39:24 0 0 경기79바1752 4 71 232000081 277101769 17 
2021-01-01T05:40:23 0 0 경기79바1752 4 71 232000081 277103403 18 
2021-01-01T05:41:23 0 0 경기79바1752 4 71 232000081 277103403 18 
2021-01-01T05:42:23 0 0 경기79바1752 4 71 232000081 277103404 19 
2021-01-01T05:43:22 0 0 경기79바1752 4 71 232000081 277103404 19 
2021-01-01T05:44:22 0 0 경기79바1752 4 71 232000081 277103406 20 
2021-01-01T05:45:22 0 0 경기79바1752 4 71 232000081 277103410 21 
2021-01-01T05:46:21 0 0 경기79바1752 4 71 232000081 277102324 22 
2021-01-01T05:47:20 0 0 경기79바1752 4 71 232000081 277102324 22 
2021-01-01T05:48:20 0 0 경기79바1752 4 71 232000081 277103895 23 
2021-01-01T05:49:19 0 0 경기79바1752 4 71 232000081 277103895 23 
2021-01-01T05:50:18 0 0 경기79바1752 4 71 232000081 277103895 23 
2021-01-01T05:51:18 0 0 경기79바1752 4 71 232000081 277103895 23 
2021-01-01T05:52:18 0 0 경기79바1752 4 72 232000081 119000033 24 
2021-01-01T05:53:18 0 0 경기79바1752 4 72 232000081 119000033 24 
2021-01-01T05:54:18 0 0 경기79바1752 4 72 232000081 119000033 24 
2021-01-01T05:55:17 0 0 경기79바1752 4 72 232000081 119000033 24 
2021-01-01T05:56:17 0 0 경기79바1752 4 72 232000081 119000040 25 
2021-01-01T05:57:17 0 0 경기79바1752 4 72 232000081 119000040 25 
2021-01-01T05:58:16 0 0 경기79바1752 4 72 232000081 119000040 25 
2021-01-01T05:59:15 0 0 경기79바1752 4 72 232000081 119000040 25 
2021-01-01T06:00:15 0 0 경기79바1752 4 72 232000081 119000040 25 
2021-01-01T06:01:14 0 0 경기79바1752 4 73 232000081 121000020 26 
2021-01-01T06:02:14 0 0 경기79바1752 4 73 232000081 121000020 26 
2021-01-01T06:03:14 0 0 경기79바1752 4 73 232000081 121000020 26 
2021-01-01T06:04:13 0 0 경기79바1752 4 73 232000081 121000018 27 
2021-01-01T06:05:12 0 0 경기79바1752 4 73 232000081 121000018 27 
2021-01-01T06:06:12 0 0 경기79바1752 4 73 232000081 121000018 27 
2021-01-01T06:07:12 0 0 경기79바1752 4 73 232000081 121000013 28 
2021-01-01T06:08:12 0 0 경기79바1752 4 73 232000081 121000013 28 
2021-01-01T06:09:11 0 0 경기79바1752 4 73 232000081 121000013 28 
2021-01-01T06:10:11 0 0 경기79바1752 4 73 232000081 121000011 29 
2021-01-01T06:11:11 0 0 경기79바1752 4 73 232000081 121000011 29 
2021-01-01T06:12:10 0 0 경기79바1752 4 73 232000081 121000011 29 
2021-01-01T06:13:10 0 0 경기79바1752 4 73 232000081 121000009 30 
2021-01-01T06:14:10 0 0 경기79바1752 4 73 232000081 121000009 30 
2021-01-01T06:15:10 0 0 경기79바1752 4 73 232000081 121000009 30 
2021-01-01T06:16:09 0 0 경기79바1752 4 73 232000081 121000009 30 
2021-01-01T06:17:09 0 0 경기79바1752 4 73 232000081 121000009 30 
2021-01-01T06:18:09 0 0 경기79바1752 4 73 232000081 121000009 30 
2021-01-01T06:19:08 0 0 경기79바1752 4 73 232000081 277101860 31 
2021-01-01T06:20:08 0 0 경기79바1752 4 73 232000081 277101752 33 
2021-01-01T06:21:08 0 0 경기79바1752 4 73 232000081 277104253 34 
2021-01-01T06:22:08 0 0 경기79바1752 4 73 232000081 277104254 35 
2021-01-01T06:23:08 0 0 경기79바1752 4 73 232000081 277104254 35 
2021-01-01T06:24:07 0 0 경기79바1752 4 73 232000081 277101873 36 
2021-01-01T06:25:07 0 0 경기79바1752 4 73 232000081 277101873 36 
2021-01-01T06:26:06 0 0 경기79바1752 4 73 232000081 277101873 36 
2021-01-01T06:27:06 0 0 경기79바1752 4 73 232000081 277101873 36 
2021-01-01T06:28:05 0 0 경기79바1752 4 73 232000081 277101873 36 
2021-01-01T06:29:05 0 0 경기79바1752 4 73 232000081 277101873 36 
2021-01-01T06:30:05 0 0 경기79바1752 4 73 232000081 277101873 36 
2021-01-01T06:31:04 0 0 경기79바1752 4 73 232000081 277101873 36 
2021-01-01T06:32:04 0 0 경기79바1752 4 73 232000081 122000614 37 
2021-01-01T06:33:03 0 0 경기79바1752 4 72 232000081 122000614 37 
2021-01-01T06:34:03 0 0 경기79바1752 4 72 232000081 122000614 37 
2021-01-01T06:35:03 0 0 경기79바1752 4 72 232000081 122000654 38 
2021-01-01T06:36:02 0 0 경기79바1752 4 72 232000081 122000654 38 
2021-01-01T06:37:02 0 0 경기79바1752 4 72 232000081 121000014 39 
2021-01-01T06:38:01 0 0 경기79바1752 4 72 232000081 121000014 39 
2021-01-01T06:39:01 0 0 경기79바1752 4 72 232000081 121000014 39 
2021-01-01T06:40:00 0 0 경기79바1752 4 72 232000081 121000014 39 
2021-01-01T06:41:00 0 0 경기79바1752 4 72 232000081 121000017 40 
2021-01-01T06:41:59 0 0 경기79바1752 4 72 232000081 121000017 40 
2021-01-01T06:42:59 0 0 경기79바1752 4 72 232000081 121000017 40 
2021-01-01T06:43:59 0 0 경기79바1752 4 72 232000081 121000019 41 
2021-01-01T06:44:58 0 0 경기79바1752 4 72 232000081 121000019 41 
2021-01-01T06:45:57 0 0 경기79바1752 4 72 232000081 121000019 41 
2021-01-01T06:46:57 0 0 경기79바1752 4 72 232000081 121000019 41 
2021-01-01T06:47:55 0 0 경기79바1752 4 72 232000081 121000019 41 
2021-01-01T06:48:55 0 0 경기79바1752 4 72 232000081 121000019 41 
2021-01-01T06:49:55 0 0 경기79바1752 4 72 232000081 121000019 41 
2021-01-01T06:50:54 0 0 경기79바1752 4 72 232000081 121000019 41 
2021-01-01T06:51:54 0 0 경기79바1752 4 72 232000081 119000041 42 
2021-01-01T06:52:53 0 0 경기79바1752 4 72 232000081 119000041 42 
2021-01-01T06:53:53 0 0 경기79바1752 4 72 232000081 119000034 43 
2021-01-01T06:54:53 0 0 경기79바1752 4 72 232000081 119000034 43 
2021-01-01T06:55:53 0 0 경기79바1752 4 72 232000081 119000034 43 
2021-01-01T06:56:52 0 0 경기79바1752 4 72 232000081 119000034 43 
2021-01-01T06:57:51 0 0 경기79바1752 4 72 232000081 119000034 43 
2021-01-01T06:58:51 0 0 경기79바1752 4 72 232000081 277103859 44 
2021-01-01T06:59:51 0 0 경기79바1752 4 72 232000081 277103859 44 
2021-01-01T07:00:50 0 0 경기79바1752 4 72 232000081 277100138 45 
2021-01-01T07:01:49 0 0 경기79바1752 4 72 232000081 277100138 45 
2021-01-01T07:02:49 0 0 경기79바1752 4 72 232000081 277103411 46 
2021-01-01T07:03:49 0 0 경기79바1752 4 72 232000081 277103407 47 
2021-01-01T07:04:48 0 0 경기79바1752 4 72 232000081 277103405 48 
2021-01-01T07:05:48 0 0 경기79바1752 4 72 232000081 277103405 48 
2021-01-01T07:06:47 0 0 경기79바1752 4 72 232000081 277103405 48 
2021-01-01T07:07:47 0 0 경기79바1752 4 72 232000081 277103402 49 
2021-01-01T07:08:46 0 0 경기79바1752 4 72 232000081 277103402 49 
2021-01-01T07:09:45 0 0 경기79바1752 4 72 232000081 277103402 49 
2021-01-01T07:10:44 0 0 경기79바1752 4 72 232000081 277103401 50 
2021-01-01T07:11:43 0 0 경기79바1752 4 72 232000081 277103401 50 
2021-01-01T07:12:43 0 0 경기79바1752 4 72 232000081 277103401 50 
2021-01-01T07:13:43 0 0 경기79바1752 4 72 232000081 277102738 51 
2021-01-01T07:14:43 0 0 경기79바1752 4 72 232000081 277102738 51 
2021-01-01T07:15:42 0 0 경기79바1752 4 72 232000081 277102738 51 
2021-01-01T07:16:41 0 0 경기79바1752 4 72 232000081 277102738 51 
2021-01-01T07:17:41 0 0 경기79바1752 4 72 232000081 277102738 51 
2021-01-01T07:18:40 0 0 경기79바1752 4 72 232000081 277102736 52 
2021-01-01T07:19:39 0 0 경기79바1752 4 72 232000081 277102736 52 
2021-01-01T07:20:39 0 0 경기79바1752 4 72 232000081 277102736 52 
2021-01-01T07:21:39 0 0 경기79바1752 4 72 232000081 232000829 53 
2021-01-01T07:22:39 0 0 경기79바1752 4 72 232000081 232000829 53 
2021-01-01T07:23:38 0 0 경기79바1752 4 72 232000081 232000829 53 
2021-01-01T07:24:38 0 0 경기79바1752 4 72 232000081 232000829 53 
2021-01-01T07:25:37 0 0 경기79바1752 4 72 232000081 232000829 53 
2021-01-01T07:26:38 0 0 경기79바1752 4 72 232000081 232000829 53 
2021-01-01T07:27:37 0 0 경기79바1752 4 72 232000081 232000726 54 
2021-01-01T07:28:36 0 0 경기79바1752 4 72 232000081 232000759 55 
2021-01-01T07:29:36 0 0 경기79바1752 4 72 232000081 232000759 55 
2021-01-01T07:30:36 0 0 경기79바1752 4 72 232000081 232000759 55 
2021-01-01T07:31:35 0 0 경기79바1752 4 72 232000081 232000759 55 
2021-01-01T07:32:35 0 0 경기79바1752 4 72 232000081 232000544 56 
2021-01-01T07:33:34 0 0 경기79바1752 4 72 232000081 232000544 56 
2021-01-01T07:34:34 0 0 경기79바1752 4 72 232000081 232000544 56 
2021-01-01T07:35:34 0 0 경기79바1752 4 72 232000081 232000544 56 
2021-01-01T07:36:34 0 0 경기79바1752 4 72 232000081 232000554 57 
2021-01-01T07:37:33 0 0 경기79바1752 4 72 232000081 232000554 57 
2021-01-01T07:38:33 0 0 경기79바1752 4 72 232000081 232000550 58 
2021-01-01T07:39:32 0 0 경기79바1752 4 72 232000081 232000546 59 
2021-01-01T07:40:31 0 0 경기79바1752 4 72 232000081 232000546 59 
2021-01-01T07:41:31 0 0 경기79바1752 4 72 232000081 232000546 59 
2021-01-01T07:42:31 0 0 경기79바1752 4 72 232000081 232000781 60 
2021-01-01T07:43:30 0 0 경기79바1752 4 72 232000081 232000742 61 
2021-01-01T07:44:29 0 0 경기79바1752 4 72 232000081 232000742 61 
2021-01-01T07:45:28 0 0 경기79바1752 4 72 232000081 232000706 62 
2021-01-01T07:46:28 0 0 경기79바1752 4 73 232000081 232000724 63 
2021-01-01T07:47:28 0 0 경기79바1752 4 73 232000081 232000724 63 
2021-01-01T07:48:27 0 0 경기79바1752 4 73 232000081 232000724 63 
2021-01-01T07:49:26 0 0 경기79바1752 4 73 232000081 232000724 63 
2021-01-01T08:52:01 0 0 경기79바1752 4 73 232000081 232000704 1 
2021-01-01T08:53:00 0 0 경기79바1752 4 73 232000081 232000725 2 
2021-01-01T08:54:00 0 0 경기79바1752 4 73 232000081 232000725 2 
2021-01-01T08:55:00 0 0 경기79바1752 4 73 232000081 232000725 2 
2021-01-01T08:55:59 0 0 경기79바1752 4 73 232000081 232000707 3 
2021-01-01T08:56:59 0 0 경기79바1752 4 73 232000081 277102614 4 
2021-01-01T08:57:58 0 0 경기79바1752 4 73 232000081 232000741 5 
2021-01-01T08:58:58 0 0 경기79바1752 4 73 232000081 232000777 6 
2021-01-01T08:59:57 0 0 경기79바1752 4 73 232000081 232000777 6 
2021-01-01T09:00:56 0 0 경기79바1752 4 73 232000081 232000545 7 
2021-01-01T09:01:56 0 0 경기79바1752 4 73 232000081 232000545 7 
2021-01-01T09:02:55 0 0 경기79바1752 4 73 232000081 232000549 8 
2021-01-01T09:03:55 0 0 경기79바1752 4 73 232000081 232000553 9 
2021-01-01T09:04:55 0 0 경기79바1752 4 73 232000081 232000553 9 
2021-01-01T09:05:54 0 0 경기79바1752 4 73 232000081 232000543 10 
2021-01-01T09:06:53 0 0 경기79바1752 4 73 232000081 232000543 10 
2021-01-01T09:07:52 0 0 경기79바1752 4 73 232000081 232000543 10 
2021-01-01T09:08:52 0 0 경기79바1752 4 73 232000081 232000758 11 
2021-01-01T09:09:51 0 0 경기79바1752 4 73 232000081 232000758 11 
2021-01-01T09:10:51 0 0 경기79바1752 4 73 232000081 232000727 12 
2021-01-01T09:11:51 0 0 경기79바1752 4 73 232000081 232000727 12 
2021-01-01T09:12:51 0 0 경기79바1752 4 70 232000081 232000727 12 
2021-01-01T09:13:50 0 0 경기79바1752 4 70 232000081 232000727 12 
2021-01-01T09:14:49 0 0 경기79바1752 4 70 232000081 232000828 13 
2021-01-01T09:15:49 0 0 경기79바1752 4 70 232000081 277102331 14 
2021-01-01T09:16:49 0 0 경기79바1752 4 70 232000081 277102331 14 
2021-01-01T09:17:49 0 0 경기79바1752 4 70 232000081 277102331 14 
2021-01-01T09:18:49 0 0 경기79바1752 4 70 232000081 277102735 15 
2021-01-01T09:19:48 0 0 경기79바1752 4 70 232000081 277102735 15 
2021-01-01T09:20:47 0 0 경기79바1752 4 70 232000081 277102735 15 
2021-01-01T09:21:46 0 0 경기79바1752 4 70 232000081 277102735 15 
2021-01-01T09:22:46 0 0 경기79바1752 4 70 232000081 277102737 16 
2021-01-01T09:23:45 0 0 경기79바1752 4 70 232000081 277102737 16 
2021-01-01T09:24:45 0 0 경기79바1752 4 70 232000081 277102737 16 
2021-01-01T09:25:44 0 0 경기79바1752 4 70 232000081 277101769 17 
2021-01-01T09:26:44 0 0 경기79바1752 4 70 232000081 277101769 17 
2021-01-01T09:27:43 0 0 경기79바1752 4 70 232000081 277101769 17 
2021-01-01T09:28:43 0 0 경기79바1752 4 70 232000081 277103403 18 
2021-01-01T09:29:42 0 0 경기79바1752 4 70 232000081 277103403 18 
2021-01-01T09:30:42 0 0 경기79바1752 4 70 232000081 277103403 18 
2021-01-01T09:31:41 0 0 경기79바1752 4 70 232000081 277103404 19 
2021-01-01T09:32:41 0 0 경기79바1752 4 70 232000081 277103406 20 
2021-01-01T09:33:40 0 0 경기79바1752 4 70 232000081 277103410 21 
2021-01-01T09:34:40 0 0 경기79바1752 4 70 232000081 277102324 22 
2021-01-01T09:35:39 0 0 경기79바1752 4 70 232000081 277102324 22 
2021-01-01T09:36:39 0 0 경기79바1752 4 70 232000081 277103895 23 
2021-01-01T09:37:39 0 0 경기79바1752 4 70 232000081 277103895 23 
2021-01-01T09:38:38 0 0 경기79바1752 4 70 232000081 277103895 23 
2021-01-01T09:39:37 0 0 경기79바1752 4 70 232000081 119000033 24 
2021-01-01T09:40:37 0 0 경기79바1752 4 70 232000081 119000033 24 
2021-01-01T09:41:36 0 0 경기79바1752 4 70 232000081 119000040 25 
2021-01-01T09:42:36 0 0 경기79바1752 4 72 232000081 119000040 25 
2021-01-01T09:43:35 0 0 경기79바1752 4 72 232000081 119000040 25 
2021-01-01T09:44:34 0 0 경기79바1752 4 72 232000081 119000040 25 
2021-01-01T09:45:34 0 0 경기79바1752 4 72 232000081 119000040 25 
2021-01-01T09:46:33 0 0 경기79바1752 4 72 232000081 119000040 25 
2021-01-01T09:47:33 0 0 경기79바1752 4 72 232000081 119000040 25 
2021-01-01T09:48:32 0 0 경기79바1752 4 73 232000081 119000040 25 
2021-01-01T09:49:32 0 0 경기79바1752 4 73 232000081 121000020 26 
2021-01-01T09:50:31 0 0 경기79바1752 4 73 232000081 121000020 26 
2021-01-01T09:51:31 0 0 경기79바1752 4 73 232000081 121000020 26 
2021-01-01T09:52:30 0 0 경기79바1752 4 73 232000081 121000018 27 
2021-01-01T09:53:29 0 0 경기79바1752 4 73 232000081 121000018 27 
2021-01-01T09:54:28 0 0 경기79바1752 4 73 232000081 121000013 28 
2021-01-01T09:55:27 0 0 경기79바1752 4 73 232000081 121000013 28 
2021-01-01T09:56:26 0 0 경기79바1752 4 73 232000081 121000011 29 
2021-01-01T09:57:26 0 0 경기79바1752 4 73 232000081 121000011 29 
2021-01-01T09:58:26 0 0 경기79바1752 4 73 232000081 121000009 30 
2021-01-01T09:59:26 0 0 경기79바1752 4 73 232000081 121000009 30 
2021-01-01T10:00:25 0 0 경기79바1752 4 73 232000081 121000009 30 
2021-01-01T10:01:25 0 0 경기79바1752 4 73 232000081 121000009 30 
2021-01-01T10:02:24 0 0 경기79바1752 4 73 232000081 277104255 32 
2021-01-01T10:03:24 0 0 경기79바1752 4 73 232000081 277104253 34 
2021-01-01T10:04:23 0 0 경기79바1752 4 73 232000081 277104254 35 
2021-01-01T10:05:22 0 0 경기79바1752 4 73 232000081 277101873 36 
2021-01-01T10:06:22 0 0 경기79바1752 4 73 232000081 122000614 37 
2021-01-01T10:07:21 0 0 경기79바1752 4 73 232000081 122000614 37 
2021-01-01T10:08:21 0 0 경기79바1752 4 73 232000081 122000614 37 
2021-01-01T10:09:20 0 0 경기79바1752 4 73 232000081 122000614 37 
2021-01-01T10:10:20 0 0 경기79바1752 4 73 232000081 122000654 38 
2021-01-01T10:11:20 0 0 경기79바1752 4 73 232000081 122000654 38 
2021-01-01T10:12:20 0 0 경기79바1752 4 73 232000081 121000014 39 
2021-01-01T10:13:19 0 0 경기79바1752 4 73 232000081 121000014 39 
2021-01-01T10:14:19 0 0 경기79바1752 4 73 232000081 121000014 39 
2021-01-01T10:15:19 0 0 경기79바1752 4 73 232000081 121000017 40 
2021-01-01T10:16:19 0 0 경기79바1752 4 73 232000081 121000017 40 
2021-01-01T10:17:18 0 0 경기79바1752 4 73 232000081 121000017 40 
2021-01-01T10:18:18 0 0 경기79바1752 4 73 232000081 121000019 41 
2021-01-01T10:19:18 0 0 경기79바1752 4 73 232000081 121000019 41 
2021-01-01T10:20:17 0 0 경기79바1752 4 73 232000081 121000019 41 
2021-01-01T10:21:17 0 0 경기79바1752 4 73 232000081 121000019 41 
2021-01-01T10:22:17 0 0 경기79바1752 4 73 232000081 121000019 41 
2021-01-01T10:23:16 0 0 경기79바1752 4 73 232000081 121000019 41 
2021-01-01T10:24:16 0 0 경기79바1752 4 73 232000081 121000019 41 
2021-01-01T10:25:16 0 0 경기79바1752 4 73 232000081 119000041 42 
2021-01-01T10:26:15 0 0 경기79바1752 4 73 232000081 119000041 42 
2021-01-01T10:27:15 0 0 경기79바1752 4 73 232000081 119000034 43 
2021-01-01T10:28:14 0 0 경기79바1752 4 73 232000081 119000034 43 
2021-01-01T10:29:14 0 0 경기79바1752 4 73 232000081 119000034 43 
2021-01-01T10:30:14 0 0 경기79바1752 4 73 232000081 119000034 43 
2021-01-01T10:31:13 0 0 경기79바1752 4 73 232000081 119000034 43 
2021-01-01T10:32:12 0 0 경기79바1752 4 73 232000081 277103859 44 
2021-01-01T10:33:11 0 0 경기79바1752 4 73 232000081 277103859 44 
2021-01-01T10:34:10 0 0 경기79바1752 4 73 232000081 277100138 45 
2021-01-01T10:35:10 0 0 경기79바1752 4 73 232000081 277103411 46 
2021-01-01T10:36:09 0 0 경기79바1752 4 73 232000081 277103407 47 
2021-01-01T10:37:08 0 0 경기79바1752 4 73 232000081 277103405 48 
2021-01-01T10:38:08 0 0 경기79바1752 4 73 232000081 277103405 48 
2021-01-01T10:39:07 0 0 경기79바1752 4 73 232000081 277103405 48 
2021-01-01T10:40:07 0 0 경기79바1752 4 73 232000081 277103402 49 
2021-01-01T10:41:06 0 0 경기79바1752 4 73 232000081 277103402 49 
2021-01-01T10:42:05 0 0 경기79바1752 4 73 232000081 277103402 49 
2021-01-01T10:43:05 0 0 경기79바1752 4 73 232000081 277103401 50 
2021-01-01T10:44:04 0 0 경기79바1752 4 73 232000081 277103401 50 
2021-01-01T10:45:03 0 0 경기79바1752 4 73 232000081 277103401 50 
2021-01-01T10:46:03 0 0 경기79바1752 4 73 232000081 277102738 51 
2021-01-01T10:47:03 0 0 경기79바1752 4 73 232000081 277102738 51 
2021-01-01T10:48:02 0 0 경기79바1752 4 73 232000081 277102738 51 
2021-01-01T10:49:02 0 0 경기79바1752 4 73 232000081 277102738 51 
2021-01-01T10:50:01 0 0 경기79바1752 4 73 232000081 277102738 51 
2021-01-01T10:51:01 0 0 경기79바1752 4 73 232000081 277102736 52 
2021-01-01T10:52:00 0 0 경기79바1752 4 73 232000081 277102736 52 
2021-01-01T10:53:00 0 0 경기79바1752 4 73 232000081 277102736 52 
2021-01-01T10:54:00 0 0 경기79바1752 4 73 232000081 232000829 53 
2021-01-01T10:54:59 0 0 경기79바1752 4 73 232000081 232000829 53 
2021-01-01T10:55:58 0 0 경기79바1752 4 73 232000081 232000829 53 
2021-01-01T10:56:58 0 0 경기79바1752 4 73 232000081 232000829 53 
2021-01-01T10:57:58 0 0 경기79바1752 4 71 232000081 232000726 54 
2021-01-01T10:58:58 0 0 경기79바1752 4 71 232000081 232000759 55 
2021-01-01T10:59:57 0 0 경기79바1752 4 71 232000081 232000759 55 
2021-01-01T11:00:57 0 0 경기79바1752 4 71 232000081 232000759 55 
2021-01-01T11:01:56 0 0 경기79바1752 4 71 232000081 232000544 56 
2021-01-01T11:02:56 0 0 경기79바1752 4 71 232000081 232000544 56 
2021-01-01T11:03:55 0 0 경기79바1752 4 71 232000081 232000544 56 
2021-01-01T11:04:55 0 0 경기79바1752 4 71 232000081 232000544 56 
2021-01-01T11:05:54 0 0 경기79바1752 4 71 232000081 232000554 57 
2021-01-01T11:06:54 0 0 경기79바1752 4 71 232000081 232000550 58 
2021-01-01T11:07:54 0 0 경기79바1752 4 71 232000081 232000550 58 
2021-01-01T11:08:52 0 0 경기79바1752 4 71 232000081 232000546 59 
2021-01-01T11:09:52 0 0 경기79바1752 4 71 232000081 232000546 59 
2021-01-01T11:10:52 0 0 경기79바1752 4 71 232000081 232000781 60 
2021-01-01T11:11:52 0 0 경기79바1752 4 71 232000081 232000742 61 
2021-01-01T11:12:52 0 0 경기79바1752 4 71 232000081 232000742 61 
2021-01-01T11:13:50 0 0 경기79바1752 4 71 232000081 232000724 63 
2021-01-01T11:14:50 0 0 경기79바1752 4 71 232000081 232000724 63 
2021-01-01T11:15:49 0 0 경기79바1752 4 71 232000081 232000724 63 
