232000081 2021-01-02T22:20:14.463517+09:00
2021-01-03T05:00:36 0 0 경기79바1718 4 71 232000081 232000704 1 
2021-01-03T05:01:35 0 0 경기79바1718 4 71 232000081 232000725 2 
2021-01-03T05:02:34 0 0 경기79바1718 4 71 232000081 232000725 2 
2021-01-03T05:03:33 0 0 경기79바1718 4 71 232000081 232000725 2 
2021-01-03T05:04:33 0 0 경기79바1718 4 71 232000081 232000725 2 
2021-01-03T05:05:33 0 0 경기79바1718 4 71 232000081 232000707 3 
2021-01-03T05:06:33 0 0 경기79바1718 4 71 232000081 277102614 4 
2021-01-03T05:07:33 0 0 경기79바1718 4 71 232000081 232000777 6 
2021-01-03T05:08:33 0 0 경기79바1718 4 71 232000081 232000777 6 
2021-01-03T05:09:32 0 0 경기79바1718 4 71 232000081 232000777 6 
2021-01-03T05:10:31 0 0 경기79바1718 4 71 232000081 232000777 6 
2021-01-03T05:11:31 0 0 경기79바1718 4 71 232000081 232000545 7 
2021-01-03T05:12:30 0 0 경기79바1718 4 71 232000081 232000545 7 
2021-01-03T05:13:29 0 0 경기79바1718 4 71 232000081 232000549 8 
2021-01-03T05:14:29 0 0 경기79바1718 4 71 232000081 232000553 9 
2021-01-03T05:15:29 0 0 경기79바1718 4 71 232000081 232000553 9 
2021-01-03T05:16:28 0 0 경기79바1718 4 71 232000081 232000553 9 
2021-01-03T05:17:28 0 0 경기79바1718 4 71 232000081 232000553 9 
2021-01-03T05:18:28 0 0 경기79바1718 4 71 232000081 232000543 10 
2021-01-03T05:19:27 0 0 경기79바1718 4 71 232000081 232000543 10 
2021-01-03T05:20:26 0 0 경기79바1718 4 71 232000081 232000543 10 
2021-01-03T05:21:27 0 0 경기79바1718 4 71 232000081 232000758 11 
2021-01-03T05:22:26 0 0 경기79바1718 4 71 232000081 232000758 11 
2021-01-03T05:23:26 0 0 경기79바1718 4 71 232000081 232000758 11 
2021-01-03T05:24:26 0 0 경기79바1718 4 71 232000081 232000727 12 
2021-01-03T05:25:26 0 0 경기79바1718 4 70 232000081 232000727 12 
2021-01-03T05:26:25 0 0 경기79바1718 4 70 232000081 232000828 13 
2021-01-03T05:27:25 0 0 경기79바1718 4 70 232000081 277102331 14 
2021-01-03T05:28:24 0 0 경기79바1718 4 70 232000081 277102331 14 
2021-01-03T05:29:24 0 0 경기79바1718 4 70 232000081 277102735 15 
2021-01-03T05:30:24 0 0 경기79바1718 4 70 232000081 277102735 15 
2021-01-03T05:31:23 0 0 경기79바1718 4 70 232000081 277102735 15 
2021-01-03T05:32:23 0 0 경기79바1718 4 70 232000081 277102735 15 
2021-01-03T05:33:22 0 0 경기79바1718 4 70 232000081 277102735 15 
2021-01-03T05:34:22 0 0 경기79바1718 4 70 232000081 277102737 16 
2021-01-03T05:35:22 0 0 경기79바1718 4 70 232000081 277102737 16 
2021-01-03T05:36:22 0 0 경기79바1718 4 70 232000081 277102737 16 
2021-01-03T05:37:21 0 0 경기79바1718 4 70 232000081 277101769 17 
2021-01-03T05:38:21 0 0 경기79바1718 4 70 232000081 277101769 17 
2021-01-03T05:39:20 0 0 경기79바1718 4 70 232000081 277101769 17 
2021-01-03T05:40:20 0 0 경기79바1718 4 70 232000081 277103403 18 
2021-01-03T05:41:20 0 0 경기79바1718 4 70 232000081 277103403 18 
2021-01-03T05:42:19 0 0 경기79바1718 4 70 232000081 277103403 18 
2021-01-03T05:43:19 0 0 경기79바1718 4 70 232000081 277103404 19 
2021-01-03T05:44:19 0 0 경기79바1718 4 70 232000081 277103406 20 
2021-01-03T05:45:18 0 0 경기79바1718 4 70 232000081 277103410 21 
2021-01-03T05:46:18 0 0 경기79바1718 4 70 232000081 277102324 22 
2021-01-03T05:47:17 0 0 경기79바1718 4 70 232000081 277102324 22 
2021-01-03T05:48:17 0 0 경기79바1718 4 70 232000081 277103895 23 
2021-01-03T05:49:17 0 0 경기79바1718 4 70 232000081 277103895 23 
2021-01-03T05:50:16 0 0 경기79바1718 4 70 232000081 277103895 23 
2021-01-03T05:51:16 0 0 경기79바1718 4 70 232000081 277103895 23 
2021-01-03T05:52:16 0 0 경기79바1718 4 71 232000081 119000033 24 
2021-01-03T05:53:16 0 0 경기79바1718 4 71 232000081 119000033 24 
2021-01-03T05:54:15 0 0 경기79바1718 4 71 232000081 119000033 24 
2021-01-03T05:55:15 0 0 경기79바1718 4 71 232000081 119000033 24 
2021-01-03T05:56:14 0 0 경기79바1718 4 71 232000081 119000040 25 
2021-01-03T05:57:14 0 0 경기79바1718 4 71 232000081 119000040 25 
2021-01-03T05:58:14 0 0 경기79바1718 4 71 232000081 119000040 25 
2021-01-03T05:59:13 0 0 경기79바1718 4 71 232000081 119000040 25 
2021-01-03T06:00:13 0 0 경기79바1718 4 71 232000081 119000040 25 
2021-01-03T06:01:12 0 0 경기79바1718 4 71 232000081 121000020 26 
2021-01-03T06:02:12 0 0 경기79바1718 4 71 232000081 121000020 26 
2021-01-03T06:03:12 0 0 경기79바1718 4 71 232000081 121000020 26 
2021-01-03T06:04:12 0 0 경기79바1718 4 71 232000081 121000018 27 
2021-01-03T06:05:11 0 0 경기79바1718 4 71 232000081 121000018 27 
2021-01-03T06:06:11 0 0 경기79바1718 4 71 232000081 121000018 27 
2021-01-03T06:07:11 0 0 경기79바1718 4 71 232000081 121000018 27 
2021-01-03T06:08:11 0 0 경기79바1718 4 71 232000081 121000018 27 
2021-01-03T06:09:11 0 0 경기79바1718 4 71 232000081 121000013 28 
2021-01-03T06:10:11 0 0 경기79바1718 4 71 232000081 121000013 28 
2021-01-03T06:11:10 0 0 경기79바1718 4 71 232000081 121000011 29 
2021-01-03T06:12:10 0 0 경기79바1718 4 71 232000081 121000011 29 
2021-01-03T06:13:09 0 0 경기79바1718 4 71 232000081 121000009 30 
2021-01-03T06:14:09 0 0 경기79바1718 4 71 232000081 121000009 30 
2021-01-03T06:15:09 0 0 경기79바1718 4 71 232000081 121000009 30 
2021-01-03T06:16:09 0 0 경기79바1718 4 71 232000081 121000009 30 
2021-01-03T06:17:09 0 0 경기79바1718 4 71 232000081 121000009 30 
2021-01-03T06:18:09 0 0 경기79바1718 4 71 232000081 121000009 30 
2021-01-03T06:19:08 0 0 경기79바1718 4 71 232000081 121000009 30 
2021-01-03T06:20:08 0 0 경기79바1718 4 71 232000081 121000009 30 
2021-01-03T06:21:08 0 0 경기79바1718 4 71 232000081 277101860 31 
2021-01-03T06:22:07 0 0 경기79바1718 4 71 232000081 277101752 33 
2021-01-03T06:23:07 0 0 경기79바1718 4 71 232000081 277104253 34 
2021-01-03T06:24:07 0 0 경기79바1718 4 71 232000081 277101873 36 
2021-01-03T06:25:07 0 0 경기79바1718 4 71 232000081 277101873 36 
2021-01-03T06:26:06 0 0 경기79바1718 4 71 232000081 277101873 36 
2021-01-03T06:27:06 0 0 경기79바1718 4 71 232000081 277101873 36 
2021-01-03T06:28:05 0 0 경기79바1718 4 71 232000081 277101873 36 
2021-01-03T06:29:05 0 0 경기79바1718 4 71 232000081 277101873 36 
2021-01-03T06:30:05 0 0 경기79바1718 4 71 232000081 277101873 36 
2021-01-03T06:31:04 0 0 경기79바1718 4 71 232000081 277101873 36 
2021-01-03T06:32:04 0 0 경기79바1718 4 71 232000081 277101873 36 
2021-01-03T06:33:04 0 0 경기79바1718 4 71 232000081 277101873 36 
2021-01-03T06:34:04 0 0 경기79바1718 4 71 232000081 122000614 37 
2021-01-03T06:35:03 0 0 경기79바1718 4 71 232000081 122000614 37 
2021-01-03T06:36:02 0 0 경기79바1718 4 71 232000081 122000614 37 
2021-01-03T06:37:02 0 0 경기79바1718 4 71 232000081 122000654 38 
2021-01-03T06:38:01 0 0 경기79바1718 4 71 232000081 122000654 38 
2021-01-03T06:39:01 0 0 경기79바1718 4 71 232000081 121000014 39 
2021-01-03T06:40:01 0 0 경기79바1718 4 71 232000081 121000014 39 
2021-01-03T06:41:01 0 0 경기79바1718 4 71 232000081 121000014 39 
2021-01-03T06:42:01 0 0 경기79바1718 4 71 232000081 121000014 39 
2021-01-03T06:43:00 0 0 경기79바1718 4 71 232000081 121000014 39 
2021-01-03T06:43:59 0 0 경기79바1718 4 71 232000081 121000014 39 
2021-01-03T06:44:59 0 0 경기79바1718 4 71 232000081 121000017 40 
2021-01-03T06:45:58 0 0 경기79바1718 4 71 232000081 121000019 41 
2021-01-03T06:46:57 0 0 경기79바1718 4 71 232000081 121000019 41 
2021-01-03T06:47:57 0 0 경기79바1718 4 71 232000081 121000019 41 
2021-01-03T06:48:57 0 0 경기79바1718 4 71 232000081 121000019 41 
2021-01-03T06:49:56 0 0 경기79바1718 4 71 232000081 121000019 41 
2021-01-03T06:50:55 0 0 경기79바1718 4 71 232000081 121000019 41 
2021-01-03T06:51:55 0 0 경기79바1718 4 71 232000081 121000019 41 
2021-01-03T06:52:54 0 0 경기79바1718 4 71 232000081 121000019 41 
2021-01-03T06:53:53 0 0 경기79바1718 4 71 232000081 119000041 42 
2021-01-03T06:54:52 0 0 경기79바1718 4 71 232000081 119000041 42 
2021-01-03T06:55:52 0 0 경기79바1718 4 71 232000081 119000034 43 
2021-01-03T06:56:51 0 0 경기79바1718 4 71 232000081 119000034 43 
2021-01-03T06:57:51 0 0 경기79바1718 4 71 232000081 119000034 43 
2021-01-03T06:58:51 0 0 경기79바1718 4 71 232000081 119000034 43 
2021-01-03T06:59:50 0 0 경기79바1718 4 71 232000081 277103859 44 
2021-01-03T07:00:49 0 0 경기79바1718 4 71 232000081 277103859 44 
2021-01-03T07:01:49 0 0 경기79바1718 4 71 232000081 277103859 44 
2021-01-03T07:02:48 0 0 경기79바1718 4 71 232000081 277100138 45 
2021-01-03T07:03:48 0 0 경기79바1718 4 71 232000081 277103411 46 
2021-01-03T07:04:47 0 0 경기79바1718 4 71 232000081 277103407 47 
2021-01-03T07:05:46 0 0 경기79바1718 4 71 232000081 277103405 48 
2021-01-03T07:06:46 0 0 경기79바1718 4 71 232000081 277103405 48 
2021-01-03T07:07:45 0 0 경기79바1718 4 71 232000081 277103402 49 
2021-01-03T07:08:44 0 0 경기79바1718 4 71 232000081 277103402 49 
2021-01-03T07:09:44 0 0 경기79바1718 4 71 232000081 277103402 49 
2021-01-03T07:10:44 0 0 경기79바1718 4 71 232000081 277103401 50 
2021-01-03T07:11:43 0 0 경기79바1718 4 71 232000081 277103401 50 
2021-01-03T07:12:43 0 0 경기79바1718 4 71 232000081 277103401 50 
2021-01-03T07:13:43 0 0 경기79바1718 4 71 232000081 277103401 50 
2021-01-03T07:14:42 0 0 경기79바1718 4 71 232000081 277102738 51 
2021-01-03T07:15:43 0 0 경기79바1718 4 71 232000081 277102738 51 
2021-01-03T07:16:42 0 0 경기79바1718 4 71 232000081 277102738 51 
2021-01-03T07:17:42 0 0 경기79바1718 4 71 232000081 277102738 51 
2021-01-03T07:18:41 0 0 경기79바1718 4 71 232000081 277102736 52 
2021-01-03T07:19:41 0 0 경기79바1718 4 71 232000081 277102736 52 
2021-01-03T07:20:40 0 0 경기79바1718 4 71 232000081 277102736 52 
2021-01-03T07:21:40 0 0 경기79바1718 4 71 232000081 232000829 53 
2021-01-03T07:22:39 0 0 경기79바1718 4 71 232000081 232000829 53 
2021-01-03T07:23:39 0 0 경기79바1718 4 71 232000081 232000829 53 
2021-01-03T07:24:39 0 0 경기79바1718 4 71 232000081 232000829 53 
2021-01-03T07:25:39 0 0 경기79바1718 4 71 232000081 232000726 54 
2021-01-03T07:26:38 0 0 경기79바1718 4 71 232000081 232000759 55 
2021-01-03T07:27:37 0 0 경기79바1718 4 71 232000081 232000759 55 
2021-01-03T07:28:37 0 0 경기79바1718 4 71 232000081 232000759 55 
2021-01-03T07:29:36 0 0 경기79바1718 4 71 232000081 232000544 56 
2021-01-03T07:30:36 0 0 경기79바1718 4 71 232000081 232000544 56 
2021-01-03T07:31:36 0 0 경기79바1718 4 71 232000081 232000544 56 
2021-01-03T07:32:35 0 0 경기79바1718 4 71 232000081 232000544 56 
2021-01-03T07:33:35 0 0 경기79바1718 4 71 232000081 232000554 57 
2021-01-03T07:34:35 0 0 경기79바1718 4 71 232000081 232000554 57 
2021-01-03T07:35:34 0 0 경기79바1718 4 71 232000081 232000550 58 
2021-01-03T07:36:33 0 0 경기79바1718 4 71 232000081 232000546 59 
2021-01-03T07:37:33 0 0 경기79바1718 4 71 232000081 232000546 59 
2021-01-03T07:38:32 0 0 경기79바1718 4 71 232000081 232000546 59 
2021-01-03T07:39:31 0 0 경기79바1718 4 71 232000081 232000781 60 
2021-01-03T07:40:31 0 0 경기79바1718 4 71 232000081 232000781 60 
2021-01-03T07:41:30 0 0 경기79바1718 4 71 232000081 232000742 61 
2021-01-03T07:42:30 0 0 경기79바1718 4 71 232000081 232000742 61 
2021-01-03T07:43:29 0 0 경기79바1718 4 71 232000081 232000706 62 
2021-01-03T07:44:28 0 0 경기79바1718 4 71 232000081 232000724 63 
2021-01-03T07:45:28 0 0 경기79바1718 4 71 232000081 232000724 63 
2021-01-03T08:51:54 0 0 경기79바1718 4 70 232000081 232000704 1 
2021-01-03T08:52:53 0 0 경기79바1718 4 69 232000081 232000725 2 
2021-01-03T08:53:52 0 0 경기79바1718 4 69 232000081 232000725 2 
2021-01-03T08:54:52 0 0 경기79바1718 4 69 232000081 232000725 2 
2021-01-03T08:55:52 0 0 경기79바1718 4 69 232000081 232000707 3 
2021-01-03T08:56:51 0 0 경기79바1718 4 68 232000081 277102614 4 
2021-01-03T08:57:50 0 0 경기79바1718 4 68 232000081 232000741 5 
2021-01-03T08:58:49 0 0 경기79바1718 4 68 232000081 232000777 6 
2021-01-03T08:59:48 0 0 경기79바1718 4 67 232000081 232000777 6 
2021-01-03T09:00:47 0 0 경기79바1718 4 67 232000081 232000777 6 
2021-01-03T09:01:47 0 0 경기79바1718 4 67 232000081 232000777 6 
2021-01-03T09:02:47 0 0 경기79바1718 4 67 232000081 232000777 6 
2021-01-03T09:03:46 0 0 경기79바1718 4 67 232000081 232000545 7 
2021-01-03T09:04:45 0 0 경기79바1718 4 67 232000081 232000545 7 
2021-01-03T09:05:45 0 0 경기79바1718 4 67 232000081 232000549 8 
2021-01-03T09:06:44 0 0 경기79바1718 4 67 232000081 232000549 8 
2021-01-03T09:07:43 0 0 경기79바1718 4 67 232000081 232000549 8 
2021-01-03T09:08:43 0 0 경기79바1718 4 67 232000081 232000553 9 
2021-01-03T09:09:42 0 0 경기79바1718 4 67 232000081 232000553 9 
2021-01-03T09:10:41 0 0 경기79바1718 4 67 232000081 232000553 9 
2021-01-03T09:11:41 0 0 경기79바1718 4 67 232000081 232000553 9 
2021-01-03T09:12:40 0 0 경기79바1718 4 65 232000081 232000543 10 
2021-01-03T09:13:40 0 0 경기79바1718 4 65 232000081 232000543 10 
2021-01-03T09:14:40 0 0 경기79바1718 4 65 232000081 232000758 11 
2021-01-03T09:15:40 0 0 경기79바1718 4 63 232000081 232000758 11 
2021-01-03T09:16:40 0 0 경기79바1718 4 63 232000081 232000758 11 
2021-01-03T09:17:39 0 0 경기79바1718 4 63 232000081 232000727 12 
2021-01-03T09:18:39 0 0 경기79바1718 4 63 232000081 232000727 12 
2021-01-03T09:19:39 0 0 경기79바1718 4 63 232000081 232000828 13 
2021-01-03T09:20:38 0 0 경기79바1718 4 63 232000081 277102331 14 
2021-01-03T09:21:38 0 0 경기79바1718 4 63 232000081 277102331 14 
2021-01-03T09:22:37 0 0 경기79바1718 4 63 232000081 277102735 15 
2021-01-03T09:23:36 0 0 경기79바1718 4 63 232000081 277102735 15 
2021-01-03T09:24:35 0 0 경기79바1718 4 63 232000081 277102735 15 
2021-01-03T09:25:35 0 0 경기79바1718 4 63 232000081 277102735 15 
2021-01-03T09:26:35 0 0 경기79바1718 4 63 232000081 277102735 15 
2021-01-03T09:27:34 0 0 경기79바1718 4 63 232000081 277102737 16 
2021-01-03T09:28:34 0 0 경기79바1718 4 63 232000081 277102737 16 
2021-01-03T09:29:34 0 0 경기79바1718 4 63 232000081 277102737 16 
2021-01-03T09:30:33 0 0 경기79바1718 4 63 232000081 277101769 17 
2021-01-03T09:31:32 0 0 경기79바1718 4 63 232000081 277101769 17 
2021-01-03T09:32:32 0 0 경기79바1718 4 63 232000081 277101769 17 
2021-01-03T09:33:32 0 0 경기79바1718 4 63 232000081 277103403 18 
2021-01-03T09:34:31 0 0 경기79바1718 4 63 232000081 277103403 18 
2021-01-03T09:35:31 0 0 경기79바1718 4 63 232000081 277103403 18 
2021-01-03T09:36:31 0 0 경기79바1718 4 63 232000081 277103404 19 
2021-01-03T09:37:30 0 0 경기79바1718 4 63 232000081 277103406 20 
2021-01-03T09:38:30 0 0 경기79바1718 4 63 232000081 277103410 21 
2021-01-03T09:39:30 0 0 경기79바1718 4 63 232000081 277102324 22 
2021-01-03T09:40:29 0 0 경기79바1718 4 63 232000081 277103895 23 
2021-01-03T09:41:28 0 0 경기79바1718 4 63 232000081 277103895 23 
2021-01-03T09:42:27 0 0 경기79바1718 4 63 232000081 277103895 23 
2021-01-03T09:43:26 0 0 경기79바1718 4 63 232000081 119000033 24 
2021-01-03T09:44:25 0 0 경기79바1718 4 63 232000081 119000033 24 
2021-01-03T09:45:25 0 0 경기79바1718 4 63 232000081 119000033 24 
2021-01-03T09:46:25 0 0 경기79바1718 4 64 232000081 119000040 25 
2021-01-03T09:47:24 0 0 경기79바1718 4 64 232000081 119000040 25 
2021-01-03T09:48:23 0 0 경기79바1718 4 64 232000081 119000040 25 
2021-01-03T09:49:22 0 0 경기79바1718 4 64 232000081 119000040 25 
2021-01-03T09:50:22 0 0 경기79바1718 4 64 232000081 119000040 25 
2021-01-03T09:51:21 0 0 경기79바1718 4 64 232000081 119000040 25 
2021-01-03T09:52:21 0 0 경기79바1718 4 64 232000081 119000040 25 
2021-01-03T09:53:19 0 0 경기79바1718 4 64 232000081 119000040 25 
2021-01-03T09:54:19 0 0 경기79바1718 4 64 232000081 119000040 25 
2021-01-03T09:55:19 0 0 경기79바1718 4 64 232000081 121000020 26 
2021-01-03T09:56:19 0 0 경기79바1718 4 69 232000081 121000020 26 
2021-01-03T09:57:18 0 0 경기79바1718 4 69 232000081 121000018 27 
2021-01-03T09:58:18 0 0 경기79바1718 4 69 232000081 121000018 27 
2021-01-03T09:59:18 0 0 경기79바1718 4 69 232000081 121000018 27 
2021-01-03T10:00:18 0 0 경기79바1718 4 69 232000081 121000018 27 
2021-01-03T10:01:18 0 0 경기79바1718 4 69 232000081 121000018 27 
2021-01-03T10:02:17 0 0 경기79바1718 4 69 232000081 121000013 28 
2021-01-03T10:03:17 0 0 경기79바1718 4 69 232000081 121000013 28 
2021-01-03T10:04:16 0 0 경기79바1718 4 69 232000081 121000011 29 
2021-01-03T10:05:16 0 0 경기79바1718 4 69 232000081 121000011 29 
2021-01-03T10:06:15 0 0 경기79바1718 4 69 232000081 121000009 30 
2021-01-03T10:07:15 0 0 경기79바1718 4 69 232000081 121000009 30 
2021-01-03T10:08:14 0 0 경기79바1718 4 69 232000081 121000009 30 
2021-01-03T10:09:14 0 0 경기79바1718 4 69 232000081 121000009 30 
2021-01-03T10:10:13 0 0 경기79바1718 4 69 232000081 121000009 30 
2021-01-03T10:11:13 0 0 경기79바1718 4 69 232000081 121000009 30 
2021-01-03T10:12:12 0 0 경기79바1718 4 71 232000081 277101860 31 
2021-01-03T10:13:12 0 0 경기79바1718 4 71 232000081 277101860 31 
2021-01-03T10:14:11 0 0 경기79바1718 4 71 232000081 277104255 32 
2021-01-03T10:15:10 0 0 경기79바1718 4 71 232000081 277104253 34 
2021-01-03T10:16:10 0 0 경기79바1718 4 71 232000081 277104254 35 
2021-01-03T10:17:10 0 0 경기79바1718 4 71 232000081 277101873 36 
2021-01-03T10:18:09 0 0 경기79바1718 4 71 232000081 122000614 37 
2021-01-03T10:19:09 0 0 경기79바1718 4 71 232000081 122000614 37 
2021-01-03T10:20:08 0 0 경기79바1718 4 71 232000081 122000614 37 
2021-01-03T10:21:07 0 0 경기79바1718 4 71 232000081 122000654 38 
2021-01-03T10:22:06 0 0 경기79바1718 4 71 232000081 122000654 38 
2021-01-03T10:23:05 0 0 경기79바1718 4 71 232000081 122000654 38 
2021-01-03T10:24:05 0 0 경기79바1718 4 71 232000081 121000014 39 
2021-01-03T10:25:05 0 0 경기79바1718 4 71 232000081 121000014 39 
2021-01-03T10:26:05 0 0 경기79바1718 4 71 232000081 121000014 39 
2021-01-03T10:27:05 0 0 경기79바1718 4 71 232000081 121000014 39 
2021-01-03T10:28:04 0 0 경기79바1718 4 71 232000081 121000014 39 
2021-01-03T10:29:05 0 0 경기79바1718 4 71 232000081 121000017 40 
2021-01-03T10:30:04 0 0 경기79바1718 4 71 232000081 121000019 41 
2021-01-03T10:31:03 0 0 경기79바1718 4 71 232000081 121000019 41 
2021-01-03T10:32:02 0 0 경기79바1718 4 71 232000081 121000019 41 
2021-01-03T10:33:03 0 0 경기79바1718 4 71 232000081 121000019 41 
2021-01-03T10:34:01 0 0 경기79바1718 4 71 232000081 121000019 41 
2021-01-03T10:35:01 0 0 경기79바1718 4 71 232000081 121000019 41 
2021-01-03T10:36:01 0 0 경기79바1718 4 71 232000081 121000019 41 
2021-01-03T10:37:00 0 0 경기79바1718 4 71 232000081 121000019 41 
2021-01-03T10:37:59 0 0 경기79바1718 4 71 232000081 121000019 41 
2021-01-03T10:38:58 0 0 경기79바1718 4 71 232000081 119000041 42 
2021-01-03T10:39:58 0 0 경기79바1718 4 71 232000081 119000041 42 
2021-01-03T10:40:57 0 0 경기79바1718 4 71 232000081 119000041 42 
2021-01-03T10:41:57 0 0 경기79바1718 4 71 232000081 119000034 43 
2021-01-03T10:42:56 0 0 경기79바1718 4 71 232000081 119000034 43 
2021-01-03T10:43:56 0 0 경기79바1718 4 71 232000081 119000034 43 
2021-01-03T10:44:55 0 0 경기79바1718 4 71 232000081 119000034 43 
2021-01-03T10:45:54 0 0 경기79바1718 4 71 232000081 277103859 44 
2021-01-03T10:46:53 0 0 경기79바1718 4 71 232000081 277103859 44 
2021-01-03T10:47:53 0 0 경기79바1718 4 71 232000081 277103859 44 
2021-01-03T10:48:52 0 0 경기79바1718 4 71 232000081 277100138 45 
2021-01-03T10:49:51 0 0 경기79바1718 4 71 232000081 277103411 46 
2021-01-03T10:50:51 0 0 경기79바1718 4 71 232000081 277103407 47 
2021-01-03T10:51:51 0 0 경기79바1718 4 71 232000081 277103405 48 
2021-01-03T10:52:51 0 0 경기79바1718 4 71 232000081 277103405 48 
2021-01-03T10:53:51 0 0 경기79바1718 4 71 232000081 277103405 48 
2021-01-03T10:54:51 0 0 경기79바1718 4 71 232000081 277103402 49 
2021-01-03T10:55:50 0 0 경기79바1718 4 71 232000081 277103402 49 
2021-01-03T10:56:50 0 0 경기79바1718 4 71 232000081 277103402 49 
2021-01-03T10:57:49 0 0 경기79바1718 4 71 232000081 277103401 50 
2021-01-03T10:58:48 0 0 경기79바1718 4 71 232000081 277103401 50 
2021-01-03T10:59:48 0 0 경기79바1718 4 71 232000081 277103401 50 
2021-01-03T11:00:47 0 0 경기79바1718 4 71 232000081 277102738 51 
2021-01-03T11:01:47 0 0 경기79바1718 4 71 232000081 277102738 51 
2021-01-03T11:02:47 0 0 경기79바1718 4 71 232000081 277102738 51 
2021-01-03T11:03:46 0 0 경기79바1718 4 71 232000081 277102738 51 
2021-01-03T11:04:45 0 0 경기79바1718 4 71 232000081 277102738 51 
2021-01-03T11:05:44 0 0 경기79바1718 4 71 232000081 277102736 52 
2021-01-03T11:06:44 0 0 경기79바1718 4 71 232000081 277102736 52 
2021-01-03T11:07:43 0 0 경기79바1718 4 71 232000081 277102736 52 
2021-01-03T11:08:43 0 0 경기79바1718 4 71 232000081 232000829 53 
2021-01-03T11:09:43 0 0 경기79바1718 4 71 232000081 232000829 53 
2021-01-03T11:10:43 0 0 경기79바1718 4 71 232000081 232000829 53 
2021-01-03T11:11:42 0 0 경기79바1718 4 71 232000081 232000726 54 
2021-01-03T11:12:42 0 0 경기79바1718 4 71 232000081 232000759 55 
2021-01-03T11:13:42 0 0 경기79바1718 4 71 232000081 232000759 55 
2021-01-03T11:14:42 0 0 경기79바1718 4 71 232000081 232000759 55 
2021-01-03T11:15:42 0 0 경기79바1718 4 71 232000081 232000544 56 
2021-01-03T11:16:42 0 0 경기79바1718 4 71 232000081 232000544 56 
2021-01-03T11:17:41 0 0 경기79바1718 4 71 232000081 232000544 56 
2021-01-03T11:18:41 0 0 경기79바1718 4 71 232000081 232000554 57 
2021-01-03T11:19:40 0 0 경기79바1718 4 71 232000081 232000554 57 
2021-01-03T11:20:39 0 0 경기79바1718 4 71 232000081 232000550 58 
2021-01-03T11:21:39 0 0 경기79바1718 4 71 232000081 232000550 58 
2021-01-03T11:22:38 0 0 경기79바1718 4 71 232000081 232000546 59 
2021-01-03T11:23:37 0 0 경기79바1718 4 71 232000081 232000546 59 
2021-01-03T11:24:37 0 0 경기79바1718 4 71 232000081 232000781 60 
2021-01-03T11:25:36 0 0 경기79바1718 4 71 232000081 232000742 61 
2021-01-03T11:26:35 0 0 경기79바1718 4 71 232000081 232000706 62 
2021-01-03T11:27:35 0 0 경기79바1718 4 71 232000081 232000706 62 
2021-01-03T11:28:35 0 0 경기79바1718 4 71 232000081 232000724 63 
2021-01-03T11:29:35 0 0 경기79바1718 4 71 232000081 232000724 63 
2021-01-03T11:30:35 0 0 경기79바1718 4 71 232000081 232000724 63 
2021-01-03T17:21:04 0 0 경기79바1714 4 71 232000081 232000704 1 
2021-01-03T17:22:04 0 0 경기79바1714 4 71 232000081 232000704 1 
2021-01-03T17:23:04 0 0 경기79바1714 4 71 232000081 232000725 2 
2021-01-03T17:24:03 0 0 경기79바1714 4 71 232000081 232000725 2 
2021-01-03T17:25:02 0 0 경기79바1714 4 71 232000081 232000725 2 
2021-01-03T17:26:02 0 0 경기79바1714 4 71 232000081 232000707 3 
2021-01-03T17:27:01 0 0 경기79바1714 4 70 232000081 277102614 4 
2021-01-03T17:28:01 0 0 경기79바1714 4 70 232000081 232000741 5 
2021-01-03T17:29:01 0 0 경기79바1714 4 70 232000081 232000777 6 
2021-01-03T17:30:01 0 0 경기79바1714 4 70 232000081 232000777 6 
2021-01-03T17:31:00 0 0 경기79바1714 4 70 232000081 232000777 6 
2021-01-03T17:32:00 0 0 경기79바1714 4 70 232000081 232000777 6 
2021-01-03T17:33:00 0 0 경기79바1714 4 70 232000081 232000545 7 
2021-01-03T17:34:00 0 0 경기79바1714 4 70 232000081 232000545 7 
2021-01-03T17:34:59 0 0 경기79바1714 4 70 232000081 232000549 8 
2021-01-03T17:35:58 0 0 경기79바1714 4 70 232000081 232000549 8 
2021-01-03T17:36:58 0 0 경기79바1714 4 70 232000081 232000553 9 
2021-01-03T17:37:57 0 0 경기79바1714 4 70 232000081 232000553 9 
2021-01-03T17:38:56 0 0 경기79바1714 4 70 232000081 232000543 10 
2021-01-03T17:39:56 0 0 경기79바1714 4 70 232000081 232000543 10 
2021-01-03T17:40:55 0 0 경기79바1714 4 70 232000081 232000543 10 
2021-01-03T17:41:54 0 0 경기79바1714 4 70 232000081 232000758 11 
2021-01-03T17:42:54 0 0 경기79바1714 4 70 232000081 232000758 11 
2021-01-03T17:43:54 0 0 경기79바1714 4 70 232000081 232000758 11 
2021-01-03T17:44:54 0 0 경기79바1714 4 70 232000081 232000727 12 
2021-01-03T17:45:53 0 0 경기79바1714 4 70 232000081 232000727 12 
2021-01-03T17:46:53 0 0 경기79바1714 4 70 232000081 232000727 12 
2021-01-03T17:47:53 0 0 경기79바1714 4 70 232000081 232000727 12 
2021-01-03T17:48:52 0 0 경기79바1714 4 70 232000081 232000828 13 
2021-01-03T17:49:52 0 0 경기79바1714 4 70 232000081 277102331 14 
2021-01-03T17:50:51 0 0 경기79바1714 4 70 232000081 277102331 14 
2021-01-03T17:51:51 0 0 경기79바1714 4 70 232000081 277102331 14 
2021-01-03T17:52:51 0 0 경기79바1714 4 70 232000081 277102735 15 
2021-01-03T17:53:51 0 0 경기79바1714 4 70 232000081 277102735 15 
2021-01-03T17:54:49 0 0 경기79바1714 4 70 232000081 277102735 15 
2021-01-03T17:55:49 0 0 경기79바1714 4 70 232000081 277102735 15 
2021-01-03T17:56:49 0 0 경기79바1714 4 70 232000081 277102735 15 
2021-01-03T17:57:49 0 0 경기79바1714 4 70 232000081 277102737 16 
2021-01-03T17:58:49 0 0 경기79바1714 4 70 232000081 277102737 16 
2021-01-03T17:59:48 0 0 경기79바1714 4 70 232000081 277102737 16 
2021-01-03T18:00:47 0 0 경기79바1714 4 70 232000081 277101769 17 
2021-01-03T18:01:47 0 0 경기79바1714 4 70 232000081 277101769 17 
2021-01-03T18:02:47 0 0 경기79바1714 4 70 232000081 277101769 17 
2021-01-03T18:03:46 0 0 경기79바1714 4 70 232000081 277101769 17 
2021-01-03T18:04:46 0 0 경기79바1714 4 70 232000081 277103403 18 
2021-01-03T18:05:46 0 0 경기79바1714 4 70 232000081 277103403 18 
2021-01-03T18:06:45 0 0 경기79바1714 4 70 232000081 277103403 18 
2021-01-03T18:07:45 0 0 경기79바1714 4 70 232000081 277103404 19 
2021-01-03T18:08:45 0 0 경기79바1714 4 70 232000081 277103406 20 
2021-01-03T18:09:44 0 0 경기79바1714 4 70 232000081 277103410 21 
2021-01-03T18:10:44 0 0 경기79바1714 4 70 232000081 277102324 22 
2021-01-03T18:11:44 0 0 경기79바1714 4 70 232000081 277102324 22 
2021-01-03T18:12:44 0 0 경기79바1714 4 70 232000081 277103895 23 
2021-01-03T18:13:43 0 0 경기79바1714 4 70 232000081 277103895 23 
2021-01-03T18:14:43 0 0 경기79바1714 4 70 232000081 277103895 23 
2021-01-03T18:15:42 0 0 경기79바1714 4 70 232000081 277103895 23 
2021-01-03T18:16:42 0 0 경기79바1714 4 70 232000081 119000033 24 
2021-01-03T18:17:42 0 0 경기79바1714 4 70 232000081 119000033 24 
2021-01-03T18:18:42 0 0 경기79바1714 4 70 232000081 119000033 24 
2021-01-03T18:19:42 0 0 경기79바1714 4 70 232000081 119000033 24 
2021-01-03T18:20:41 0 0 경기79바1714 4 70 232000081 119000040 25 
2021-01-03T18:21:41 0 0 경기79바1714 4 70 232000081 119000040 25 
2021-01-03T18:22:41 0 0 경기79바1714 4 70 232000081 119000040 25 
2021-01-03T18:23:41 0 0 경기79바1714 4 70 232000081 119000040 25 
2021-01-03T18:24:40 0 0 경기79바1714 4 70 232000081 119000040 25 
2021-01-03T18:25:39 0 0 경기79바1714 4 70 232000081 119000040 25 
2021-01-03T18:26:39 0 0 경기79바1714 4 70 232000081 119000040 25 
2021-01-03T18:27:39 0 0 경기79바1714 4 70 232000081 121000020 26 
2021-01-03T18:28:38 0 0 경기79바1714 4 70 232000081 121000020 26 
2021-01-03T18:29:38 0 0 경기79바1714 4 70 232000081 121000018 27 
2021-01-03T18:30:38 0 0 경기79바1714 4 70 232000081 121000018 27 
2021-01-03T18:31:38 0 0 경기79바1714 4 70 232000081 121000018 27 
2021-01-03T18:32:38 0 0 경기79바1714 4 70 232000081 121000018 27 
2021-01-03T18:33:37 0 0 경기79바1714 4 70 232000081 121000013 28 
2021-01-03T18:34:37 0 0 경기79바1714 4 70 232000081 121000013 28 
2021-01-03T18:35:36 0 0 경기79바1714 4 70 232000081 121000013 28 
2021-01-03T18:36:36 0 0 경기79바1714 4 70 232000081 121000011 29 
2021-01-03T18:37:36 0 0 경기79바1714 4 70 232000081 121000011 29 
2021-01-03T18:38:36 0 0 경기79바1714 4 70 232000081 121000011 29 
2021-01-03T18:39:36 0 0 경기79바1714 4 71 232000081 121000009 30 
2021-01-03T18:40:35 0 0 경기79바1714 4 71 232000081 121000009 30 
2021-01-03T18:41:34 0 0 경기79바1714 4 71 232000081 121000009 30 
2021-01-03T18:42:34 0 0 경기79바1714 4 71 232000081 121000009 30 
2021-01-03T18:43:34 0 0 경기79바1714 4 71 232000081 121000009 30 
2021-01-03T18:44:34 0 0 경기79바1714 4 71 232000081 277101860 31 
2021-01-03T18:45:33 0 0 경기79바1714 4 71 232000081 277104255 32 
2021-01-03T18:46:33 0 0 경기79바1714 4 71 232000081 277104255 32 
2021-01-03T18:47:33 0 0 경기79바1714 4 71 232000081 277104253 34 
2021-01-03T18:48:33 0 0 경기79바1714 4 71 232000081 277104253 34 
2021-01-03T18:49:33 0 0 경기79바1714 4 71 232000081 277104253 34 
2021-01-03T18:50:32 0 0 경기79바1714 4 71 232000081 277104254 35 
2021-01-03T18:51:32 0 0 경기79바1714 4 71 232000081 277104254 35 
2021-01-03T18:52:32 0 0 경기79바1714 4 71 232000081 277101873 36 
2021-01-03T18:53:32 0 0 경기79바1714 4 71 232000081 277101873 36 
2021-01-03T18:54:31 0 0 경기79바1714 4 71 232000081 277101873 36 
2021-01-03T18:55:31 0 0 경기79바1714 4 71 232000081 122000614 37 
2021-01-03T18:56:30 0 0 경기79바1714 4 71 232000081 122000614 37 
2021-01-03T18:57:30 0 0 경기79바1714 4 71 232000081 122000614 37 
2021-01-03T18:58:30 0 0 경기79바1714 4 71 232000081 122000654 38 
2021-01-03T18:59:29 0 0 경기79바1714 4 69 232000081 122000654 38 
2021-01-03T19:00:28 0 0 경기79바1714 4 69 232000081 121000014 39 
2021-01-03T19:01:28 0 0 경기79바1714 4 69 232000081 121000014 39 
2021-01-03T19:02:28 0 0 경기79바1714 4 69 232000081 121000014 39 
2021-01-03T19:03:28 0 0 경기79바1714 4 69 232000081 121000017 40 
2021-01-03T19:04:28 0 0 경기79바1714 4 68 232000081 121000017 40 
2021-01-03T19:05:27 0 0 경기79바1714 4 68 232000081 121000017 40 
2021-01-03T19:06:26 0 0 경기79바1714 4 68 232000081 121000017 40 
2021-01-03T19:07:26 0 0 경기79바1714 4 64 232000081 121000019 41 
2021-01-03T19:08:25 0 0 경기79바1714 4 64 232000081 121000019 41 
2021-01-03T19:09:24 0 0 경기79바1714 4 64 232000081 121000019 41 
2021-01-03T19:10:24 0 0 경기79바1714 4 64 232000081 121000019 41 
2021-01-03T19:11:23 0 0 경기79바1714 4 64 232000081 121000019 41 
2021-01-03T19:12:23 0 0 경기79바1714 4 64 232000081 119000041 42 
2021-01-03T19:13:22 0 0 경기79바1714 4 64 232000081 119000041 42 
2021-01-03T19:14:22 0 0 경기79바1714 4 64 232000081 119000034 43 
2021-01-03T19:15:22 0 0 경기79바1714 4 63 232000081 119000034 43 
2021-01-03T19:16:21 0 0 경기79바1714 4 63 232000081 119000034 43 
2021-01-03T19:17:21 0 0 경기79바1714 4 63 232000081 119000034 43 
2021-01-03T19:18:21 0 0 경기79바1714 4 63 232000081 119000034 43 
2021-01-03T19:19:21 0 0 경기79바1714 4 63 232000081 277103859 44 
2021-01-03T19:20:21 0 0 경기79바1714 4 63 232000081 277103859 44 
2021-01-03T19:21:20 0 0 경기79바1714 4 63 232000081 277103859 44 
2021-01-03T19:22:20 0 0 경기79바1714 4 63 232000081 277100138 45 
2021-01-03T19:23:21 0 0 경기79바1714 4 63 232000081 277103411 46 
2021-01-03T19:24:19 0 0 경기79바1714 4 63 232000081 277103407 47 
2021-01-03T19:25:18 0 0 경기79바1714 4 63 232000081 277103405 48 
2021-01-03T19:26:18 0 0 경기79바1714 4 63 232000081 277103405 48 
2021-01-03T19:27:17 0 0 경기79바1714 4 63 232000081 277103405 48 
2021-01-03T19:28:17 0 0 경기79바1714 4 63 232000081 277103402 49 
2021-01-03T19:29:16 0 0 경기79바1714 4 63 232000081 277103402 49 
2021-01-03T19:30:16 0 0 경기79바1714 4 63 232000081 277103402 49 
2021-01-03T19:31:16 0 0 경기79바1714 4 63 232000081 277103401 50 
2021-01-03T19:32:16 0 0 경기79바1714 4 63 232000081 277103401 50 
2021-01-03T19:33:16 0 0 경기79바1714 4 63 232000081 277103401 50 
2021-01-03T19:34:16 0 0 경기79바1714 4 63 232000081 277102738 51 
2021-01-03T19:35:16 0 0 경기79바1714 4 63 232000081 277102738 51 
2021-01-03T19:36:15 0 0 경기79바1714 4 63 232000081 277102738 51 
2021-01-03T19:37:15 0 0 경기79바1714 4 63 232000081 277102738 51 
2021-01-03T19:38:15 0 0 경기79바1714 4 63 232000081 277102738 51 
2021-01-03T19:39:15 0 0 경기79바1714 4 63 232000081 277102736 52 
2021-01-03T19:40:14 0 0 경기79바1714 4 63 232000081 277102736 52 
2021-01-03T19:41:14 0 0 경기79바1714 4 63 232000081 277102736 52 
2021-01-03T19:42:14 0 0 경기79바1714 4 63 232000081 232000829 53 
2021-01-03T19:43:14 0 0 경기79바1714 4 63 232000081 232000829 53 
2021-01-03T19:44:14 0 0 경기79바1714 4 63 232000081 232000829 53 
2021-01-03T19:45:14 0 0 경기79바1714 4 63 232000081 232000726 54 
2021-01-03T19:46:14 0 0 경기79바1714 4 65 232000081 232000726 54 
2021-01-03T19:47:14 0 0 경기79바1714 4 66 232000081 232000759 55 
2021-01-03T19:48:14 0 0 경기79바1714 4 66 232000081 232000759 55 
2021-01-03T19:49:14 0 0 경기79바1714 4 66 232000081 232000544 56 
2021-01-03T19:50:13 0 0 경기79바1714 4 66 232000081 232000544 56 
2021-01-03T19:51:13 0 0 경기79바1714 4 66 232000081 232000544 56 
2021-01-03T19:52:12 0 0 경기79바1714 4 66 232000081 232000544 56 
2021-01-03T19:53:11 0 0 경기79바1714 4 66 232000081 232000544 56 
2021-01-03T19:54:11 0 0 경기79바1714 4 68 232000081 232000554 57 
2021-01-03T19:55:11 0 0 경기79바1714 4 68 232000081 232000554 57 
2021-01-03T19:56:10 0 0 경기79바1714 4 68 232000081 232000550 58 
2021-01-03T19:57:10 0 0 경기79바1714 4 68 232000081 232000546 59 
2021-01-03T19:58:10 0 0 경기79바1714 4 68 232000081 232000546 59 
2021-01-03T19:59:09 0 0 경기79바1714 4 68 232000081 232000546 59 
2021-01-03T20:00:09 0 0 경기79바1714 4 68 232000081 232000546 59 
2021-01-03T20:01:09 0 0 경기79바1714 4 68 232000081 232000546 59 
2021-01-03T20:02:08 0 0 경기79바1714 4 68 232000081 232000781 60 
2021-01-03T20:03:08 0 0 경기79바1714 4 68 232000081 232000742 61 
2021-01-03T20:04:08 0 0 경기79바1714 4 68 232000081 232000742 61 
2021-01-03T20:05:07 0 0 경기79바1714 4 68 232000081 232000706 62 
2021-01-03T20:06:06 0 0 경기79바1714 4 68 232000081 232000706 62 
2021-01-03T20:07:06 0 0 경기79바1714 4 70 232000081 232000706 62 
2021-01-03T20:08:05 0 0 경기79바1714 4 70 232000081 232000724 63 
2021-01-03T20:09:05 0 0 경기79바1714 4 70 232000081 232000724 63 
2021-01-03T20:10:06 0 0 경기79바1714 4 71 232000081 232000724 63 
