234001511 2020-12-30T23:09:39.367284+09:00
2020-12-31T06:50:48 0 0 경기74아3380 4 71 234001511 222000824 1 
2020-12-31T06:51:47 0 0 경기74아3380 4 71 234001511 222000824 1 
2020-12-31T06:52:47 0 0 경기74아3380 4 71 234001511 222000171 2 
2020-12-31T06:53:47 0 0 경기74아3380 4 68 234001511 222000170 3 
2020-12-31T06:54:47 0 0 경기74아3380 4 68 234001511 222000170 3 
2020-12-31T06:55:47 0 0 경기74아3380 4 68 234001511 222000323 4 
2020-12-31T06:56:47 0 0 경기74아3380 4 67 234001511 222000322 5 
2020-12-31T06:57:46 0 0 경기74아3380 4 67 234001511 222000321 6 
2020-12-31T06:58:45 0 0 경기74아3380 4 67 234001511 222000320 7 
2020-12-31T06:59:44 0 0 경기74아3380 4 67 234001511 222000320 7 
2020-12-31T07:00:44 0 0 경기74아1385 3 36 234001511 222000824 1 
2020-12-31T07:00:44 0 0 경기74아3380 4 67 234001511 222000320 7 
2020-12-31T07:01:43 0 0 경기74아1385 3 36 234001511 222000824 1 
2020-12-31T07:01:43 0 0 경기74아3380 4 67 234001511 222000320 7 
2020-12-31T07:02:42 0 0 경기74아1385 3 36 234001511 222000171 2 
2020-12-31T07:02:42 0 0 경기74아3380 4 66 234001511 222000181 8 
2020-12-31T07:03:41 0 0 경기74아1385 3 33 234001511 222000170 3 
2020-12-31T07:03:41 0 0 경기74아3380 4 66 234001511 222000180 9 
2020-12-31T07:04:41 0 0 경기74아1385 3 33 234001511 222000323 4 
2020-12-31T07:04:41 0 0 경기74아3380 4 64 234001511 222000179 10 
2020-12-31T07:05:40 0 0 경기74아1385 3 31 234001511 222000323 4 
2020-12-31T07:05:40 0 0 경기74아3380 4 62 234001511 222000179 10 
2020-12-31T07:06:39 0 0 경기74아1385 3 31 234001511 222000323 4 
2020-12-31T07:06:39 0 0 경기74아3380 4 62 234001511 222000179 10 
2020-12-31T07:07:39 0 0 경기74아1385 3 29 234001511 222000322 5 
2020-12-31T07:07:39 0 0 경기74아3380 4 62 234001511 222000178 11 
2020-12-31T07:08:38 0 0 경기74아1385 3 28 234001511 222000321 6 
2020-12-31T07:08:38 0 0 경기74아3380 4 51 234001511 222000178 11 
2020-12-31T07:09:37 0 0 경기74아1385 3 28 234001511 222000181 8 
2020-12-31T07:09:37 0 0 경기74아3380 4 51 234001511 222000178 11 
2020-12-31T07:10:37 0 0 경기74아1385 3 28 234001511 222000180 9 
2020-12-31T07:10:37 0 0 경기74아3380 4 49 234001511 222000177 12 
2020-12-31T07:10:37 0 0 경기74아3357 4 69 234001511 222000824 1 
2020-12-31T07:11:37 0 0 경기74아1385 3 24 234001511 222000180 9 
2020-12-31T07:11:37 0 0 경기74아3380 4 49 234001511 222000177 12 
2020-12-31T07:11:37 0 0 경기74아3357 4 69 234001511 222000824 1 
2020-12-31T07:12:37 0 0 경기74아1385 3 23 234001511 222000179 10 
2020-12-31T07:12:37 0 0 경기74아3380 4 49 234001511 222000177 12 
2020-12-31T07:12:37 0 0 경기74아3357 4 69 234001511 222000171 2 
2020-12-31T07:13:36 0 0 경기74아1385 3 23 234001511 222000179 10 
2020-12-31T07:13:36 0 0 경기74아3380 4 49 234001511 277102831 13 
2020-12-31T07:13:36 0 0 경기74아3357 4 68 234001511 222000170 3 
2020-12-31T07:14:36 0 0 경기74아1385 3 23 234001511 222000179 10 
2020-12-31T07:14:36 0 0 경기74아3380 4 49 234001511 277102831 13 
2020-12-31T07:14:36 0 0 경기74아3357 4 68 234001511 222000323 4 
2020-12-31T07:15:36 0 0 경기74아1385 3 23 234001511 222000178 11 
2020-12-31T07:15:36 0 0 경기74아3380 4 49 234001511 277102831 13 
2020-12-31T07:15:36 0 0 경기74아3357 4 67 234001511 222000322 5 
2020-12-31T07:16:36 0 0 경기74아1385 3 11 234001511 222000178 11 
2020-12-31T07:16:36 0 0 경기74아3380 4 49 234001511 277102831 13 
2020-12-31T07:16:36 0 0 경기74아3357 4 67 234001511 222000320 7 
2020-12-31T07:17:35 0 0 경기74아1385 3 11 234001511 222000177 12 
2020-12-31T07:17:35 0 0 경기74아3357 4 67 234001511 222000320 7 
2020-12-31T07:17:35 0 0 경기74아3380 4 49 234001511 277102833 14 
2020-12-31T07:18:34 0 0 경기74아1385 3 7 234001511 222000177 12 
2020-12-31T07:18:34 0 0 경기74아3357 4 67 234001511 222000320 7 
2020-12-31T07:18:34 0 0 경기74아3380 4 49 234001511 277102835 15 
2020-12-31T07:19:34 0 0 경기74아1385 3 7 234001511 222000177 12 
2020-12-31T07:19:34 0 0 경기74아3357 4 67 234001511 222000320 7 
2020-12-31T07:19:34 0 0 경기74아3380 4 49 234001511 277102835 15 
2020-12-31T07:20:33 0 0 경기74아1385 3 7 234001511 277102831 13 
2020-12-31T07:20:33 0 0 경기74아3380 4 49 234001511 277102837 16 
2020-12-31T07:20:33 0 0 경기74아3357 4 67 234001511 222000181 8 
2020-12-31T07:21:32 0 0 경기74아1385 3 7 234001511 277102831 13 
2020-12-31T07:21:32 0 0 경기74아3380 4 49 234001511 222000302 17 
2020-12-31T07:21:32 0 0 경기74아3357 4 66 234001511 222000180 9 
2020-12-31T07:22:32 0 0 경기74아1385 3 7 234001511 277102831 13 
2020-12-31T07:22:32 0 0 경기74아3380 4 49 234001511 222000302 17 
2020-12-31T07:22:32 0 0 경기74아3357 4 64 234001511 222000179 10 
2020-12-31T07:23:31 0 0 경기74아1385 3 7 234001511 277102831 13 
2020-12-31T07:23:31 0 0 경기74아3357 4 64 234001511 222000179 10 
2020-12-31T07:23:31 0 0 경기74아3380 4 49 234001511 221000039 18 
2020-12-31T07:24:31 0 0 경기74아1385 3 7 234001511 277102833 14 
2020-12-31T07:24:31 0 0 경기74아3357 4 59 234001511 222000178 11 
2020-12-31T07:24:31 0 0 경기74아3380 4 49 234001511 277100104 19 
2020-12-31T07:25:30 0 0 경기74아1385 3 7 234001511 277102833 14 
2020-12-31T07:25:30 0 0 경기74아3357 4 59 234001511 222000178 11 
2020-12-31T07:25:30 0 0 경기74아3380 4 49 234001511 277100104 19 
2020-12-31T07:26:30 0 0 경기74아1385 3 7 234001511 277102835 15 
2020-12-31T07:26:30 0 0 경기74아3357 4 59 234001511 222000177 12 
2020-12-31T07:26:30 0 0 경기74아3380 4 49 234001511 277103306 20 
2020-12-31T07:27:29 0 0 경기74아1385 3 7 234001511 277102835 15 
2020-12-31T07:27:29 0 0 경기74아3380 4 49 234001511 277103306 20 
2020-12-31T07:27:29 0 0 경기74아3357 4 57 234001511 222000177 12 
2020-12-31T07:28:28 0 0 경기74아1385 3 7 234001511 277102837 16 
2020-12-31T07:28:28 0 0 경기74아3380 4 49 234001511 277103306 20 
2020-12-31T07:28:28 0 0 경기74아3357 4 57 234001511 222000177 12 
2020-12-31T07:29:27 0 0 경기74아1385 3 8 234001511 222000302 17 
2020-12-31T07:29:27 0 0 경기74아3380 4 49 234001511 277103306 20 
2020-12-31T07:29:27 0 0 경기74아3357 4 57 234001511 277102831 13 
2020-12-31T07:30:27 0 0 경기74아1385 3 8 234001511 222000302 17 
2020-12-31T07:30:27 0 0 경기74아3357 4 57 234001511 277102831 13 
2020-12-31T07:30:27 0 0 경기74아3380 4 49 234001511 277102674 21 
2020-12-31T07:31:25 0 0 경기74아1385 3 8 234001511 222000302 17 
2020-12-31T07:31:25 0 0 경기74아3357 4 57 234001511 277102831 13 
2020-12-31T07:31:25 0 0 경기74아3380 4 49 234001511 277103309 22 
2020-12-31T07:32:26 0 0 경기74아1385 3 8 234001511 277100104 19 
2020-12-31T07:32:26 0 0 경기74아3357 4 57 234001511 277102831 13 
2020-12-31T07:32:26 0 0 경기74아3380 4 49 234001511 277103309 22 
2020-12-31T07:33:24 0 0 경기74아1385 3 8 234001511 277100104 19 
2020-12-31T07:33:24 0 0 경기74아3357 4 57 234001511 277102831 13 
2020-12-31T07:33:24 0 0 경기74아3380 4 49 234001511 277103308 23 
2020-12-31T07:34:24 0 0 경기74아1385 3 8 234001511 277103306 20 
2020-12-31T07:34:24 0 0 경기74아3380 4 49 234001511 277103308 23 
2020-12-31T07:34:24 0 0 경기74아3357 4 57 234001511 277102833 14 
2020-12-31T07:35:24 0 0 경기74아1385 3 8 234001511 277103306 20 
2020-12-31T07:35:24 0 0 경기74아3357 4 57 234001511 277102833 14 
2020-12-31T07:35:24 0 0 경기74아3380 4 49 234001511 277102302 24 
2020-12-31T07:36:24 0 0 경기74아1385 3 8 234001511 277103306 20 
2020-12-31T07:36:24 0 0 경기74아3357 4 57 234001511 277102835 15 
2020-12-31T07:36:24 0 0 경기74아3380 4 49 234001511 277102302 24 
2020-12-31T07:37:24 0 0 경기74아1385 3 8 234001511 277103306 20 
2020-12-31T07:37:24 0 0 경기74아3380 4 49 234001511 277102302 24 
2020-12-31T07:37:24 0 0 경기74아3357 4 57 234001511 277102837 16 
2020-12-31T07:38:23 0 0 경기74아1385 3 8 234001511 277102674 21 
2020-12-31T07:38:23 0 0 경기74아3380 4 49 234001511 277102302 24 
2020-12-31T07:38:23 0 0 경기74아3357 4 57 234001511 222000302 17 
2020-12-31T07:39:23 0 0 경기74아1385 3 8 234001511 277103309 22 
2020-12-31T07:39:23 0 0 경기74아3380 4 49 234001511 277102302 24 
2020-12-31T07:39:23 0 0 경기74아3357 4 57 234001511 222000302 17 
2020-12-31T07:40:23 0 0 경기74아1385 3 8 234001511 277103309 22 
2020-12-31T07:40:23 0 0 경기74아3380 4 49 234001511 277102302 24 
2020-12-31T07:40:23 0 0 경기74아3357 4 57 234001511 221000039 18 
2020-12-31T07:41:23 0 0 경기74아1385 3 8 234001511 277103308 23 
2020-12-31T07:41:23 0 0 경기74아3380 4 49 234001511 277102302 24 
2020-12-31T07:41:23 0 0 경기74아3357 4 57 234001511 277100104 19 
2020-12-31T07:42:23 0 0 경기74아1385 3 8 234001511 277103308 23 
2020-12-31T07:42:23 0 0 경기74아3380 4 49 234001511 277102302 24 
2020-12-31T07:42:23 0 0 경기74아3357 4 57 234001511 277103306 20 
2020-12-31T07:43:23 0 0 경기74아1385 3 8 234001511 277102302 24 
2020-12-31T07:43:23 0 0 경기74아3380 4 49 234001511 277102302 24 
2020-12-31T07:43:23 0 0 경기74아3357 4 57 234001511 277103306 20 
2020-12-31T07:44:22 0 0 경기74아1385 3 8 234001511 277102302 24 
2020-12-31T07:44:22 0 0 경기74아3380 4 49 234001511 277102302 24 
2020-12-31T07:44:22 0 0 경기74아3357 4 57 234001511 277103306 20 
2020-12-31T07:45:21 0 0 경기74아1385 3 8 234001511 277102302 24 
2020-12-31T07:45:21 0 0 경기74아3380 4 49 234001511 277102302 24 
2020-12-31T07:45:21 0 0 경기74아3357 4 57 234001511 277103306 20 
2020-12-31T07:46:20 0 0 경기74아1385 3 8 234001511 123000611 25 
2020-12-31T07:46:20 0 0 경기74아3380 4 49 234001511 277102302 24 
2020-12-31T07:46:20 0 0 경기74아3357 4 57 234001511 277102674 21 
2020-12-31T07:47:19 0 0 경기74아1385 3 8 234001511 123000611 25 
2020-12-31T07:47:19 0 0 경기74아3357 4 57 234001511 277103309 22 
2020-12-31T07:47:19 0 0 경기74아3380 4 66 234001511 277102302 24 
2020-12-31T07:48:19 0 0 경기74아1385 3 8 234001511 123000611 25 
2020-12-31T07:48:19 0 0 경기74아3357 4 57 234001511 277103309 22 
2020-12-31T07:48:19 0 0 경기74아3380 4 66 234001511 123000611 25 
2020-12-31T07:49:18 0 0 경기74아1385 3 8 234001511 123000611 25 
2020-12-31T07:49:18 0 0 경기74아3380 4 66 234001511 123000611 25 
2020-12-31T07:49:18 0 0 경기74아3357 4 57 234001511 277103308 23 
2020-12-31T07:50:17 0 0 경기74아1385 3 8 234001511 123000611 25 
2020-12-31T07:50:17 0 0 경기74아3357 4 57 234001511 277103308 23 
2020-12-31T07:50:17 0 0 경기74아3380 4 66 234001511 123000611 25 
2020-12-31T07:51:16 0 0 경기74아1385 3 8 234001511 123000611 25 
2020-12-31T07:51:16 0 0 경기74아3357 4 57 234001511 277102302 24 
2020-12-31T07:51:16 0 0 경기74아3380 4 66 234001511 277103310 26 
2020-12-31T07:52:15 0 0 경기74아1385 3 8 234001511 123000611 25 
2020-12-31T07:52:15 0 0 경기74아3357 4 57 234001511 277102302 24 
2020-12-31T07:52:15 0 0 경기74아3380 4 66 234001511 277102675 27 
2020-12-31T07:53:14 0 0 경기74아1385 3 8 234001511 123000611 25 
2020-12-31T07:53:14 0 0 경기74아3380 4 66 234001511 277102675 27 
2020-12-31T07:53:14 0 0 경기74아3357 4 57 234001511 277102302 24 
2020-12-31T07:54:14 0 0 경기74아1385 3 8 234001511 123000611 25 
2020-12-31T07:54:14 0 0 경기74아3380 4 66 234001511 277102675 27 
2020-12-31T07:54:14 0 0 경기74아3357 4 57 234001511 123000611 25 
2020-12-31T07:55:13 0 0 경기74아1385 3 39 234001511 123000611 25 
2020-12-31T07:55:13 0 0 경기74아3357 4 57 234001511 123000611 25 
2020-12-31T07:55:13 0 0 경기74아3380 4 66 234001511 277103307 28 
2020-12-31T07:56:12 0 0 경기74아1385 3 39 234001511 123000611 25 
2020-12-31T07:56:12 0 0 경기74아3357 4 57 234001511 123000611 25 
2020-12-31T07:56:12 0 0 경기74아3380 4 66 234001511 277103313 29 
2020-12-31T07:57:12 0 0 경기74아1385 3 39 234001511 123000611 25 
2020-12-31T07:57:12 0 0 경기74아3357 4 57 234001511 123000611 25 
2020-12-31T07:57:12 0 0 경기74아3380 4 67 234001511 221000238 30 
2020-12-31T07:58:12 0 0 경기74아1385 3 39 234001511 123000611 25 
2020-12-31T07:58:12 0 0 경기74아3357 4 57 234001511 123000611 25 
2020-12-31T07:58:12 0 0 경기74아3380 4 67 234001511 221000238 30 
2020-12-31T07:59:11 0 0 경기74아1385 3 39 234001511 123000611 25 
2020-12-31T07:59:11 0 0 경기74아3357 4 57 234001511 123000611 25 
2020-12-31T07:59:11 0 0 경기74아3380 4 67 234001511 222000301 31 
2020-12-31T08:00:10 0 0 경기74아1385 3 39 234001511 277103310 26 
2020-12-31T08:00:10 0 0 경기74아3357 4 57 234001511 123000611 25 
2020-12-31T08:00:10 0 0 경기74아3380 4 67 234001511 277102838 32 
2020-12-31T08:01:09 0 0 경기74아1385 3 39 234001511 277102675 27 
2020-12-31T08:01:09 0 0 경기74아3357 4 57 234001511 123000611 25 
2020-12-31T08:01:09 0 0 경기74아3380 4 67 234001511 277102836 33 
2020-12-31T08:02:08 0 0 경기74아1385 3 39 234001511 277102675 27 
2020-12-31T08:02:08 0 0 경기74아3380 4 67 234001511 277102836 33 
2020-12-31T08:02:08 0 0 경기74아3357 4 65 234001511 123000611 25 
2020-12-31T08:03:08 0 0 경기74아1385 3 39 234001511 277102675 27 
2020-12-31T08:03:08 0 0 경기74아3357 4 65 234001511 123000611 25 
2020-12-31T08:03:08 0 0 경기74아3380 4 67 234001511 277102834 34 
2020-12-31T08:04:08 0 0 경기74아1385 3 39 234001511 277102675 27 
2020-12-31T08:04:08 0 0 경기74아3380 4 67 234001511 277102834 34 
2020-12-31T08:04:08 0 0 경기74아3357 4 65 234001511 123000611 25 
2020-12-31T08:05:07 0 0 경기74아1385 3 39 234001511 277103307 28 
2020-12-31T08:05:07 0 0 경기74아3380 4 67 234001511 277102834 34 
2020-12-31T08:05:07 0 0 경기74아3357 4 65 234001511 123000611 25 
2020-12-31T08:06:07 0 0 경기74아1385 3 39 234001511 277103313 29 
2020-12-31T08:06:07 0 0 경기74아3380 4 67 234001511 277102834 34 
2020-12-31T08:06:07 0 0 경기74아3357 4 65 234001511 277103310 26 
2020-12-31T08:07:06 0 0 경기74아1385 3 39 234001511 221000238 30 
2020-12-31T08:07:06 0 0 경기74아3357 4 65 234001511 277102675 27 
2020-12-31T08:07:06 0 0 경기74아3380 4 67 234001511 277102832 35 
2020-12-31T08:08:05 0 0 경기74아1385 3 39 234001511 221000238 30 
2020-12-31T08:08:05 0 0 경기74아3357 4 65 234001511 277102675 27 
2020-12-31T08:08:05 0 0 경기74아3380 4 67 234001511 277102832 35 
2020-12-31T08:09:04 0 0 경기74아1385 3 39 234001511 222000301 31 
2020-12-31T08:09:04 0 0 경기74아3357 4 65 234001511 277102675 27 
2020-12-31T08:09:04 0 0 경기74아3380 4 67 234001511 277102832 35 
2020-12-31T08:10:05 0 0 경기74아1385 3 39 234001511 277102838 32 
2020-12-31T08:10:05 0 0 경기74아3357 4 65 234001511 277103307 28 
2020-12-31T08:10:05 0 0 경기74아3380 4 69 234001511 222000186 36 
2020-12-31T08:11:04 0 0 경기74아1385 3 39 234001511 277102838 32 
2020-12-31T08:11:04 0 0 경기74아3380 4 71 234001511 222000186 36 
2020-12-31T08:11:04 0 0 경기74아3357 4 65 234001511 277103313 29 
2020-12-31T08:12:04 0 0 경기74아1385 3 39 234001511 277102836 33 
2020-12-31T08:12:04 0 0 경기74아3380 4 71 234001511 222000185 37 
2020-12-31T08:12:04 0 0 경기74아3357 4 65 234001511 221000238 30 
2020-12-31T08:13:03 0 0 경기74아1385 3 39 234001511 277102836 33 
2020-12-31T08:13:03 0 0 경기74아3357 4 65 234001511 221000238 30 
2020-12-31T08:13:03 0 0 경기74아3380 4 71 234001511 222000184 38 
2020-12-31T08:14:02 0 0 경기74아1385 3 39 234001511 277102834 34 
2020-12-31T08:14:02 0 0 경기74아3380 4 71 234001511 222000184 38 
2020-12-31T08:14:02 0 0 경기74아3357 4 65 234001511 222000301 31 
2020-12-31T08:15:02 0 0 경기74아1385 3 39 234001511 277102834 34 
2020-12-31T08:15:02 0 0 경기74아3357 4 65 234001511 277102838 32 
2020-12-31T08:15:02 0 0 경기74아3380 4 71 234001511 222000182 40 
2020-12-31T08:16:01 0 0 경기74아1385 3 39 234001511 277102834 34 
2020-12-31T08:16:01 0 0 경기74아3380 4 71 234001511 222000328 41 
2020-12-31T08:16:01 0 0 경기74아3357 4 65 234001511 277102836 33 
2020-12-31T08:17:00 0 0 경기74아1385 3 39 234001511 277102834 34 
2020-12-31T08:17:00 0 0 경기74아3357 4 65 234001511 277102836 33 
2020-12-31T08:17:00 0 0 경기74아3380 4 71 234001511 222000327 42 
2020-12-31T08:18:00 0 0 경기74아1385 3 39 234001511 277102834 34 
2020-12-31T08:18:00 0 0 경기74아3357 4 65 234001511 277102834 34 
2020-12-31T08:18:00 0 0 경기74아3380 4 71 234001511 222000325 44 
2020-12-31T08:18:59 0 0 경기74아1385 3 39 234001511 277102832 35 
2020-12-31T08:18:59 0 0 경기74아3357 4 65 234001511 277102834 34 
2020-12-31T08:18:59 0 0 경기74아3380 4 71 234001511 222000324 46 
2020-12-31T08:19:59 0 0 경기74아1385 3 39 234001511 277102832 35 
2020-12-31T08:19:59 0 0 경기74아3357 4 65 234001511 277102834 34 
2020-12-31T08:19:59 0 0 경기74아3380 4 71 234001511 222000324 46 
2020-12-31T08:20:58 0 0 경기74아1385 3 39 234001511 277102832 35 
2020-12-31T08:20:58 0 0 경기74아3357 4 65 234001511 277102834 34 
2020-12-31T08:20:58 0 0 경기74아3380 4 71 234001511 222000174 48 
2020-12-31T08:21:57 0 0 경기74아1385 3 39 234001511 277102832 35 
2020-12-31T08:21:57 0 0 경기74아3357 4 65 234001511 277102832 35 
2020-12-31T08:21:57 0 0 경기74아3380 4 71 234001511 222000163 51 
2020-12-31T08:22:56 0 0 경기74아1385 3 39 234001511 222000186 36 
2020-12-31T08:22:56 0 0 경기74아3357 4 65 234001511 277102832 35 
2020-12-31T08:22:56 0 0 경기74아3380 4 71 234001511 222000163 51 
2020-12-31T08:23:56 0 0 경기74아1385 3 39 234001511 222000185 37 
2020-12-31T08:23:56 0 0 경기74아3357 4 65 234001511 277102832 35 
2020-12-31T08:23:56 0 0 경기74아3380 4 72 234001511 222000958 52 
2020-12-31T08:24:56 0 0 경기74아1385 3 39 234001511 222000185 37 
2020-12-31T08:24:56 0 0 경기74아3357 4 67 234001511 222000186 36 
2020-12-31T08:24:56 0 0 경기74아3380 4 72 234001511 222000958 52 
2020-12-31T08:25:55 0 0 경기74아1385 3 39 234001511 222000184 38 
2020-12-31T08:25:55 0 0 경기74아3357 4 68 234001511 222000186 36 
2020-12-31T08:25:55 0 0 경기74아3380 4 72 234001511 222001580 53 
2020-12-31T08:26:54 0 0 경기74아1385 3 39 234001511 222000328 41 
2020-12-31T08:26:54 0 0 경기74아3380 4 72 234001511 222001580 53 
2020-12-31T08:26:54 0 0 경기74아3357 4 68 234001511 222000185 37 
2020-12-31T08:27:53 0 0 경기74아1385 3 39 234001511 222000327 42 
2020-12-31T08:27:53 0 0 경기74아3357 4 68 234001511 222000184 38 
2020-12-31T08:27:53 0 0 경기74아3380 4 72 234001511 222000164 54 
2020-12-31T08:28:52 0 0 경기74아1385 3 39 234001511 222000749 45 
2020-12-31T08:28:52 0 0 경기74아3380 4 72 234001511 222001096 55 
2020-12-31T08:28:52 0 0 경기74아3357 4 69 234001511 222000182 40 
2020-12-31T08:29:52 0 0 경기74아1385 3 39 234001511 222000324 46 
2020-12-31T08:29:52 0 0 경기74아3357 4 69 234001511 222000328 41 
2020-12-31T08:29:52 0 0 경기74아3380 4 72 234001511 222000166 56 
2020-12-31T08:30:51 0 0 경기74아1385 3 39 234001511 222000174 48 
2020-12-31T08:30:51 0 0 경기74아3357 4 69 234001511 222000326 43 
2020-12-31T08:31:51 0 0 경기74아1385 3 39 234001511 222000173 50 
2020-12-31T08:31:51 0 0 경기74아3357 4 69 234001511 222000325 44 
2020-12-31T08:32:50 0 0 경기74아1385 3 39 234001511 222000163 51 
2020-12-31T08:32:50 0 0 경기74아3357 4 69 234001511 222000324 46 
2020-12-31T08:33:49 0 0 경기74아1385 3 39 234001511 222000163 51 
2020-12-31T08:33:49 0 0 경기74아3357 4 69 234001511 222000324 46 
2020-12-31T08:34:48 0 0 경기74아1385 3 39 234001511 222000958 52 
2020-12-31T08:34:48 0 0 경기74아3357 4 69 234001511 222000175 47 
2020-12-31T08:35:49 0 0 경기74아1385 3 39 234001511 222001580 53 
2020-12-31T08:35:49 0 0 경기74아3357 4 68 234001511 222000174 48 
2020-12-31T08:36:47 0 0 경기74아1385 3 39 234001511 222001580 53 
2020-12-31T08:36:47 0 0 경기74아3357 4 69 234001511 222000173 50 
2020-12-31T08:37:48 0 0 경기74아1385 3 39 234001511 222000164 54 
2020-12-31T08:37:48 0 0 경기74아3357 4 69 234001511 222000163 51 
2020-12-31T08:38:47 0 0 경기74아1385 3 39 234001511 222001096 55 
2020-12-31T08:38:47 0 0 경기74아3357 4 69 234001511 222000163 51 
2020-12-31T08:39:46 0 0 경기74아3357 4 69 234001511 222000958 52 
2020-12-31T08:40:45 0 0 경기74아3357 4 69 234001511 222001580 53 
2020-12-31T08:41:44 0 0 경기74아3357 4 69 234001511 222001580 53 
2020-12-31T08:42:44 0 0 경기74아3357 4 69 234001511 222000164 54 
2020-12-31T08:43:43 0 0 경기74아3357 4 69 234001511 222001096 55 
2020-12-31T08:44:43 0 0 경기74아3357 4 69 234001511 222000166 56 
2020-12-31T08:45:42 0 0 경기74아3357 4 69 234001511 222000825 57 
2020-12-31T08:46:41 0 0 경기74아3357 4 69 234001511 222000825 57 
2020-12-31T08:47:40 0 0 경기74아3357 4 69 234001511 222000825 57 
2020-12-31T08:48:39 0 0 경기74아3357 4 69 234001511 222000825 57 
2020-12-31T08:49:39 0 0 경기74아3357 4 69 234001511 222000825 57 
2020-12-31T08:50:39 0 0 경기74아3357 4 69 234001511 222000825 57 
2020-12-31T08:51:39 0 0 경기74아3357 4 69 234001511 222000825 57 
2020-12-31T08:52:38 0 0 경기74아3357 4 69 234001511 222000825 57 
2020-12-31T08:53:37 0 0 경기74아3357 4 69 234001511 222000825 57 
2020-12-31T08:54:36 0 0 경기74아3357 4 69 234001511 222000825 57 
2020-12-31T08:55:35 0 0 경기74아3357 4 69 234001511 222000825 57 
2020-12-31T08:56:35 0 0 경기74아3357 4 69 234001511 222000825 57 
2020-12-31T08:57:34 0 0 경기74아3357 4 69 234001511 222000825 57 
2020-12-31T08:58:34 0 0 경기74아3357 4 69 234001511 222000825 57 
2020-12-31T08:59:33 0 0 경기74아3357 4 69 234001511 222000825 57 
2020-12-31T09:20:23 0 0 경기74아3380 4 72 234001511 222000824 1 
2020-12-31T09:21:23 0 0 경기74아3380 4 72 234001511 222000824 1 
2020-12-31T09:22:22 0 0 경기74아3380 4 72 234001511 222000171 2 
2020-12-31T09:23:21 0 0 경기74아3380 4 71 234001511 222000170 3 
2020-12-31T09:24:20 0 0 경기74아3380 4 71 234001511 222000170 3 
2020-12-31T09:25:21 0 0 경기74아3380 4 71 234001511 222000170 3 
2020-12-31T09:26:20 0 0 경기74아3380 4 71 234001511 222000323 4 
2020-12-31T09:27:19 0 0 경기74아3380 4 71 234001511 222000322 5 
2020-12-31T09:28:19 0 0 경기74아3380 4 66 234001511 222000321 6 
2020-12-31T09:29:18 0 0 경기74아3380 4 66 234001511 222000320 7 
2020-12-31T09:30:18 0 0 경기74아3380 4 66 234001511 222000320 7 
2020-12-31T09:31:17 0 0 경기74아3380 4 66 234001511 222000320 7 
2020-12-31T09:32:16 0 0 경기74아3380 4 66 234001511 222000181 8 
2020-12-31T09:33:16 0 0 경기74아3380 4 66 234001511 222000180 9 
2020-12-31T09:34:14 0 0 경기74아3380 4 65 234001511 222000179 10 
2020-12-31T09:35:14 0 0 경기74아3380 4 65 234001511 222000179 10 
2020-12-31T09:36:14 0 0 경기74아3380 4 65 234001511 222000178 11 
2020-12-31T09:37:13 0 0 경기74아3380 4 64 234001511 222000178 11 
2020-12-31T09:38:12 0 0 경기74아3380 4 64 234001511 222000178 11 
2020-12-31T09:39:12 0 0 경기74아3380 4 60 234001511 222000177 12 
2020-12-31T09:40:11 0 0 경기74아3380 4 60 234001511 222000177 12 
2020-12-31T09:41:12 0 0 경기74아3380 4 60 234001511 222000177 12 
2020-12-31T09:41:12 0 0 경기74아3357 4 70 234001511 222000824 1 
2020-12-31T09:42:11 0 0 경기74아3357 4 70 234001511 222000824 1 
2020-12-31T09:42:11 0 0 경기74아3380 4 60 234001511 277102831 13 
2020-12-31T09:43:10 0 0 경기74아3380 4 60 234001511 277102831 13 
2020-12-31T09:43:10 0 0 경기74아3357 4 65 234001511 222000171 2 
2020-12-31T09:44:10 0 0 경기74아3380 4 60 234001511 277102831 13 
2020-12-31T09:44:10 0 0 경기74아3357 4 65 234001511 222000170 3 
2020-12-31T09:45:09 0 0 경기74아3380 4 60 234001511 277102831 13 
2020-12-31T09:45:09 0 0 경기74아3357 4 65 234001511 222000323 4 
2020-12-31T09:46:08 0 0 경기74아3357 4 65 234001511 222000322 5 
2020-12-31T09:46:08 0 0 경기74아3380 4 60 234001511 277102833 14 
2020-12-31T09:47:08 0 0 경기74아3380 4 60 234001511 277102833 14 
2020-12-31T09:47:08 0 0 경기74아3357 4 65 234001511 222000322 5 
2020-12-31T09:48:07 0 0 경기74아3357 4 65 234001511 222000322 5 
2020-12-31T09:48:07 0 0 경기74아3380 4 60 234001511 277102835 15 
2020-12-31T09:49:07 0 0 경기74아3380 4 60 234001511 277102837 16 
2020-12-31T09:49:07 0 0 경기74아3357 4 65 234001511 222000320 7 
2020-12-31T09:50:06 0 0 경기74아3357 4 65 234001511 222000320 7 
2020-12-31T09:50:06 0 0 경기74아3380 4 60 234001511 222000302 17 
2020-12-31T09:51:06 0 0 경기74아3380 4 60 234001511 222000302 17 
2020-12-31T09:51:06 0 0 경기74아3357 4 65 234001511 222000180 9 
2020-12-31T09:52:05 0 0 경기74아3380 4 60 234001511 221000039 18 
2020-12-31T09:52:05 0 0 경기74아3357 4 64 234001511 222000179 10 
2020-12-31T09:53:04 0 0 경기74아3380 4 60 234001511 221000039 18 
2020-12-31T09:53:04 0 0 경기74아3357 4 64 234001511 222000179 10 
2020-12-31T09:54:04 0 0 경기74아3380 4 60 234001511 277100104 19 
2020-12-31T09:54:04 0 0 경기74아3357 4 64 234001511 222000179 10 
2020-12-31T09:55:03 0 0 경기74아3380 4 60 234001511 277100104 19 
2020-12-31T09:55:03 0 0 경기74아3357 4 64 234001511 222000177 12 
2020-12-31T09:56:02 0 0 경기74아3380 4 60 234001511 277103306 20 
2020-12-31T09:56:02 0 0 경기74아3357 4 64 234001511 222000177 12 
2020-12-31T09:57:01 0 0 경기74아3357 4 64 234001511 222000177 12 
2020-12-31T09:57:01 0 0 경기74아3380 4 60 234001511 277103306 20 
2020-12-31T09:58:01 0 0 경기74아3380 4 60 234001511 277103306 20 
2020-12-31T09:58:01 0 0 경기74아3357 4 64 234001511 277102831 13 
2020-12-31T09:59:00 0 0 경기74아3380 4 60 234001511 277103306 20 
2020-12-31T09:59:00 0 0 경기74아3357 4 64 234001511 277102831 13 
2020-12-31T09:59:59 0 0 경기74아3357 4 64 234001511 277102831 13 
2020-12-31T09:59:59 0 0 경기74아3380 4 60 234001511 277103306 20 
2020-12-31T10:00:59 0 0 경기74아3357 4 64 234001511 277102831 13 
2020-12-31T10:00:59 0 0 경기74아3380 4 60 234001511 277102674 21 
2020-12-31T10:02:00 0 0 경기74아3357 4 64 234001511 277102833 14 
2020-12-31T10:02:00 0 0 경기74아3380 4 60 234001511 277103309 22 
2020-12-31T10:02:59 0 0 경기74아3357 4 64 234001511 277102833 14 
2020-12-31T10:02:59 0 0 경기74아3380 4 60 234001511 277103309 22 
2020-12-31T10:03:58 0 0 경기74아3357 4 64 234001511 277102835 15 
2020-12-31T10:03:58 0 0 경기74아3380 4 60 234001511 277103308 23 
2020-12-31T10:04:58 0 0 경기74아3380 4 60 234001511 277102302 24 
2020-12-31T10:04:58 0 0 경기74아3357 4 64 234001511 277102837 16 
2020-12-31T10:05:59 0 0 경기74아3357 4 64 234001511 277102837 16 
2020-12-31T10:05:59 0 0 경기74아3380 4 60 234001511 277102302 24 
2020-12-31T10:06:58 0 0 경기74아3380 4 60 234001511 123000611 25 
2020-12-31T10:06:58 0 0 경기74아3357 4 64 234001511 222000302 17 
2020-12-31T10:07:58 0 0 경기74아3380 4 60 234001511 123000611 25 
2020-12-31T10:07:58 0 0 경기74아3357 4 64 234001511 221000039 18 
2020-12-31T10:08:58 0 0 경기74아3380 4 60 234001511 123000611 25 
2020-12-31T10:08:58 0 0 경기74아3357 4 64 234001511 277100104 19 
2020-12-31T10:09:57 0 0 경기74아3380 4 60 234001511 123000611 25 
2020-12-31T10:09:57 0 0 경기74아3357 4 64 234001511 277100104 19 
2020-12-31T10:10:57 0 0 경기74아3380 4 60 234001511 123000611 25 
2020-12-31T10:10:57 0 0 경기74아3357 4 64 234001511 277103306 20 
2020-12-31T10:11:57 0 0 경기74아3380 4 60 234001511 123000611 25 
2020-12-31T10:11:57 0 0 경기74아3357 4 64 234001511 277103306 20 
2020-12-31T10:12:57 0 0 경기74아3380 4 60 234001511 123000611 25 
2020-12-31T10:12:57 0 0 경기74아3357 4 64 234001511 277103306 20 
2020-12-31T10:13:56 0 0 경기74아3357 4 64 234001511 277103306 20 
2020-12-31T10:13:56 0 0 경기74아3380 4 70 234001511 123000611 25 
2020-12-31T10:14:55 0 0 경기74아3380 4 70 234001511 123000611 25 
2020-12-31T10:14:55 0 0 경기74아3357 4 64 234001511 277103306 20 
2020-12-31T10:15:56 0 0 경기74아3357 4 64 234001511 277102674 21 
2020-12-31T10:15:56 0 0 경기74아3380 4 70 234001511 123000611 25 
2020-12-31T10:16:55 0 0 경기74아3357 4 64 234001511 277103309 22 
2020-12-31T10:16:55 0 0 경기74아3380 4 70 234001511 123000611 25 
2020-12-31T10:17:54 0 0 경기74아3380 4 70 234001511 277103310 26 
2020-12-31T10:17:54 0 0 경기74아3357 4 64 234001511 277103309 22 
2020-12-31T10:18:53 0 0 경기74아3380 4 70 234001511 277102675 27 
2020-12-31T10:18:53 0 0 경기74아3357 4 64 234001511 277103308 23 
2020-12-31T10:19:53 0 0 경기74아3380 4 70 234001511 277102675 27 
2020-12-31T10:19:53 0 0 경기74아3357 4 64 234001511 277102302 24 
2020-12-31T10:20:53 0 0 경기74아3380 4 70 234001511 277102675 27 
2020-12-31T10:20:53 0 0 경기74아3357 4 64 234001511 123000611 25 
2020-12-31T10:21:52 0 0 경기74아3357 4 64 234001511 123000611 25 
2020-12-31T10:21:52 0 0 경기74아3380 4 70 234001511 277103307 28 
2020-12-31T10:22:52 0 0 경기74아3357 4 64 234001511 123000611 25 
2020-12-31T10:22:52 0 0 경기74아3380 4 70 234001511 277103313 29 
2020-12-31T10:23:52 0 0 경기74아3357 4 64 234001511 123000611 25 
2020-12-31T10:23:52 0 0 경기74아3380 4 70 234001511 221000238 30 
2020-12-31T10:24:52 0 0 경기74아3357 4 64 234001511 123000611 25 
2020-12-31T10:24:52 0 0 경기74아3380 4 70 234001511 221000238 30 
2020-12-31T10:25:50 0 0 경기74아3357 4 64 234001511 123000611 25 
2020-12-31T10:25:50 0 0 경기74아3380 4 70 234001511 222000301 31 
2020-12-31T10:26:51 0 0 경기74아3357 4 64 234001511 123000611 25 
2020-12-31T10:26:51 0 0 경기74아3380 4 70 234001511 277102838 32 
2020-12-31T10:27:50 0 0 경기74아3380 4 70 234001511 277102838 32 
2020-12-31T10:27:50 0 0 경기74아3357 4 70 234001511 123000611 25 
2020-12-31T10:28:49 0 0 경기74아3357 4 70 234001511 123000611 25 
2020-12-31T10:28:49 0 0 경기74아3380 4 70 234001511 277102836 33 
2020-12-31T10:29:48 0 0 경기74아3380 4 70 234001511 277102836 33 
2020-12-31T10:29:48 0 0 경기74아3357 4 70 234001511 123000611 25 
2020-12-31T10:30:48 0 0 경기74아3380 4 70 234001511 277102834 34 
2020-12-31T10:30:48 0 0 경기74아3357 4 70 234001511 123000611 25 
2020-12-31T10:31:48 0 0 경기74아3380 4 70 234001511 277102834 34 
2020-12-31T10:31:48 0 0 경기74아3357 4 70 234001511 277103310 26 
2020-12-31T10:32:48 0 0 경기74아3380 4 70 234001511 277102834 34 
2020-12-31T10:32:48 0 0 경기74아3357 4 70 234001511 277102675 27 
2020-12-31T10:33:47 0 0 경기74아3380 4 70 234001511 277102834 34 
2020-12-31T10:33:47 0 0 경기74아3357 4 70 234001511 277102675 27 
2020-12-31T10:34:47 0 0 경기74아3380 4 70 234001511 277102834 34 
2020-12-31T10:34:47 0 0 경기74아3357 4 70 234001511 277102675 27 
2020-12-31T10:35:46 0 0 경기74아3380 4 70 234001511 277102834 34 
2020-12-31T10:35:46 0 0 경기74아3357 4 70 234001511 277103307 28 
2020-12-31T10:36:46 0 0 경기74아3380 4 70 234001511 277102834 34 
2020-12-31T10:36:46 0 0 경기74아3357 4 70 234001511 277103313 29 
2020-12-31T10:37:46 0 0 경기74아3380 4 71 234001511 222000186 36 
2020-12-31T10:37:46 0 0 경기74아3357 4 70 234001511 221000238 30 
2020-12-31T10:38:45 0 0 경기74아3357 4 70 234001511 221000238 30 
2020-12-31T10:38:45 0 0 경기74아3380 4 71 234001511 222000186 36 
2020-12-31T10:39:45 0 0 경기74아3380 4 71 234001511 222000185 37 
2020-12-31T10:39:45 0 0 경기74아3357 4 70 234001511 222000301 31 
2020-12-31T10:40:44 0 0 경기74아3357 4 70 234001511 277102838 32 
2020-12-31T10:40:44 0 0 경기74아3380 4 71 234001511 222000185 37 
2020-12-31T10:41:43 0 0 경기74아3357 4 70 234001511 277102838 32 
2020-12-31T10:41:43 0 0 경기74아3380 4 71 234001511 222000184 38 
2020-12-31T10:42:43 0 0 경기74아3357 4 70 234001511 277102836 33 
2020-12-31T10:42:43 0 0 경기74아3380 4 71 234001511 222000183 39 
2020-12-31T10:43:43 0 0 경기74아3357 4 70 234001511 277102836 33 
2020-12-31T10:43:43 0 0 경기74아3380 4 71 234001511 222000328 41 
2020-12-31T10:44:43 0 0 경기74아3357 4 70 234001511 277102834 34 
2020-12-31T10:44:43 0 0 경기74아3380 4 71 234001511 222000326 43 
2020-12-31T10:45:41 0 0 경기74아3357 4 70 234001511 277102834 34 
2020-12-31T10:45:41 0 0 경기74아3380 4 71 234001511 222000749 45 
2020-12-31T10:46:42 0 0 경기74아3357 4 70 234001511 277102834 34 
2020-12-31T10:46:42 0 0 경기74아3380 4 71 234001511 222000749 45 
2020-12-31T10:47:41 0 0 경기74아3357 4 70 234001511 277102834 34 
2020-12-31T10:47:41 0 0 경기74아3380 4 72 234001511 222000175 47 
2020-12-31T10:48:40 0 0 경기74아3357 4 70 234001511 277102832 35 
2020-12-31T10:48:40 0 0 경기74아3380 4 72 234001511 222000174 48 
2020-12-31T10:49:39 0 0 경기74아3357 4 70 234001511 277102832 35 
2020-12-31T10:49:39 0 0 경기74아3380 4 72 234001511 222000174 48 
2020-12-31T10:50:39 0 0 경기74아3357 4 70 234001511 277102832 35 
2020-12-31T10:50:39 0 0 경기74아3380 4 72 234001511 222001419 49 
2020-12-31T10:51:39 0 0 경기74아3357 4 70 234001511 277102832 35 
2020-12-31T10:51:39 0 0 경기74아3380 4 72 234001511 222000173 50 
2020-12-31T10:52:38 0 0 경기74아3357 4 70 234001511 222000186 36 
2020-12-31T10:52:38 0 0 경기74아3380 4 72 234001511 222000163 51 
2020-12-31T10:53:38 0 0 경기74아3380 4 72 234001511 222000163 51 
2020-12-31T10:53:38 0 0 경기74아3357 4 70 234001511 222000185 37 
2020-12-31T10:54:38 0 0 경기74아3380 4 72 234001511 222000958 52 
2020-12-31T10:54:38 0 0 경기74아3357 4 70 234001511 222000184 38 
2020-12-31T10:55:37 0 0 경기74아3380 4 72 234001511 222001580 53 
2020-12-31T10:55:37 0 0 경기74아3357 4 70 234001511 222000182 40 
2020-12-31T10:56:36 0 0 경기74아3380 4 72 234001511 222001580 53 
2020-12-31T10:56:36 0 0 경기74아3357 4 70 234001511 222000328 41 
2020-12-31T10:57:36 0 0 경기74아3380 4 72 234001511 222000164 54 
2020-12-31T10:57:36 0 0 경기74아3357 4 70 234001511 222000326 43 
2020-12-31T10:58:36 0 0 경기74아3380 4 72 234001511 222001096 55 
2020-12-31T10:58:36 0 0 경기74아3357 4 70 234001511 222000325 44 
2020-12-31T10:59:35 0 0 경기74아3380 4 72 234001511 222000166 56 
2020-12-31T10:59:35 0 0 경기74아3357 4 70 234001511 222000324 46 
2020-12-31T11:00:35 0 0 경기74아3357 4 70 234001511 222000324 46 
2020-12-31T11:00:35 0 0 경기74아3380 4 72 234001511 222000825 57 
2020-12-31T11:01:35 0 0 경기74아3357 4 70 234001511 222000324 46 
2020-12-31T11:02:35 0 0 경기74아3357 4 70 234001511 222000175 47 
2020-12-31T11:03:34 0 0 경기74아3357 4 70 234001511 222001419 49 
2020-12-31T11:04:33 0 0 경기74아3357 4 70 234001511 222000163 51 
2020-12-31T11:05:33 0 0 경기74아3357 4 70 234001511 222000163 51 
2020-12-31T11:06:33 0 0 경기74아3357 4 70 234001511 222000958 52 
2020-12-31T11:07:32 0 0 경기74아3357 4 70 234001511 222001580 53 
2020-12-31T11:08:31 0 0 경기74아3357 4 70 234001511 222001580 53 
2020-12-31T11:09:30 0 0 경기74아3357 4 70 234001511 222000164 54 
2020-12-31T11:10:29 0 0 경기74아3357 4 70 234001511 222001096 55 
2020-12-31T11:11:29 0 0 경기74아3357 4 70 234001511 222000166 56 
2020-12-31T11:12:28 0 0 경기74아3357 4 70 234001511 222000825 57 
2020-12-31T11:13:27 0 0 경기74아3357 4 70 234001511 222000825 57 
2020-12-31T11:14:27 0 0 경기74아3357 4 70 234001511 222000825 57 
2020-12-31T11:15:26 0 0 경기74아3357 4 70 234001511 222000825 57 
2020-12-31T11:16:25 0 0 경기74아3357 4 70 234001511 222000825 57 
2020-12-31T11:17:24 0 0 경기74아3357 4 70 234001511 222000825 57 
2020-12-31T11:18:23 0 0 경기74아3357 4 70 234001511 222000825 57 
2020-12-31T11:19:22 0 0 경기74아3357 4 70 234001511 222000825 57 
2020-12-31T11:20:21 0 0 경기74아3357 4 70 234001511 222000825 57 
2020-12-31T11:21:20 0 0 경기74아3357 4 70 234001511 222000825 57 
2020-12-31T11:22:20 0 0 경기74아3357 4 70 234001511 222000825 57 
2020-12-31T11:23:19 0 0 경기74아3357 4 70 234001511 222000825 57 
2020-12-31T11:24:18 0 0 경기74아3357 4 70 234001511 222000825 57 
2020-12-31T11:25:18 0 0 경기74아3357 4 70 234001511 222000825 57 
2020-12-31T11:26:17 0 0 경기74아3357 4 70 234001511 222000825 57 
2020-12-31T12:21:53 0 0 경기74아3380 4 72 234001511 222000824 1 
2020-12-31T12:22:53 0 0 경기74아3380 4 72 234001511 222000171 2 
2020-12-31T12:23:53 0 0 경기74아3380 4 71 234001511 222000171 2 
2020-12-31T12:24:53 0 0 경기74아3380 4 71 234001511 222000171 2 
2020-12-31T12:25:53 0 0 경기74아3380 4 71 234001511 222000170 3 
2020-12-31T12:26:52 0 0 경기74아3380 4 71 234001511 222000322 5 
2020-12-31T12:27:52 0 0 경기74아3380 4 71 234001511 222000321 6 
2020-12-31T12:28:51 0 0 경기74아3380 4 71 234001511 222000320 7 
2020-12-31T12:29:51 0 0 경기74아3380 4 71 234001511 222000320 7 
2020-12-31T12:30:51 0 0 경기74아3380 4 71 234001511 222000320 7 
2020-12-31T12:31:51 0 0 경기74아3380 4 71 234001511 222000320 7 
2020-12-31T12:32:51 0 0 경기74아3380 4 71 234001511 222000180 9 
2020-12-31T12:33:50 0 0 경기74아3380 4 71 234001511 222000179 10 
2020-12-31T12:34:49 0 0 경기74아3380 4 71 234001511 222000179 10 
2020-12-31T12:35:49 0 0 경기74아3380 4 71 234001511 222000178 11 
2020-12-31T12:36:49 0 0 경기74아3380 4 71 234001511 222000178 11 
2020-12-31T12:37:48 0 0 경기74아3380 4 71 234001511 222000177 12 
2020-12-31T12:38:48 0 0 경기74아3380 4 69 234001511 222000177 12 
2020-12-31T12:39:46 0 0 경기74아3380 4 69 234001511 222000177 12 
2020-12-31T12:40:46 0 0 경기74아3357 4 70 234001511 222000824 1 
2020-12-31T12:40:46 0 0 경기74아3380 4 69 234001511 277102831 13 
2020-12-31T12:41:46 0 0 경기74아3380 4 69 234001511 277102831 13 
2020-12-31T12:41:46 0 0 경기74아3357 4 70 234001511 222000824 1 
2020-12-31T12:42:46 0 0 경기74아3380 4 69 234001511 277102831 13 
2020-12-31T12:42:46 0 0 경기74아3357 4 70 234001511 222000171 2 
2020-12-31T12:43:45 0 0 경기74아3380 4 69 234001511 277102831 13 
2020-12-31T12:43:45 0 0 경기74아3357 4 70 234001511 222000170 3 
2020-12-31T12:44:44 0 0 경기74아3380 4 69 234001511 277102833 14 
2020-12-31T12:44:44 0 0 경기74아3357 4 70 234001511 222000323 4 
2020-12-31T12:45:45 0 0 경기74아3380 4 69 234001511 277102833 14 
2020-12-31T12:45:45 0 0 경기74아3357 4 70 234001511 222000320 7 
2020-12-31T12:46:44 0 0 경기74아3380 4 69 234001511 277102835 15 
2020-12-31T12:46:44 0 0 경기74아3357 4 70 234001511 222000181 8 
2020-12-31T12:47:43 0 0 경기74아3357 4 70 234001511 222000180 9 
2020-12-31T12:47:43 0 0 경기74아3380 4 69 234001511 277102837 16 
2020-12-31T12:48:42 0 0 경기74아3380 4 69 234001511 222000302 17 
2020-12-31T12:48:42 0 0 경기74아3357 4 70 234001511 222000179 10 
2020-12-31T12:49:42 0 0 경기74아3357 4 70 234001511 222000179 10 
2020-12-31T12:49:42 0 0 경기74아3380 4 69 234001511 222000302 17 
2020-12-31T12:50:42 0 0 경기74아3357 4 70 234001511 222000178 11 
2020-12-31T12:50:42 0 0 경기74아3380 4 69 234001511 221000039 18 
2020-12-31T12:51:41 0 0 경기74아3357 4 69 234001511 222000178 11 
2020-12-31T12:51:41 0 0 경기74아3380 4 69 234001511 221000039 18 
2020-12-31T12:52:40 0 0 경기74아3357 4 69 234001511 222000177 12 
2020-12-31T12:52:40 0 0 경기74아3380 4 69 234001511 277100104 19 
2020-12-31T12:53:40 0 0 경기74아3380 4 69 234001511 277100104 19 
2020-12-31T12:53:40 0 0 경기74아3357 4 69 234001511 222000177 12 
2020-12-31T12:54:40 0 0 경기74아3357 4 69 234001511 222000177 12 
2020-12-31T12:54:40 0 0 경기74아3380 4 69 234001511 277103306 20 
2020-12-31T12:55:40 0 0 경기74아3380 4 69 234001511 277103306 20 
2020-12-31T12:55:40 0 0 경기74아3357 4 69 234001511 277102831 13 
2020-12-31T12:56:40 0 0 경기74아3357 4 69 234001511 277102831 13 
2020-12-31T12:56:40 0 0 경기74아3380 4 69 234001511 277102674 21 
2020-12-31T12:57:39 0 0 경기74아3357 4 69 234001511 277102831 13 
2020-12-31T12:57:39 0 0 경기74아3380 4 69 234001511 277103309 22 
2020-12-31T12:58:39 0 0 경기74아3357 4 69 234001511 277102831 13 
2020-12-31T12:58:39 0 0 경기74아3380 4 69 234001511 277103309 22 
2020-12-31T12:59:39 0 0 경기74아3357 4 69 234001511 277102833 14 
2020-12-31T12:59:39 0 0 경기74아3380 4 69 234001511 277103308 23 
2020-12-31T13:00:38 0 0 경기74아3357 4 69 234001511 277102833 14 
2020-12-31T13:00:38 0 0 경기74아3380 4 69 234001511 277102302 24 
2020-12-31T13:01:38 0 0 경기74아3357 4 69 234001511 277102835 15 
2020-12-31T13:01:38 0 0 경기74아3380 4 69 234001511 277102302 24 
2020-12-31T13:02:38 0 0 경기74아3380 4 69 234001511 123000611 25 
2020-12-31T13:02:38 0 0 경기74아3357 4 69 234001511 277102837 16 
2020-12-31T13:03:37 0 0 경기74아3380 4 69 234001511 123000611 25 
2020-12-31T13:03:37 0 0 경기74아3357 4 69 234001511 222000302 17 
2020-12-31T13:04:36 0 0 경기74아3380 4 69 234001511 123000611 25 
2020-12-31T13:04:36 0 0 경기74아3357 4 69 234001511 222000302 17 
2020-12-31T13:05:37 0 0 경기74아3380 4 69 234001511 123000611 25 
2020-12-31T13:05:37 0 0 경기74아3357 4 69 234001511 221000039 18 
2020-12-31T13:06:35 0 0 경기74아3380 4 69 234001511 123000611 25 
2020-12-31T13:06:35 0 0 경기74아3357 4 69 234001511 221000039 18 
2020-12-31T13:07:36 0 0 경기74아3380 4 69 234001511 123000611 25 
2020-12-31T13:07:36 0 0 경기74아3357 4 69 234001511 221000039 18 
2020-12-31T13:08:35 0 0 경기74아3380 4 69 234001511 123000611 25 
2020-12-31T13:08:35 0 0 경기74아3357 4 69 234001511 277100104 19 
2020-12-31T13:09:34 0 0 경기74아3380 4 69 234001511 123000611 25 
2020-12-31T13:09:34 0 0 경기74아3357 4 69 234001511 277103306 20 
2020-12-31T13:10:34 0 0 경기74아3380 4 69 234001511 123000611 25 
2020-12-31T13:10:34 0 0 경기74아3357 4 69 234001511 277103306 20 
2020-12-31T13:11:34 0 0 경기74아3380 4 69 234001511 123000611 25 
2020-12-31T13:11:34 0 0 경기74아3357 4 69 234001511 277103306 20 
2020-12-31T13:12:33 0 0 경기74아3380 4 71 234001511 123000611 25 
2020-12-31T13:12:33 0 0 경기74아3357 4 69 234001511 277102674 21 
2020-12-31T13:13:32 0 0 경기74아3380 4 71 234001511 123000611 25 
2020-12-31T13:13:32 0 0 경기74아3357 4 69 234001511 277103309 22 
2020-12-31T13:14:31 0 0 경기74아3380 4 71 234001511 123000611 25 
2020-12-31T13:14:31 0 0 경기74아3357 4 69 234001511 277103309 22 
2020-12-31T13:15:31 0 0 경기74아3357 4 69 234001511 277103308 23 
2020-12-31T13:15:31 0 0 경기74아3380 4 71 234001511 277103310 26 
2020-12-31T13:16:30 0 0 경기74아3380 4 71 234001511 277102675 27 
2020-12-31T13:16:30 0 0 경기74아3357 4 69 234001511 277102302 24 
2020-12-31T13:17:29 0 0 경기74아3380 4 71 234001511 277102675 27 
2020-12-31T13:17:29 0 0 경기74아3357 4 69 234001511 277102302 24 
2020-12-31T13:18:29 0 0 경기74아3380 4 71 234001511 277102675 27 
2020-12-31T13:18:29 0 0 경기74아3357 4 69 234001511 277102302 24 
2020-12-31T13:19:29 0 0 경기74아3380 4 71 234001511 277102675 27 
2020-12-31T13:19:29 0 0 경기74아3357 4 69 234001511 277102302 24 
2020-12-31T13:20:27 0 0 경기74아3357 4 69 234001511 123000611 25 
2020-12-31T13:20:27 0 0 경기74아3380 4 71 234001511 277103307 28 
2020-12-31T13:21:27 0 0 경기74아3357 4 69 234001511 123000611 25 
2020-12-31T13:21:27 0 0 경기74아3380 4 71 234001511 277103313 29 
2020-12-31T13:22:27 0 0 경기74아3357 4 69 234001511 123000611 25 
2020-12-31T13:22:27 0 0 경기74아3380 4 71 234001511 221000238 30 
2020-12-31T13:23:26 0 0 경기74아3357 4 69 234001511 123000611 25 
2020-12-31T13:23:26 0 0 경기74아3380 4 71 234001511 221000238 30 
2020-12-31T13:24:25 0 0 경기74아3357 4 69 234001511 123000611 25 
2020-12-31T13:24:25 0 0 경기74아3380 4 71 234001511 221000238 30 
2020-12-31T13:25:23 0 0 경기74아3357 4 69 234001511 123000611 25 
2020-12-31T13:25:23 0 0 경기74아3380 4 71 234001511 221000238 30 
2020-12-31T13:26:24 0 0 경기74아3357 4 69 234001511 123000611 25 
2020-12-31T13:26:24 0 0 경기74아3380 4 71 234001511 222000301 31 
2020-12-31T13:27:22 0 0 경기74아3357 4 68 234001511 123000611 25 
2020-12-31T13:27:22 0 0 경기74아3380 4 71 234001511 277102838 32 
2020-12-31T13:28:22 0 0 경기74아3357 4 68 234001511 123000611 25 
2020-12-31T13:28:22 0 0 경기74아3380 4 71 234001511 277102836 33 
2020-12-31T13:29:22 0 0 경기74아3380 4 71 234001511 277102836 33 
2020-12-31T13:29:22 0 0 경기74아3357 4 68 234001511 123000611 25 
2020-12-31T13:30:21 0 0 경기74아3380 4 71 234001511 277102834 34 
2020-12-31T13:30:21 0 0 경기74아3357 4 68 234001511 277103310 26 
2020-12-31T13:31:20 0 0 경기74아3380 4 71 234001511 277102834 34 
2020-12-31T13:31:20 0 0 경기74아3357 4 68 234001511 277102675 27 
2020-12-31T13:32:19 0 0 경기74아3380 4 71 234001511 277102834 34 
2020-12-31T13:32:19 0 0 경기74아3357 4 68 234001511 277102675 27 
2020-12-31T13:33:18 0 0 경기74아3380 4 71 234001511 277102834 34 
2020-12-31T13:33:18 0 0 경기74아3357 4 68 234001511 277102675 27 
2020-12-31T13:34:18 0 0 경기74아3380 4 71 234001511 277102834 34 
2020-12-31T13:34:18 0 0 경기74아3357 4 68 234001511 277103307 28 
2020-12-31T13:35:18 0 0 경기74아3380 4 71 234001511 277102834 34 
2020-12-31T13:35:18 0 0 경기74아3357 4 68 234001511 277103313 29 
2020-12-31T13:36:18 0 0 경기74아3380 4 71 234001511 277102832 35 
2020-12-31T13:36:18 0 0 경기74아3357 4 68 234001511 221000238 30 
2020-12-31T13:37:18 0 0 경기74아3357 4 68 234001511 221000238 30 
2020-12-31T13:37:18 0 0 경기74아3380 4 71 234001511 222000186 36 
2020-12-31T13:38:17 0 0 경기74아3357 4 68 234001511 221000238 30 
2020-12-31T13:38:17 0 0 경기74아3380 4 71 234001511 222000186 36 
2020-12-31T13:39:16 0 0 경기74아3380 4 71 234001511 222000185 37 
2020-12-31T13:39:16 0 0 경기74아3357 4 68 234001511 222000301 31 
2020-12-31T13:40:17 0 0 경기74아3357 4 68 234001511 277102838 32 
2020-12-31T13:40:17 0 0 경기74아3380 4 71 234001511 222000185 37 
2020-12-31T13:41:16 0 0 경기74아3357 4 68 234001511 277102838 32 
2020-12-31T13:41:16 0 0 경기74아3380 4 71 234001511 222000184 38 
2020-12-31T13:42:15 0 0 경기74아3357 4 68 234001511 277102836 33 
2020-12-31T13:42:15 0 0 경기74아3380 4 71 234001511 222000183 39 
2020-12-31T13:43:16 0 0 경기74아3380 4 71 234001511 222000328 41 
2020-12-31T13:43:16 0 0 경기74아3357 4 68 234001511 277102834 34 
2020-12-31T13:44:14 0 0 경기74아3357 4 68 234001511 277102834 34 
2020-12-31T13:44:14 0 0 경기74아3380 4 71 234001511 222000325 44 
2020-12-31T13:45:14 0 0 경기74아3357 4 68 234001511 277102834 34 
2020-12-31T13:45:14 0 0 경기74아3380 4 71 234001511 222000749 45 
2020-12-31T13:46:13 0 0 경기74아3357 4 68 234001511 277102834 34 
2020-12-31T13:46:13 0 0 경기74아3380 4 71 234001511 222000749 45 
2020-12-31T13:47:13 0 0 경기74아3357 4 68 234001511 277102834 34 
2020-12-31T13:47:13 0 0 경기74아3380 4 71 234001511 222000324 46 
2020-12-31T13:48:13 0 0 경기74아3357 4 68 234001511 277102832 35 
2020-12-31T13:48:13 0 0 경기74아3380 4 71 234001511 222000175 47 
2020-12-31T13:49:13 0 0 경기74아3357 4 68 234001511 277102832 35 
2020-12-31T13:49:13 0 0 경기74아3380 4 71 234001511 222000174 48 
2020-12-31T13:50:12 0 0 경기74아3357 4 68 234001511 222000186 36 
2020-12-31T13:50:12 0 0 경기74아3380 4 71 234001511 222000174 48 
2020-12-31T13:51:12 0 0 경기74아3357 4 69 234001511 222000186 36 
2020-12-31T13:51:12 0 0 경기74아3380 4 71 234001511 222000173 50 
2020-12-31T13:52:11 0 0 경기74아3380 4 71 234001511 222000163 51 
2020-12-31T13:52:11 0 0 경기74아3357 4 69 234001511 222000185 37 
2020-12-31T13:53:10 0 0 경기74아3380 4 71 234001511 222000163 51 
2020-12-31T13:53:10 0 0 경기74아3357 4 69 234001511 222000185 37 
2020-12-31T13:54:11 0 0 경기74아3357 4 69 234001511 222000184 38 
2020-12-31T13:54:11 0 0 경기74아3380 4 71 234001511 222000958 52 
2020-12-31T13:55:10 0 0 경기74아3380 4 72 234001511 222001580 53 
2020-12-31T13:55:10 0 0 경기74아3357 4 69 234001511 222000182 40 
2020-12-31T13:56:09 0 0 경기74아3380 4 72 234001511 222001580 53 
2020-12-31T13:56:09 0 0 경기74아3357 4 69 234001511 222000327 42 
2020-12-31T13:57:09 0 0 경기74아3357 4 69 234001511 222000326 43 
2020-12-31T13:57:09 0 0 경기74아3380 4 72 234001511 222000164 54 
2020-12-31T13:58:08 0 0 경기74아3380 4 72 234001511 222001096 55 
2020-12-31T13:58:08 0 0 경기74아3357 4 69 234001511 222000326 43 
2020-12-31T13:59:08 0 0 경기74아3380 4 72 234001511 222000166 56 
2020-12-31T13:59:08 0 0 경기74아3357 4 69 234001511 222000749 45 
2020-12-31T14:00:07 0 0 경기74아3380 4 72 234001511 222000166 56 
2020-12-31T14:00:07 0 0 경기74아3357 4 69 234001511 222000175 47 
2020-12-31T14:01:07 0 0 경기74아3357 4 70 234001511 222001419 49 
2020-12-31T14:02:06 0 0 경기74아3357 4 70 234001511 222000163 51 
2020-12-31T14:03:06 0 0 경기74아3357 4 70 234001511 222000163 51 
2020-12-31T14:04:05 0 0 경기74아3357 4 70 234001511 222000958 52 
2020-12-31T14:05:05 0 0 경기74아3357 4 69 234001511 222001580 53 
2020-12-31T14:06:04 0 0 경기74아3357 4 69 234001511 222001580 53 
2020-12-31T14:07:04 0 0 경기74아3357 4 69 234001511 222000164 54 
2020-12-31T14:08:04 0 0 경기74아3357 4 69 234001511 222001096 55 
2020-12-31T14:09:03 0 0 경기74아3357 4 70 234001511 222000166 56 
2020-12-31T14:10:03 0 0 경기74아3357 4 70 234001511 222000825 57 
2020-12-31T14:11:04 0 0 경기74아3357 4 70 234001511 222000825 57 
2020-12-31T14:12:03 0 0 경기74아3357 4 70 234001511 222000825 57 
2020-12-31T14:13:03 0 0 경기74아3357 4 70 234001511 222000825 57 
2020-12-31T14:14:02 0 0 경기74아3357 4 70 234001511 222000825 57 
2020-12-31T14:15:02 0 0 경기74아3357 4 70 234001511 222000825 57 
2020-12-31T14:16:01 0 0 경기74아3357 4 70 234001511 222000825 57 
2020-12-31T14:17:01 0 0 경기74아3357 4 70 234001511 222000825 57 
2020-12-31T14:18:01 0 0 경기74아3357 4 70 234001511 222000825 57 
2020-12-31T14:19:00 0 0 경기74아3357 4 70 234001511 222000825 57 
2020-12-31T14:19:59 0 0 경기74아3357 4 70 234001511 222000825 57 
2020-12-31T14:20:59 0 0 경기74아3357 4 70 234001511 222000825 57 
2020-12-31T14:21:58 0 0 경기74아3357 4 70 234001511 222000825 57 
2020-12-31T14:22:58 0 0 경기74아3357 4 70 234001511 222000825 57 
2020-12-31T14:23:58 0 0 경기74아3357 4 70 234001511 222000825 57 
2020-12-31T15:21:35 0 0 경기74아3380 4 72 234001511 222000824 1 
2020-12-31T15:22:34 0 0 경기74아3380 4 72 234001511 222000171 2 
2020-12-31T15:23:34 0 0 경기74아3380 4 71 234001511 222000170 3 
2020-12-31T15:24:33 0 0 경기74아3380 4 71 234001511 222000170 3 
2020-12-31T15:25:34 0 0 경기74아3380 4 71 234001511 222000170 3 
2020-12-31T15:26:33 0 0 경기74아3380 4 71 234001511 222000322 5 
2020-12-31T15:27:32 0 0 경기74아3380 4 71 234001511 222000320 7 
2020-12-31T15:28:31 0 0 경기74아3380 4 71 234001511 222000320 7 
2020-12-31T15:29:31 0 0 경기74아3380 4 71 234001511 222000320 7 
2020-12-31T15:30:30 0 0 경기74아3380 4 71 234001511 222000320 7 
2020-12-31T15:31:30 0 0 경기74아3380 4 71 234001511 222000320 7 
2020-12-31T15:32:30 0 0 경기74아3380 4 71 234001511 222000180 9 
2020-12-31T15:33:29 0 0 경기74아3380 4 71 234001511 222000179 10 
2020-12-31T15:34:28 0 0 경기74아3380 4 71 234001511 222000179 10 
2020-12-31T15:35:29 0 0 경기74아3380 4 71 234001511 222000178 11 
2020-12-31T15:36:27 0 0 경기74아3380 4 71 234001511 222000178 11 
2020-12-31T15:37:27 0 0 경기74아3380 4 71 234001511 222000177 12 
2020-12-31T15:38:27 0 0 경기74아3380 4 71 234001511 222000177 12 
2020-12-31T15:39:27 0 0 경기74아3380 4 71 234001511 222000177 12 
2020-12-31T15:40:27 0 0 경기74아3380 4 71 234001511 277102831 13 
2020-12-31T15:41:27 0 0 경기74아3380 4 71 234001511 277102831 13 
2020-12-31T15:41:27 0 0 경기74아3357 4 70 234001511 222000824 1 
2020-12-31T15:42:27 0 0 경기74아3380 4 71 234001511 277102831 13 
2020-12-31T15:42:27 0 0 경기74아3357 4 70 234001511 222000824 1 
2020-12-31T15:43:26 0 0 경기74아3357 4 70 234001511 222000171 2 
2020-12-31T15:43:26 0 0 경기74아3380 4 71 234001511 277102833 14 
2020-12-31T15:44:26 0 0 경기74아3357 4 70 234001511 222000171 2 
2020-12-31T15:44:26 0 0 경기74아3380 4 71 234001511 277102833 14 
2020-12-31T15:45:26 0 0 경기74아3357 4 70 234001511 222000170 3 
2020-12-31T15:45:26 0 0 경기74아3380 4 71 234001511 277102835 15 
2020-12-31T15:46:26 0 0 경기74아3380 4 71 234001511 277102835 15 
2020-12-31T15:46:26 0 0 경기74아3357 4 70 234001511 222000170 3 
2020-12-31T15:47:25 0 0 경기74아3380 4 71 234001511 277102837 16 
2020-12-31T15:47:25 0 0 경기74아3357 4 70 234001511 222000170 3 
2020-12-31T15:48:24 0 0 경기74아3380 4 71 234001511 222000302 17 
2020-12-31T15:48:24 0 0 경기74아3357 4 70 234001511 222000322 5 
2020-12-31T15:49:25 0 0 경기74아3380 4 71 234001511 222000302 17 
2020-12-31T15:49:25 0 0 경기74아3357 4 70 234001511 222000321 6 
2020-12-31T15:50:24 0 0 경기74아3357 4 70 234001511 222000320 7 
2020-12-31T15:50:24 0 0 경기74아3380 4 70 234001511 222000302 17 
2020-12-31T15:51:23 0 0 경기74아3357 4 70 234001511 222000320 7 
2020-12-31T15:51:23 0 0 경기74아3380 4 70 234001511 221000039 18 
2020-12-31T15:52:23 0 0 경기74아3357 4 70 234001511 222000320 7 
2020-12-31T15:52:23 0 0 경기74아3380 4 70 234001511 221000039 18 
2020-12-31T15:53:22 0 0 경기74아3380 4 70 234001511 221000039 18 
2020-12-31T15:53:22 0 0 경기74아3357 4 70 234001511 222000320 7 
2020-12-31T15:54:21 0 0 경기74아3380 4 70 234001511 277100104 19 
2020-12-31T15:54:21 0 0 경기74아3357 4 70 234001511 222000180 9 
2020-12-31T15:55:21 0 0 경기74아3380 4 70 234001511 277100104 19 
2020-12-31T15:55:21 0 0 경기74아3357 4 70 234001511 222000179 10 
2020-12-31T15:56:21 0 0 경기74아3357 4 70 234001511 222000179 10 
2020-12-31T15:56:21 0 0 경기74아3380 4 70 234001511 277103306 20 
2020-12-31T15:57:21 0 0 경기74아3380 4 70 234001511 277103306 20 
2020-12-31T15:57:21 0 0 경기74아3357 4 70 234001511 222000178 11 
2020-12-31T15:58:21 0 0 경기74아3380 4 70 234001511 277103306 20 
2020-12-31T15:58:21 0 0 경기74아3357 4 68 234001511 222000178 11 
2020-12-31T15:59:20 0 0 경기74아3357 4 68 234001511 222000177 12 
2020-12-31T15:59:20 0 0 경기74아3380 4 70 234001511 277102674 21 
2020-12-31T16:00:21 0 0 경기74아3357 4 68 234001511 222000177 12 
2020-12-31T16:00:21 0 0 경기74아3380 4 70 234001511 277103309 22 
2020-12-31T16:01:19 0 0 경기74아3357 4 68 234001511 222000177 12 
2020-12-31T16:01:19 0 0 경기74아3380 4 70 234001511 277103309 22 
2020-12-31T16:02:19 0 0 경기74아3380 4 70 234001511 277103309 22 
2020-12-31T16:02:19 0 0 경기74아3357 4 68 234001511 277102831 13 
2020-12-31T16:03:19 0 0 경기74아3357 4 68 234001511 277102831 13 
2020-12-31T16:03:19 0 0 경기74아3380 4 70 234001511 277103309 22 
2020-12-31T16:04:18 0 0 경기74아3357 4 68 234001511 277102831 13 
2020-12-31T16:04:18 0 0 경기74아3380 4 70 234001511 277103308 23 
2020-12-31T16:05:18 0 0 경기74아3357 4 68 234001511 277102831 13 
2020-12-31T16:05:18 0 0 경기74아3380 4 70 234001511 277102302 24 
2020-12-31T16:06:18 0 0 경기74아3380 4 70 234001511 277102302 24 
2020-12-31T16:06:18 0 0 경기74아3357 4 68 234001511 277102833 14 
2020-12-31T16:07:18 0 0 경기74아3380 4 70 234001511 277102302 24 
2020-12-31T16:07:18 0 0 경기74아3357 4 68 234001511 277102833 14 
2020-12-31T16:08:17 0 0 경기74아3380 4 70 234001511 277102302 24 
2020-12-31T16:08:17 0 0 경기74아3357 4 68 234001511 277102835 15 
2020-12-31T16:09:18 0 0 경기74아3357 4 68 234001511 277102835 15 
2020-12-31T16:09:18 0 0 경기74아3380 4 70 234001511 123000611 25 
2020-12-31T16:10:17 0 0 경기74아3380 4 70 234001511 123000611 25 
2020-12-31T16:10:17 0 0 경기74아3357 4 68 234001511 277102837 16 
2020-12-31T16:11:16 0 0 경기74아3380 4 70 234001511 123000611 25 
2020-12-31T16:11:16 0 0 경기74아3357 4 68 234001511 222000302 17 
2020-12-31T16:12:16 0 0 경기74아3380 4 70 234001511 123000611 25 
2020-12-31T16:12:16 0 0 경기74아3357 4 68 234001511 222000302 17 
2020-12-31T16:13:16 0 0 경기74아3380 4 70 234001511 123000611 25 
2020-12-31T16:13:16 0 0 경기74아3357 4 68 234001511 221000039 18 
2020-12-31T16:14:15 0 0 경기74아3380 4 70 234001511 123000611 25 
2020-12-31T16:14:15 0 0 경기74아3357 4 68 234001511 221000039 18 
2020-12-31T16:15:15 0 0 경기74아3380 4 70 234001511 123000611 25 
2020-12-31T16:15:15 0 0 경기74아3357 4 68 234001511 221000039 18 
2020-12-31T16:16:14 0 0 경기74아3380 4 70 234001511 123000611 25 
2020-12-31T16:16:14 0 0 경기74아3357 4 68 234001511 277100104 19 
2020-12-31T16:17:13 0 0 경기74아3380 4 62 234001511 123000611 25 
2020-12-31T16:17:13 0 0 경기74아3357 4 68 234001511 277100104 19 
2020-12-31T16:18:13 0 0 경기74아3357 4 68 234001511 277103306 20 
2020-12-31T16:18:13 0 0 경기74아3380 4 62 234001511 123000611 25 
2020-12-31T16:19:12 0 0 경기74아3357 4 68 234001511 277103306 20 
2020-12-31T16:19:12 0 0 경기74아3380 4 62 234001511 123000611 25 
2020-12-31T16:20:12 0 0 경기74아3357 4 68 234001511 277103306 20 
2020-12-31T16:20:12 0 0 경기74아3380 4 62 234001511 123000611 25 
2020-12-31T16:21:11 0 0 경기74아3380 4 62 234001511 123000611 25 
2020-12-31T16:21:11 0 0 경기74아3357 4 68 234001511 277103306 20 
2020-12-31T16:22:11 0 0 경기74아3380 4 62 234001511 123000611 25 
2020-12-31T16:22:11 0 0 경기74아3357 4 68 234001511 277102674 21 
2020-12-31T16:23:10 0 0 경기74아3357 4 68 234001511 277103309 22 
2020-12-31T16:23:10 0 0 경기74아3380 4 62 234001511 277103310 26 
2020-12-31T16:24:11 0 0 경기74아3357 4 68 234001511 277103309 22 
2020-12-31T16:24:11 0 0 경기74아3380 4 62 234001511 277103310 26 
2020-12-31T16:25:09 0 0 경기74아3380 4 62 234001511 277103310 26 
2020-12-31T16:25:09 0 0 경기74아3357 4 68 234001511 277103309 22 
2020-12-31T16:26:08 0 0 경기74아3357 4 68 234001511 277103309 22 
2020-12-31T16:26:08 0 0 경기74아3380 4 62 234001511 277103310 26 
2020-12-31T16:27:08 0 0 경기74아3380 4 62 234001511 277102675 27 
2020-12-31T16:27:08 0 0 경기74아3357 4 68 234001511 277103309 22 
2020-12-31T16:28:08 0 0 경기74아3380 4 62 234001511 277102675 27 
2020-12-31T16:28:08 0 0 경기74아3357 4 68 234001511 277103308 23 
2020-12-31T16:29:07 0 0 경기74아3380 4 62 234001511 277102675 27 
2020-12-31T16:29:07 0 0 경기74아3357 4 68 234001511 277102302 24 
2020-12-31T16:30:07 0 0 경기74아3380 4 62 234001511 277102675 27 
2020-12-31T16:30:07 0 0 경기74아3357 4 68 234001511 277102302 24 
2020-12-31T16:31:07 0 0 경기74아3380 4 62 234001511 277102675 27 
2020-12-31T16:31:07 0 0 경기74아3357 4 68 234001511 277102302 24 
2020-12-31T16:32:07 0 0 경기74아3357 4 68 234001511 277102302 24 
2020-12-31T16:32:07 0 0 경기74아3380 4 62 234001511 277103307 28 
2020-12-31T16:33:07 0 0 경기74아3357 4 68 234001511 277102302 24 
2020-12-31T16:33:07 0 0 경기74아3380 4 62 234001511 277103307 28 
2020-12-31T16:34:05 0 0 경기74아3357 4 68 234001511 277102302 24 
2020-12-31T16:34:05 0 0 경기74아3380 4 62 234001511 277103313 29 
2020-12-31T16:35:05 0 0 경기74아3380 4 62 234001511 277103313 29 
2020-12-31T16:35:05 0 0 경기74아3357 4 68 234001511 123000611 25 
2020-12-31T16:36:05 0 0 경기74아3357 4 68 234001511 123000611 25 
2020-12-31T16:36:05 0 0 경기74아3380 4 62 234001511 221000238 30 
2020-12-31T16:37:04 0 0 경기74아3357 4 68 234001511 123000611 25 
2020-12-31T16:37:04 0 0 경기74아3380 4 62 234001511 221000238 30 
2020-12-31T16:38:04 0 0 경기74아3357 4 68 234001511 123000611 25 
2020-12-31T16:38:04 0 0 경기74아3380 4 62 234001511 221000238 30 
2020-12-31T16:39:04 0 0 경기74아3357 4 68 234001511 123000611 25 
2020-12-31T16:39:04 0 0 경기74아3380 4 62 234001511 222000301 31 
2020-12-31T16:40:04 0 0 경기74아3357 4 68 234001511 123000611 25 
2020-12-31T16:40:04 0 0 경기74아3380 4 62 234001511 277102838 32 
2020-12-31T16:41:05 0 0 경기74아3357 4 68 234001511 123000611 25 
2020-12-31T16:41:05 0 0 경기74아3380 4 62 234001511 277102836 33 
2020-12-31T16:42:04 0 0 경기74아3380 4 62 234001511 277102836 33 
2020-12-31T16:42:04 0 0 경기74아3357 4 60 234001511 123000611 25 
2020-12-31T16:43:04 0 0 경기74아3380 4 62 234001511 277102834 34 
2020-12-31T16:43:04 0 0 경기74아3357 4 60 234001511 123000611 25 
2020-12-31T16:44:03 0 0 경기74아3380 4 62 234001511 277102834 34 
2020-12-31T16:44:03 0 0 경기74아3357 4 60 234001511 123000611 25 
2020-12-31T16:45:02 0 0 경기74아3380 4 62 234001511 277102834 34 
2020-12-31T16:45:02 0 0 경기74아3357 4 60 234001511 123000611 25 
2020-12-31T16:46:01 0 0 경기74아3380 4 62 234001511 277102834 34 
2020-12-31T16:46:01 0 0 경기74아3357 4 60 234001511 123000611 25 
2020-12-31T16:47:00 0 0 경기74아3380 4 62 234001511 277102834 34 
2020-12-31T16:47:00 0 0 경기74아3357 4 60 234001511 123000611 25 
2020-12-31T16:47:59 0 0 경기74아3380 4 62 234001511 277102834 34 
2020-12-31T16:47:59 0 0 경기74아3357 4 60 234001511 123000611 25 
2020-12-31T16:48:58 0 0 경기74아3357 4 60 234001511 123000611 25 
2020-12-31T16:48:58 0 0 경기74아3380 4 62 234001511 277102832 35 
2020-12-31T16:49:58 0 0 경기74아3380 4 63 234001511 222000186 36 
2020-12-31T16:49:58 0 0 경기74아3357 4 60 234001511 277103310 26 
2020-12-31T16:50:57 0 0 경기74아3357 4 60 234001511 277103310 26 
2020-12-31T16:50:57 0 0 경기74아3380 4 64 234001511 222000186 36 
2020-12-31T16:52:04 0 0 경기74아3357 4 60 234001511 277103310 26 
2020-12-31T16:52:04 0 0 경기74아3380 4 65 234001511 222000185 37 
2020-12-31T16:52:56 0 0 경기74아3357 4 60 234001511 277103310 26 
2020-12-31T16:52:56 0 0 경기74아3380 4 66 234001511 222000185 37 
2020-12-31T16:53:56 0 0 경기74아3357 4 60 234001511 277103310 26 
2020-12-31T16:53:56 0 0 경기74아3380 4 67 234001511 222000184 38 
2020-12-31T16:54:55 0 0 경기74아3357 4 60 234001511 277102675 27 
2020-12-31T16:54:55 0 0 경기74아3380 4 67 234001511 222000182 40 
2020-12-31T16:55:55 0 0 경기74아3357 4 60 234001511 277102675 27 
2020-12-31T16:55:55 0 0 경기74아3380 4 67 234001511 222000328 41 
2020-12-31T16:56:55 0 0 경기74아3357 4 60 234001511 277102675 27 
2020-12-31T16:56:55 0 0 경기74아3380 4 67 234001511 222000328 41 
2020-12-31T16:57:54 0 0 경기74아3357 4 60 234001511 277102675 27 
2020-12-31T16:57:54 0 0 경기74아3380 4 67 234001511 222000327 42 
2020-12-31T16:58:54 0 0 경기74아3357 4 60 234001511 277102675 27 
2020-12-31T16:58:54 0 0 경기74아3380 4 67 234001511 222000325 44 
2020-12-31T16:59:53 0 0 경기74아3380 4 67 234001511 222000749 45 
2020-12-31T16:59:53 0 0 경기74아3357 4 60 234001511 277102675 27 
2020-12-31T17:00:53 0 0 경기74아3357 4 60 234001511 277103307 28 
2020-12-31T17:00:53 0 0 경기74아3380 4 67 234001511 222000324 46 
2020-12-31T17:01:53 0 0 경기74아3380 4 67 234001511 222000324 46 
2020-12-31T17:01:53 0 0 경기74아3357 4 60 234001511 277103313 29 
2020-12-31T17:02:52 0 0 경기74아3357 4 60 234001511 277103313 29 
2020-12-31T17:02:52 0 0 경기74아3380 4 68 234001511 222000175 47 
2020-12-31T17:03:51 0 0 경기74아3380 4 70 234001511 222000174 48 
2020-12-31T17:03:51 0 0 경기74아3357 4 60 234001511 221000238 30 
2020-12-31T17:04:51 0 0 경기74아3380 4 70 234001511 222000174 48 
2020-12-31T17:04:51 0 0 경기74아3357 4 60 234001511 221000238 30 
2020-12-31T17:05:51 0 0 경기74아3357 4 60 234001511 222000301 31 
2020-12-31T17:05:51 0 0 경기74아3380 4 70 234001511 222001419 49 
2020-12-31T17:06:50 0 0 경기74아3357 4 60 234001511 277102838 32 
2020-12-31T17:06:50 0 0 경기74아3380 4 70 234001511 222000173 50 
2020-12-31T17:07:50 0 0 경기74아3380 4 70 234001511 222000163 51 
2020-12-31T17:07:50 0 0 경기74아3357 4 60 234001511 277102836 33 
2020-12-31T17:08:50 0 0 경기74아3380 4 70 234001511 222000163 51 
2020-12-31T17:08:50 0 0 경기74아3357 4 60 234001511 277102836 33 
2020-12-31T17:09:49 0 0 경기74아3380 4 71 234001511 222000958 52 
2020-12-31T17:09:49 0 0 경기74아3357 4 60 234001511 277102834 34 
2020-12-31T17:10:49 0 0 경기74아3357 4 60 234001511 277102834 34 
2020-12-31T17:10:49 0 0 경기74아3380 4 71 234001511 222000958 52 
2020-12-31T17:11:49 0 0 경기74아3357 4 60 234001511 277102834 34 
2020-12-31T17:11:49 0 0 경기74아3380 4 71 234001511 222001580 53 
2020-12-31T17:12:49 0 0 경기74아3357 4 60 234001511 277102834 34 
2020-12-31T17:12:49 0 0 경기74아3380 4 71 234001511 222000164 54 
2020-12-31T17:13:48 0 0 경기74아3357 4 60 234001511 277102834 34 
2020-12-31T17:13:48 0 0 경기74아3380 4 71 234001511 222001096 55 
2020-12-31T17:14:48 0 0 경기74아3380 4 71 234001511 222000166 56 
2020-12-31T17:14:48 0 0 경기74아3357 4 60 234001511 277102832 35 
2020-12-31T17:15:47 0 0 경기74아3357 4 60 234001511 277102832 35 
2020-12-31T17:16:47 0 0 경기74아3357 4 60 234001511 277102832 35 
2020-12-31T17:17:46 0 0 경기74아3357 4 60 234001511 222000186 36 
2020-12-31T17:18:45 0 0 경기74아3357 4 64 234001511 222000185 37 
2020-12-31T17:19:45 0 0 경기74아3357 4 64 234001511 222000185 37 
2020-12-31T17:20:45 0 0 경기74아3357 4 64 234001511 222000185 37 
2020-12-31T17:21:44 0 0 경기74아3357 4 64 234001511 222000184 38 
2020-12-31T17:22:44 0 0 경기74아3357 4 64 234001511 222000182 40 
2020-12-31T17:23:44 0 0 경기74아3357 4 65 234001511 222000182 40 
2020-12-31T17:24:43 0 0 경기74아3357 4 65 234001511 222000328 41 
2020-12-31T17:25:43 0 0 경기74아3357 4 65 234001511 222000327 42 
2020-12-31T17:26:43 0 0 경기74아3357 4 65 234001511 222000326 43 
2020-12-31T17:27:43 0 0 경기74아3357 4 65 234001511 222000325 44 
2020-12-31T17:28:42 0 0 경기74아3357 4 65 234001511 222000324 46 
2020-12-31T17:29:41 0 0 경기74아3357 4 65 234001511 222000324 46 
2020-12-31T17:30:41 0 0 경기74아3357 4 66 234001511 222000175 47 
2020-12-31T17:31:41 0 0 경기74아3357 4 67 234001511 222000174 48 
2020-12-31T17:32:41 0 0 경기74아3357 4 67 234001511 222000174 48 
2020-12-31T17:33:41 0 0 경기74아3357 4 67 234001511 222000173 50 
2020-12-31T17:34:41 0 0 경기74아3357 4 67 234001511 222000163 51 
2020-12-31T17:35:40 0 0 경기74아3357 4 67 234001511 222000163 51 
2020-12-31T17:36:40 0 0 경기74아3357 4 68 234001511 222000958 52 
2020-12-31T17:37:39 0 0 경기74아3357 4 68 234001511 222000958 52 
2020-12-31T17:38:39 0 0 경기74아3357 4 68 234001511 222001580 53 
2020-12-31T17:39:39 0 0 경기74아3357 4 68 234001511 222000164 54 
2020-12-31T17:40:39 0 0 경기74아3357 4 68 234001511 222001096 55 
2020-12-31T17:41:37 0 0 경기74아3357 4 68 234001511 222000166 56 
2020-12-31T17:42:37 0 0 경기74아3357 4 68 234001511 222000825 57 
2020-12-31T17:43:37 0 0 경기74아3357 4 68 234001511 222000825 57 
2020-12-31T17:44:36 0 0 경기74아3357 4 68 234001511 222000825 57 
2020-12-31T17:45:36 0 0 경기74아3357 4 68 234001511 222000825 57 
2020-12-31T17:46:36 0 0 경기74아3357 4 68 234001511 222000825 57 
2020-12-31T17:47:36 0 0 경기74아3357 4 68 234001511 222000825 57 
2020-12-31T17:48:35 0 0 경기74아3357 4 68 234001511 222000825 57 
2020-12-31T17:49:35 0 0 경기74아3357 4 68 234001511 222000825 57 
2020-12-31T17:50:35 0 0 경기74아3357 4 68 234001511 222000825 57 
2020-12-31T17:51:35 0 0 경기74아3357 4 68 234001511 222000825 57 
2020-12-31T17:52:34 0 0 경기74아3357 4 68 234001511 222000825 57 
2020-12-31T17:53:34 0 0 경기74아3357 4 68 234001511 222000825 57 
2020-12-31T17:54:33 0 0 경기74아3357 4 68 234001511 222000825 57 
2020-12-31T17:55:33 0 0 경기74아3357 4 68 234001511 222000825 57 
2020-12-31T17:56:32 0 0 경기74아3357 4 68 234001511 222000825 57 
2020-12-31T17:57:32 0 0 경기74아3357 4 68 234001511 222000825 57 
2020-12-31T18:11:25 0 0 경기74아3380 4 71 234001511 222000824 1 
2020-12-31T18:12:25 0 0 경기74아3380 4 71 234001511 222000171 2 
2020-12-31T18:13:24 0 0 경기74아3380 4 71 234001511 222000170 3 
2020-12-31T18:14:24 0 0 경기74아3380 4 71 234001511 222000170 3 
2020-12-31T18:15:24 0 0 경기74아3380 4 71 234001511 222000321 6 
2020-12-31T18:16:24 0 0 경기74아3380 4 71 234001511 222000320 7 
2020-12-31T18:17:23 0 0 경기74아3380 4 71 234001511 222000320 7 
2020-12-31T18:18:23 0 0 경기74아3380 4 71 234001511 222000320 7 
2020-12-31T18:19:23 0 0 경기74아3380 4 71 234001511 222000320 7 
2020-12-31T18:20:23 0 0 경기74아3380 4 71 234001511 222000181 8 
2020-12-31T18:21:23 0 0 경기74아3380 4 71 234001511 222000179 10 
2020-12-31T18:22:22 0 0 경기74아3380 4 71 234001511 222000178 11 
2020-12-31T18:23:21 0 0 경기74아3380 4 71 234001511 222000178 11 
2020-12-31T18:24:21 0 0 경기74아3380 4 71 234001511 222000177 12 
2020-12-31T18:25:21 0 0 경기74아3380 4 71 234001511 222000177 12 
2020-12-31T18:26:20 0 0 경기74아3380 4 71 234001511 222000177 12 
2020-12-31T18:27:20 0 0 경기74아3380 4 71 234001511 277102831 13 
2020-12-31T18:28:20 0 0 경기74아3380 4 71 234001511 277102831 13 
2020-12-31T18:29:20 0 0 경기74아3380 4 71 234001511 277102831 13 
2020-12-31T18:30:18 0 0 경기74아3380 4 71 234001511 277102831 13 
2020-12-31T18:31:18 0 0 경기74아3380 4 71 234001511 277102833 14 
2020-12-31T18:32:18 0 0 경기74아3380 4 71 234001511 277102833 14 
2020-12-31T18:32:18 0 0 경기74아3357 4 70 234001511 222000824 1 
2020-12-31T18:33:17 0 0 경기74아3357 4 70 234001511 222000171 2 
2020-12-31T18:33:17 0 0 경기74아3380 4 71 234001511 277102835 15 
2020-12-31T18:34:17 0 0 경기74아3380 4 71 234001511 277102835 15 
2020-12-31T18:34:17 0 0 경기74아3357 4 69 234001511 222000171 2 
2020-12-31T18:35:17 0 0 경기74아3357 4 69 234001511 222000171 2 
2020-12-31T18:35:17 0 0 경기74아3380 4 71 234001511 277102837 16 
2020-12-31T18:36:17 0 0 경기74아3380 4 71 234001511 222000302 17 
2020-12-31T18:36:17 0 0 경기74아3357 4 69 234001511 222000170 3 
2020-12-31T18:37:16 0 0 경기74아3380 4 71 234001511 222000302 17 
2020-12-31T18:37:16 0 0 경기74아3357 4 69 234001511 222000323 4 
2020-12-31T18:38:16 0 0 경기74아3380 4 71 234001511 222000302 17 
2020-12-31T18:38:16 0 0 경기74아3357 4 69 234001511 222000321 6 
2020-12-31T18:39:16 0 0 경기74아3380 4 70 234001511 222000302 17 
2020-12-31T18:39:16 0 0 경기74아3357 4 69 234001511 222000320 7 
2020-12-31T18:40:15 0 0 경기74아3380 4 70 234001511 222000302 17 
2020-12-31T18:40:15 0 0 경기74아3357 4 69 234001511 222000320 7 
2020-12-31T18:41:15 0 0 경기74아3357 4 69 234001511 222000320 7 
2020-12-31T18:41:15 0 0 경기74아3380 4 70 234001511 222000302 17 
2020-12-31T18:42:15 0 0 경기74아3380 4 70 234001511 221000039 18 
2020-12-31T18:42:15 0 0 경기74아3357 4 69 234001511 222000181 8 
2020-12-31T18:43:15 0 0 경기74아3380 4 70 234001511 221000039 18 
2020-12-31T18:43:15 0 0 경기74아3357 4 69 234001511 222000180 9 
2020-12-31T18:44:14 0 0 경기74아3357 4 69 234001511 222000179 10 
2020-12-31T18:44:14 0 0 경기74아3380 4 70 234001511 221000039 18 
2020-12-31T18:45:14 0 0 경기74아3380 4 70 234001511 221000039 18 
2020-12-31T18:45:14 0 0 경기74아3357 4 69 234001511 222000179 10 
2020-12-31T18:46:14 0 0 경기74아3357 4 69 234001511 222000178 11 
2020-12-31T18:46:14 0 0 경기74아3380 4 70 234001511 277100104 19 
2020-12-31T18:47:14 0 0 경기74아3380 4 70 234001511 277100104 19 
2020-12-31T18:47:14 0 0 경기74아3357 4 68 234001511 222000178 11 
2020-12-31T18:48:14 0 0 경기74아3380 4 70 234001511 277103306 20 
2020-12-31T18:48:14 0 0 경기74아3357 4 68 234001511 222000177 12 
2020-12-31T18:49:14 0 0 경기74아3380 4 70 234001511 277103306 20 
2020-12-31T18:49:14 0 0 경기74아3357 4 68 234001511 222000177 12 
2020-12-31T18:50:13 0 0 경기74아3357 4 68 234001511 222000177 12 
2020-12-31T18:50:13 0 0 경기74아3380 4 70 234001511 277103306 20 
2020-12-31T18:51:12 0 0 경기74아3357 4 68 234001511 222000177 12 
2020-12-31T18:51:12 0 0 경기74아3380 4 70 234001511 277102674 21 
2020-12-31T18:52:12 0 0 경기74아3357 4 68 234001511 277102831 13 
2020-12-31T18:52:12 0 0 경기74아3380 4 70 234001511 277103309 22 
2020-12-31T18:53:12 0 0 경기74아3357 4 68 234001511 277102831 13 
2020-12-31T18:53:12 0 0 경기74아3380 4 70 234001511 277103309 22 
2020-12-31T18:54:12 0 0 경기74아3357 4 68 234001511 277102831 13 
2020-12-31T18:54:12 0 0 경기74아3380 4 70 234001511 277103308 23 
2020-12-31T18:55:11 0 0 경기74아3357 4 68 234001511 277102831 13 
2020-12-31T18:55:11 0 0 경기74아3380 4 70 234001511 277103308 23 
2020-12-31T18:56:10 0 0 경기74아3357 4 68 234001511 277102831 13 
2020-12-31T18:56:10 0 0 경기74아3380 4 70 234001511 277102302 24 
2020-12-31T18:57:10 0 0 경기74아3380 4 70 234001511 277102302 24 
2020-12-31T18:57:10 0 0 경기74아3357 4 68 234001511 277102833 14 
2020-12-31T18:58:09 0 0 경기74아3380 4 70 234001511 277102302 24 
2020-12-31T18:58:09 0 0 경기74아3357 4 68 234001511 277102833 14 
2020-12-31T18:59:09 0 0 경기74아3380 4 70 234001511 277102302 24 
2020-12-31T18:59:09 0 0 경기74아3357 4 68 234001511 277102835 15 
2020-12-31T19:00:09 0 0 경기74아3380 4 70 234001511 277102302 24 
2020-12-31T19:00:09 0 0 경기74아3357 4 68 234001511 277102837 16 
2020-12-31T19:01:09 0 0 경기74아3380 4 70 234001511 277102302 24 
2020-12-31T19:01:09 0 0 경기74아3357 4 68 234001511 277102837 16 
2020-12-31T19:02:08 0 0 경기74아3380 4 70 234001511 123000611 25 
2020-12-31T19:02:08 0 0 경기74아3357 4 68 234001511 222000302 17 
2020-12-31T19:03:08 0 0 경기74아3380 4 70 234001511 123000611 25 
2020-12-31T19:03:08 0 0 경기74아3357 4 68 234001511 222000302 17 
2020-12-31T19:04:08 0 0 경기74아3380 4 70 234001511 123000611 25 
2020-12-31T19:04:08 0 0 경기74아3357 4 68 234001511 222000302 17 
2020-12-31T19:05:08 0 0 경기74아3380 4 70 234001511 123000611 25 
2020-12-31T19:05:08 0 0 경기74아3357 4 68 234001511 221000039 18 
2020-12-31T19:06:07 0 0 경기74아3380 4 70 234001511 123000611 25 
2020-12-31T19:06:07 0 0 경기74아3357 4 68 234001511 221000039 18 
2020-12-31T19:07:07 0 0 경기74아3380 4 70 234001511 123000611 25 
2020-12-31T19:07:07 0 0 경기74아3357 4 68 234001511 221000039 18 
2020-12-31T19:08:05 0 0 경기74아3380 4 70 234001511 123000611 25 
2020-12-31T19:08:05 0 0 경기74아3357 4 68 234001511 221000039 18 
2020-12-31T19:09:05 0 0 경기74아3380 4 70 234001511 123000611 25 
2020-12-31T19:09:05 0 0 경기74아3357 4 68 234001511 277100104 19 
2020-12-31T19:10:05 0 0 경기74아3380 4 70 234001511 123000611 25 
2020-12-31T19:10:05 0 0 경기74아3357 4 68 234001511 277103306 20 
2020-12-31T19:11:05 0 0 경기74아3380 4 70 234001511 123000611 25 
2020-12-31T19:11:05 0 0 경기74아3357 4 68 234001511 277103306 20 
2020-12-31T19:12:05 0 0 경기74아3380 4 70 234001511 123000611 25 
2020-12-31T19:12:05 0 0 경기74아3357 4 68 234001511 277103306 20 
2020-12-31T19:13:05 0 0 경기74아3380 4 58 234001511 123000611 25 
2020-12-31T19:13:05 0 0 경기74아3357 4 68 234001511 277103306 20 
2020-12-31T19:14:05 0 0 경기74아3357 4 68 234001511 277102674 21 
2020-12-31T19:14:05 0 0 경기74아3380 4 58 234001511 123000611 25 
2020-12-31T19:15:04 0 0 경기74아3380 4 58 234001511 123000611 25 
2020-12-31T19:15:04 0 0 경기74아3357 4 68 234001511 277103309 22 
2020-12-31T19:16:03 0 0 경기74아3380 4 58 234001511 123000611 25 
2020-12-31T19:16:03 0 0 경기74아3357 4 68 234001511 277103309 22 
2020-12-31T19:17:03 0 0 경기74아3380 4 58 234001511 123000611 25 
2020-12-31T19:17:03 0 0 경기74아3357 4 68 234001511 277103308 23 
2020-12-31T19:18:02 0 0 경기74아3380 4 58 234001511 123000611 25 
2020-12-31T19:18:02 0 0 경기74아3357 4 68 234001511 277103308 23 
2020-12-31T19:19:02 0 0 경기74아3380 4 58 234001511 123000611 25 
2020-12-31T19:19:02 0 0 경기74아3357 4 68 234001511 277102302 24 
2020-12-31T19:20:02 0 0 경기74아3380 4 58 234001511 123000611 25 
2020-12-31T19:20:02 0 0 경기74아3357 4 68 234001511 277102302 24 
2020-12-31T19:21:02 0 0 경기74아3357 4 68 234001511 277102302 24 
2020-12-31T19:21:02 0 0 경기74아3380 4 58 234001511 123000611 25 
2020-12-31T19:22:02 0 0 경기74아3357 4 68 234001511 277102302 24 
2020-12-31T19:22:02 0 0 경기74아3380 4 58 234001511 123000611 25 
2020-12-31T19:23:01 0 0 경기74아3380 4 58 234001511 123000611 25 
2020-12-31T19:23:01 0 0 경기74아3357 4 68 234001511 123000611 25 
2020-12-31T19:24:01 0 0 경기74아3380 4 58 234001511 123000611 25 
2020-12-31T19:24:01 0 0 경기74아3357 4 68 234001511 123000611 25 
2020-12-31T19:25:01 0 0 경기74아3357 4 68 234001511 123000611 25 
2020-12-31T19:25:01 0 0 경기74아3380 4 58 234001511 123000611 25 
2020-12-31T19:26:01 0 0 경기74아3357 4 68 234001511 123000611 25 
2020-12-31T19:26:01 0 0 경기74아3380 4 58 234001511 123000611 25 
2020-12-31T19:27:01 0 0 경기74아3357 4 68 234001511 123000611 25 
2020-12-31T19:27:01 0 0 경기74아3380 4 58 234001511 123000611 25 
2020-12-31T19:28:01 0 0 경기74아3357 4 68 234001511 123000611 25 
2020-12-31T19:28:01 0 0 경기74아3380 4 58 234001511 277103310 26 
2020-12-31T19:29:00 0 0 경기74아3357 4 68 234001511 123000611 25 
2020-12-31T19:29:00 0 0 경기74아3380 4 58 234001511 277103310 26 
2020-12-31T19:30:00 0 0 경기74아3357 4 68 234001511 123000611 25 
2020-12-31T19:30:00 0 0 경기74아3380 4 58 234001511 277103310 26 
2020-12-31T19:30:59 0 0 경기74아3357 4 68 234001511 123000611 25 
2020-12-31T19:30:59 0 0 경기74아3380 4 58 234001511 277103310 26 
2020-12-31T19:31:58 0 0 경기74아3357 4 59 234001511 123000611 25 
2020-12-31T19:31:58 0 0 경기74아3380 4 58 234001511 277103310 26 
2020-12-31T19:32:58 0 0 경기74아3357 4 59 234001511 123000611 25 
2020-12-31T19:32:58 0 0 경기74아3380 4 58 234001511 277102675 27 
2020-12-31T19:33:58 0 0 경기74아3357 4 59 234001511 123000611 25 
2020-12-31T19:33:58 0 0 경기74아3380 4 58 234001511 277102675 27 
2020-12-31T19:34:58 0 0 경기74아3357 4 59 234001511 123000611 25 
2020-12-31T19:34:58 0 0 경기74아3380 4 58 234001511 277102675 27 
2020-12-31T19:35:56 0 0 경기74아3357 4 59 234001511 123000611 25 
2020-12-31T19:35:56 0 0 경기74아3380 4 58 234001511 277102675 27 
2020-12-31T19:36:56 0 0 경기74아3357 4 59 234001511 123000611 25 
2020-12-31T19:36:56 0 0 경기74아3380 4 58 234001511 277102675 27 
2020-12-31T19:37:56 0 0 경기74아3357 4 59 234001511 123000611 25 
2020-12-31T19:37:56 0 0 경기74아3380 4 58 234001511 277102675 27 
2020-12-31T19:38:56 0 0 경기74아3357 4 59 234001511 123000611 25 
2020-12-31T19:38:56 0 0 경기74아3380 4 58 234001511 277103307 28 
2020-12-31T19:39:56 0 0 경기74아3357 4 59 234001511 123000611 25 
2020-12-31T19:39:56 0 0 경기74아3380 4 58 234001511 277103307 28 
2020-12-31T19:40:56 0 0 경기74아3357 4 59 234001511 123000611 25 
2020-12-31T19:40:56 0 0 경기74아3380 4 58 234001511 277103313 29 
2020-12-31T19:41:54 0 0 경기74아3357 4 59 234001511 123000611 25 
2020-12-31T19:41:54 0 0 경기74아3380 4 58 234001511 221000238 30 
2020-12-31T19:42:55 0 0 경기74아3380 4 58 234001511 221000238 30 
2020-12-31T19:42:55 0 0 경기74아3357 4 59 234001511 123000611 25 
2020-12-31T19:43:54 0 0 경기74아3357 4 59 234001511 123000611 25 
2020-12-31T19:43:54 0 0 경기74아3380 4 58 234001511 222000301 31 
2020-12-31T19:44:55 0 0 경기74아3357 4 59 234001511 123000611 25 
2020-12-31T19:44:55 0 0 경기74아3380 4 58 234001511 277102838 32 
2020-12-31T19:45:53 0 0 경기74아3380 4 58 234001511 277102838 32 
2020-12-31T19:45:53 0 0 경기74아3357 4 59 234001511 123000611 25 
2020-12-31T19:46:53 0 0 경기74아3357 4 59 234001511 123000611 25 
2020-12-31T19:46:53 0 0 경기74아3380 4 58 234001511 277102836 33 
2020-12-31T19:47:53 0 0 경기74아3357 4 59 234001511 123000611 25 
2020-12-31T19:47:53 0 0 경기74아3380 4 58 234001511 277102834 34 
2020-12-31T19:48:53 0 0 경기74아3380 4 58 234001511 277102834 34 
2020-12-31T19:48:53 0 0 경기74아3357 4 59 234001511 123000611 25 
2020-12-31T19:49:53 0 0 경기74아3380 4 58 234001511 277102834 34 
2020-12-31T19:49:53 0 0 경기74아3357 4 59 234001511 123000611 25 
2020-12-31T19:50:52 0 0 경기74아3380 4 58 234001511 277102834 34 
2020-12-31T19:50:52 0 0 경기74아3357 4 59 234001511 277103310 26 
2020-12-31T19:51:52 0 0 경기74아3380 4 58 234001511 277102834 34 
2020-12-31T19:51:52 0 0 경기74아3357 4 59 234001511 277103310 26 
2020-12-31T19:52:52 0 0 경기74아3380 4 58 234001511 277102832 35 
2020-12-31T19:52:52 0 0 경기74아3357 4 59 234001511 277103310 26 
2020-12-31T19:53:52 0 0 경기74아3380 4 58 234001511 277102832 35 
2020-12-31T19:53:52 0 0 경기74아3357 4 59 234001511 277103310 26 
2020-12-31T19:54:51 0 0 경기74아3357 4 59 234001511 277103310 26 
2020-12-31T19:54:51 0 0 경기74아3380 4 58 234001511 222000186 36 
2020-12-31T19:55:51 0 0 경기74아3357 4 59 234001511 277102675 27 
2020-12-31T19:55:51 0 0 경기74아3380 4 60 234001511 222000186 36 
2020-12-31T19:56:51 0 0 경기74아3357 4 59 234001511 277102675 27 
2020-12-31T19:56:51 0 0 경기74아3380 4 60 234001511 222000185 37 
2020-12-31T19:57:51 0 0 경기74아3357 4 59 234001511 277102675 27 
2020-12-31T19:57:51 0 0 경기74아3380 4 60 234001511 222000185 37 
2020-12-31T19:58:51 0 0 경기74아3357 4 59 234001511 277102675 27 
2020-12-31T19:58:51 0 0 경기74아3380 4 60 234001511 222000184 38 
2020-12-31T19:59:51 0 0 경기74아3357 4 59 234001511 277102675 27 
2020-12-31T19:59:51 0 0 경기74아3380 4 61 234001511 222000183 39 
2020-12-31T20:00:50 0 0 경기74아3380 4 62 234001511 222000328 41 
2020-12-31T20:00:50 0 0 경기74아3357 4 59 234001511 277103307 28 
2020-12-31T20:01:49 0 0 경기74아3357 4 59 234001511 277103307 28 
2020-12-31T20:01:49 0 0 경기74아3380 4 62 234001511 222000326 43 
2020-12-31T20:02:49 0 0 경기74아3357 4 59 234001511 277103307 28 
2020-12-31T20:02:49 0 0 경기74아3380 4 62 234001511 222000325 44 
2020-12-31T20:03:49 0 0 경기74아3357 4 59 234001511 277103313 29 
2020-12-31T20:03:49 0 0 경기74아3380 4 64 234001511 222000749 45 
2020-12-31T20:04:49 0 0 경기74아3357 4 59 234001511 221000238 30 
2020-12-31T20:04:49 0 0 경기74아3380 4 64 234001511 222000324 46 
2020-12-31T20:05:48 0 0 경기74아3357 4 59 234001511 221000238 30 
2020-12-31T20:05:48 0 0 경기74아3380 4 67 234001511 222000175 47 
2020-12-31T20:06:48 0 0 경기74아3380 4 70 234001511 222000174 48 
2020-12-31T20:06:48 0 0 경기74아3357 4 59 234001511 277102838 32 
2020-12-31T20:07:48 0 0 경기74아3357 4 59 234001511 277102838 32 
2020-12-31T20:07:48 0 0 경기74아3380 4 70 234001511 222000174 48 
2020-12-31T20:08:47 0 0 경기74아3357 4 59 234001511 277102836 33 
2020-12-31T20:08:47 0 0 경기74아3380 4 71 234001511 222000173 50 
2020-12-31T20:09:48 0 0 경기74아3357 4 59 234001511 277102836 33 
2020-12-31T20:09:48 0 0 경기74아3380 4 71 234001511 222000173 50 
2020-12-31T20:10:46 0 0 경기74아3380 4 71 234001511 222000163 51 
2020-12-31T20:10:46 0 0 경기74아3357 4 59 234001511 277102834 34 
2020-12-31T20:11:46 0 0 경기74아3357 4 59 234001511 277102834 34 
2020-12-31T20:11:46 0 0 경기74아3380 4 71 234001511 222000958 52 
2020-12-31T20:12:46 0 0 경기74아3357 4 59 234001511 277102834 34 
2020-12-31T20:12:46 0 0 경기74아3380 4 71 234001511 222001580 53 
2020-12-31T20:13:45 0 0 경기74아3357 4 59 234001511 277102834 34 
2020-12-31T20:13:45 0 0 경기74아3380 4 71 234001511 222001580 53 
2020-12-31T20:14:45 0 0 경기74아3357 4 59 234001511 277102832 35 
2020-12-31T20:14:45 0 0 경기74아3380 4 71 234001511 222000164 54 
2020-12-31T20:15:44 0 0 경기74아3357 4 59 234001511 277102832 35 
2020-12-31T20:15:44 0 0 경기74아3380 4 71 234001511 222001096 55 
2020-12-31T20:16:44 0 0 경기74아3357 4 59 234001511 277102832 35 
2020-12-31T20:16:44 0 0 경기74아3380 4 71 234001511 222000166 56 
2020-12-31T20:17:43 0 0 경기74아3357 4 59 234001511 222000186 36 
2020-12-31T20:18:43 0 0 경기74아3357 4 62 234001511 222000186 36 
2020-12-31T20:19:43 0 0 경기74아3357 4 62 234001511 222000185 37 
2020-12-31T20:20:43 0 0 경기74아3357 4 62 234001511 222000184 38 
2020-12-31T20:21:43 0 0 경기74아3357 4 64 234001511 222000184 38 
2020-12-31T20:22:42 0 0 경기74아3357 4 64 234001511 222000328 41 
2020-12-31T20:23:42 0 0 경기74아3357 4 65 234001511 222000327 42 
2020-12-31T20:24:42 0 0 경기74아3357 4 65 234001511 222000749 45 
2020-12-31T20:25:42 0 0 경기74아3357 4 65 234001511 222000749 45 
2020-12-31T20:26:42 0 0 경기74아3357 4 65 234001511 222000324 46 
2020-12-31T20:27:41 0 0 경기74아3357 4 65 234001511 222000175 47 
2020-12-31T20:28:41 0 0 경기74아3357 4 67 234001511 222000174 48 
2020-12-31T20:29:41 0 0 경기74아3357 4 67 234001511 222001419 49 
2020-12-31T20:30:40 0 0 경기74아3357 4 67 234001511 222001419 49 
2020-12-31T20:31:40 0 0 경기74아3357 4 68 234001511 222000173 50 
2020-12-31T20:32:39 0 0 경기74아3357 4 69 234001511 222000163 51 
2020-12-31T20:33:39 0 0 경기74아3357 4 69 234001511 222000163 51 
2020-12-31T20:34:39 0 0 경기74아3357 4 70 234001511 222000958 52 
2020-12-31T20:35:38 0 0 경기74아3357 4 70 234001511 222001580 53 
2020-12-31T20:36:38 0 0 경기74아3357 4 70 234001511 222001580 53 
2020-12-31T20:37:38 0 0 경기74아3357 4 70 234001511 222000164 54 
2020-12-31T20:38:37 0 0 경기74아3357 4 70 234001511 222001096 55 
2020-12-31T20:39:37 0 0 경기74아3357 4 70 234001511 222000825 57 
2020-12-31T20:40:37 0 0 경기74아3357 4 70 234001511 222000825 57 
2020-12-31T20:41:36 0 0 경기74아3357 4 70 234001511 222000825 57 
2020-12-31T20:42:36 0 0 경기74아3357 4 70 234001511 222000825 57 
2020-12-31T20:43:35 0 0 경기74아3357 4 70 234001511 222000825 57 
2020-12-31T20:44:35 0 0 경기74아3357 4 70 234001511 222000825 57 
2020-12-31T20:45:34 0 0 경기74아3357 4 70 234001511 222000825 57 
2020-12-31T20:46:34 0 0 경기74아3357 4 70 234001511 222000825 57 
2020-12-31T20:47:33 0 0 경기74아3357 4 70 234001511 222000825 57 
2020-12-31T20:48:32 0 0 경기74아3357 4 70 234001511 222000825 57 
2020-12-31T20:49:31 0 0 경기74아3357 4 70 234001511 222000825 57 
2020-12-31T20:50:31 0 0 경기74아3357 4 70 234001511 222000825 57 
2020-12-31T20:51:30 0 0 경기74아3357 4 70 234001511 222000825 57 
2020-12-31T20:52:29 0 0 경기74아3357 4 70 234001511 222000825 57 
2020-12-31T20:53:29 0 0 경기74아3357 4 70 234001511 222000825 57 
2020-12-31T21:11:21 0 0 경기74아3380 4 72 234001511 222000824 1 
2020-12-31T21:12:21 0 0 경기74아3380 4 72 234001511 222000171 2 
2020-12-31T21:13:21 0 0 경기74아3380 4 70 234001511 222000170 3 
2020-12-31T21:14:20 0 0 경기74아3380 4 70 234001511 222000323 4 
2020-12-31T21:15:20 0 0 경기74아3380 4 70 234001511 222000321 6 
2020-12-31T21:16:19 0 0 경기74아3380 4 70 234001511 222000320 7 
2020-12-31T21:17:19 0 0 경기74아3380 4 70 234001511 222000320 7 
2020-12-31T21:18:19 0 0 경기74아3380 4 70 234001511 222000320 7 
2020-12-31T21:19:19 0 0 경기74아3380 4 70 234001511 222000320 7 
2020-12-31T21:20:19 0 0 경기74아3380 4 70 234001511 222000180 9 
2020-12-31T21:21:19 0 0 경기74아3380 4 70 234001511 222000179 10 
2020-12-31T21:22:18 0 0 경기74아3380 4 70 234001511 222000178 11 
2020-12-31T21:23:18 0 0 경기74아3380 4 70 234001511 222000178 11 
2020-12-31T21:24:17 0 0 경기74아3380 4 70 234001511 222000177 12 
2020-12-31T21:25:17 0 0 경기74아3380 4 70 234001511 277102831 13 
2020-12-31T21:26:17 0 0 경기74아3380 4 70 234001511 277102831 13 
2020-12-31T21:27:17 0 0 경기74아3380 4 70 234001511 277102831 13 
2020-12-31T21:28:17 0 0 경기74아3380 4 70 234001511 277102831 13 
2020-12-31T21:29:17 0 0 경기74아3380 4 70 234001511 277102833 14 
2020-12-31T21:30:17 0 0 경기74아3380 4 70 234001511 277102833 14 
2020-12-31T21:31:16 0 0 경기74아3380 4 70 234001511 277102835 15 
2020-12-31T21:32:15 0 0 경기74아3380 4 70 234001511 277102835 15 
2020-12-31T21:33:14 0 0 경기74아3357 4 70 234001511 222000824 1 
2020-12-31T21:33:14 0 0 경기74아3380 4 70 234001511 277102837 16 
2020-12-31T21:34:14 0 0 경기74아3357 4 70 234001511 222000824 1 
2020-12-31T21:34:14 0 0 경기74아3380 4 70 234001511 222000302 17 
2020-12-31T21:35:14 0 0 경기74아3380 4 70 234001511 222000302 17 
2020-12-31T21:35:14 0 0 경기74아3357 4 70 234001511 222000171 2 
2020-12-31T21:36:14 0 0 경기74아3357 4 70 234001511 222000170 3 
2020-12-31T21:36:14 0 0 경기74아3380 4 70 234001511 221000039 18 
2020-12-31T21:37:13 0 0 경기74아3380 4 70 234001511 221000039 18 
2020-12-31T21:37:13 0 0 경기74아3357 4 70 234001511 222000323 4 
2020-12-31T21:38:12 0 0 경기74아3357 4 69 234001511 222000322 5 
2020-12-31T21:38:12 0 0 경기74아3380 4 70 234001511 221000039 18 
2020-12-31T21:39:12 0 0 경기74아3357 4 69 234001511 222000322 5 
2020-12-31T21:39:12 0 0 경기74아3380 4 70 234001511 277100104 19 
2020-12-31T21:40:12 0 0 경기74아3380 4 70 234001511 277103306 20 
2020-12-31T21:40:12 0 0 경기74아3357 4 69 234001511 222000321 6 
2020-12-31T21:41:12 0 0 경기74아3380 4 70 234001511 277103306 20 
2020-12-31T21:41:12 0 0 경기74아3357 4 69 234001511 222000320 7 
2020-12-31T21:42:10 0 0 경기74아3380 4 70 234001511 277103306 20 
2020-12-31T21:42:10 0 0 경기74아3357 4 69 234001511 222000181 8 
2020-12-31T21:43:10 0 0 경기74아3380 4 70 234001511 277102674 21 
2020-12-31T21:43:10 0 0 경기74아3357 4 69 234001511 222000179 10 
2020-12-31T21:44:10 0 0 경기74아3357 4 69 234001511 222000179 10 
2020-12-31T21:44:10 0 0 경기74아3380 4 70 234001511 277103309 22 
2020-12-31T21:45:08 0 0 경기74아3357 4 69 234001511 222000179 10 
2020-12-31T21:45:08 0 0 경기74아3380 4 70 234001511 277103309 22 
2020-12-31T21:46:08 0 0 경기74아3380 4 70 234001511 277103308 23 
2020-12-31T21:46:08 0 0 경기74아3357 4 68 234001511 222000178 11 
2020-12-31T21:47:08 0 0 경기74아3357 4 68 234001511 222000178 11 
2020-12-31T21:47:08 0 0 경기74아3380 4 70 234001511 277102302 24 
2020-12-31T21:48:08 0 0 경기74아3380 4 70 234001511 277102302 24 
2020-12-31T21:48:08 0 0 경기74아3357 4 68 234001511 222000177 12 
2020-12-31T21:49:07 0 0 경기74아3357 4 67 234001511 222000177 12 
2020-12-31T21:49:07 0 0 경기74아3380 4 70 234001511 277102302 24 
2020-12-31T21:50:06 0 0 경기74아3357 4 67 234001511 222000177 12 
2020-12-31T21:50:06 0 0 경기74아3380 4 70 234001511 123000611 25 
2020-12-31T21:51:06 0 0 경기74아3380 4 70 234001511 123000611 25 
2020-12-31T21:51:06 0 0 경기74아3357 4 67 234001511 277102831 13 
2020-12-31T21:52:06 0 0 경기74아3380 4 70 234001511 123000611 25 
2020-12-31T21:52:06 0 0 경기74아3357 4 67 234001511 277102831 13 
2020-12-31T21:53:06 0 0 경기74아3380 4 70 234001511 123000611 25 
2020-12-31T21:53:06 0 0 경기74아3357 4 67 234001511 277102831 13 
2020-12-31T21:54:05 0 0 경기74아3380 4 70 234001511 123000611 25 
2020-12-31T21:54:05 0 0 경기74아3357 4 67 234001511 277102831 13 
2020-12-31T21:55:05 0 0 경기74아3380 4 70 234001511 123000611 25 
2020-12-31T21:55:05 0 0 경기74아3357 4 67 234001511 277102833 14 
2020-12-31T21:56:04 0 0 경기74아3380 4 70 234001511 123000611 25 
2020-12-31T21:56:04 0 0 경기74아3357 4 67 234001511 277102833 14 
2020-12-31T21:57:04 0 0 경기74아3380 4 70 234001511 123000611 25 
2020-12-31T21:57:04 0 0 경기74아3357 4 67 234001511 277102835 15 
2020-12-31T21:58:05 0 0 경기74아3380 4 62 234001511 123000611 25 
2020-12-31T21:58:05 0 0 경기74아3357 4 67 234001511 277102837 16 
2020-12-31T21:59:03 0 0 경기74아3380 4 62 234001511 123000611 25 
2020-12-31T21:59:03 0 0 경기74아3357 4 67 234001511 222000302 17 
2020-12-31T22:00:03 0 0 경기74아3357 4 67 234001511 222000302 17 
2020-12-31T22:00:03 0 0 경기74아3380 4 62 234001511 123000611 25 
2020-12-31T22:01:02 0 0 경기74아3357 4 67 234001511 221000039 18 
2020-12-31T22:01:02 0 0 경기74아3380 4 62 234001511 277103310 26 
2020-12-31T22:02:02 0 0 경기74아3357 4 67 234001511 277100104 19 
2020-12-31T22:02:02 0 0 경기74아3380 4 62 234001511 277102675 27 
2020-12-31T22:03:02 0 0 경기74아3380 4 62 234001511 277102675 27 
2020-12-31T22:03:02 0 0 경기74아3357 4 67 234001511 277103306 20 
2020-12-31T22:04:00 0 0 경기74아3380 4 62 234001511 277102675 27 
2020-12-31T22:04:00 0 0 경기74아3357 4 67 234001511 277103306 20 
2020-12-31T22:05:00 0 0 경기74아3380 4 62 234001511 277102675 27 
2020-12-31T22:05:00 0 0 경기74아3357 4 67 234001511 277103306 20 
2020-12-31T22:06:00 0 0 경기74아3380 4 62 234001511 277103307 28 
2020-12-31T22:06:00 0 0 경기74아3357 4 67 234001511 277103306 20 
2020-12-31T22:07:00 0 0 경기74아3380 4 62 234001511 277103307 28 
2020-12-31T22:07:00 0 0 경기74아3357 4 67 234001511 277103309 22 
2020-12-31T22:08:00 0 0 경기74아3380 4 62 234001511 277103313 29 
2020-12-31T22:08:00 0 0 경기74아3357 4 67 234001511 277103309 22 
2020-12-31T22:09:00 0 0 경기74아3380 4 62 234001511 221000238 30 
2020-12-31T22:09:00 0 0 경기74아3357 4 67 234001511 277103308 23 
2020-12-31T22:09:59 0 0 경기74아3380 4 62 234001511 221000238 30 
2020-12-31T22:09:59 0 0 경기74아3357 4 67 234001511 277102302 24 
2020-12-31T22:10:59 0 0 경기74아3357 4 67 234001511 277102302 24 
2020-12-31T22:10:59 0 0 경기74아3380 4 62 234001511 222000301 31 
2020-12-31T22:11:58 0 0 경기74아3380 4 62 234001511 277102838 32 
2020-12-31T22:11:58 0 0 경기74아3357 4 67 234001511 123000611 25 
2020-12-31T22:12:58 0 0 경기74아3357 4 67 234001511 123000611 25 
2020-12-31T22:12:58 0 0 경기74아3380 4 62 234001511 277102836 33 
2020-12-31T22:13:58 0 0 경기74아3357 4 67 234001511 123000611 25 
2020-12-31T22:13:58 0 0 경기74아3380 4 62 234001511 277102836 33 
2020-12-31T22:14:58 0 0 경기74아3357 4 67 234001511 123000611 25 
2020-12-31T22:14:58 0 0 경기74아3380 4 62 234001511 277102834 34 
2020-12-31T22:15:58 0 0 경기74아3357 4 67 234001511 123000611 25 
2020-12-31T22:15:58 0 0 경기74아3380 4 62 234001511 277102834 34 
2020-12-31T22:16:57 0 0 경기74아3357 4 67 234001511 123000611 25 
2020-12-31T22:16:57 0 0 경기74아3380 4 62 234001511 277102834 34 
2020-12-31T22:17:57 0 0 경기74아3357 4 67 234001511 123000611 25 
2020-12-31T22:17:57 0 0 경기74아3380 4 62 234001511 277102834 34 
2020-12-31T22:18:56 0 0 경기74아3357 4 67 234001511 123000611 25 
2020-12-31T22:18:56 0 0 경기74아3380 4 62 234001511 277102834 34 
2020-12-31T22:19:56 0 0 경기74아3380 4 62 234001511 277102834 34 
2020-12-31T22:19:56 0 0 경기74아3357 4 66 234001511 123000611 25 
2020-12-31T22:20:56 0 0 경기74아3380 4 62 234001511 277102832 35 
2020-12-31T22:20:56 0 0 경기74아3357 4 66 234001511 123000611 25 
2020-12-31T22:21:55 0 0 경기74아3357 4 66 234001511 123000611 25 
2020-12-31T22:21:55 0 0 경기74아3380 4 62 234001511 277102832 35 
2020-12-31T22:22:55 0 0 경기74아3357 4 66 234001511 123000611 25 
2020-12-31T22:22:55 0 0 경기74아3380 4 64 234001511 222000186 36 
2020-12-31T22:23:54 0 0 경기74아3380 4 65 234001511 222000186 36 
2020-12-31T22:23:54 0 0 경기74아3357 4 66 234001511 277103310 26 
2020-12-31T22:24:54 0 0 경기74아3357 4 66 234001511 277102675 27 
2020-12-31T22:24:54 0 0 경기74아3380 4 65 234001511 222000185 37 
2020-12-31T22:25:54 0 0 경기74아3357 4 66 234001511 277102675 27 
2020-12-31T22:25:54 0 0 경기74아3380 4 65 234001511 222000185 37 
2020-12-31T22:26:53 0 0 경기74아3357 4 66 234001511 277102675 27 
2020-12-31T22:26:53 0 0 경기74아3380 4 66 234001511 222000184 38 
2020-12-31T22:27:53 0 0 경기74아3380 4 66 234001511 222000184 38 
2020-12-31T22:27:53 0 0 경기74아3357 4 66 234001511 277103307 28 
2020-12-31T22:28:52 0 0 경기74아3357 4 66 234001511 277103313 29 
2020-12-31T22:28:52 0 0 경기74아3380 4 66 234001511 222000182 40 
2020-12-31T22:29:52 0 0 경기74아3380 4 66 234001511 222000328 41 
2020-12-31T22:29:52 0 0 경기74아3357 4 66 234001511 221000238 30 
2020-12-31T22:30:51 0 0 경기74아3357 4 66 234001511 221000238 30 
2020-12-31T22:30:51 0 0 경기74아3380 4 67 234001511 222000327 42 
2020-12-31T22:31:51 0 0 경기74아3357 4 66 234001511 222000301 31 
2020-12-31T22:31:51 0 0 경기74아3380 4 67 234001511 222000325 44 
2020-12-31T22:32:50 0 0 경기74아3380 4 67 234001511 222000325 44 
2020-12-31T22:32:50 0 0 경기74아3357 4 66 234001511 277102838 32 
2020-12-31T22:33:50 0 0 경기74아3380 4 67 234001511 222000325 44 
2020-12-31T22:33:50 0 0 경기74아3357 4 66 234001511 277102836 33 
2020-12-31T22:34:49 0 0 경기74아3357 4 66 234001511 277102836 33 
2020-12-31T22:34:49 0 0 경기74아3380 4 67 234001511 222000324 46 
2020-12-31T22:35:49 0 0 경기74아3380 4 69 234001511 222000174 48 
2020-12-31T22:35:49 0 0 경기74아3357 4 66 234001511 277102834 34 
2020-12-31T22:36:48 0 0 경기74아3357 4 66 234001511 277102834 34 
2020-12-31T22:36:48 0 0 경기74아3380 4 69 234001511 222001419 49 
2020-12-31T22:37:48 0 0 경기74아3357 4 66 234001511 277102834 34 
2020-12-31T22:37:48 0 0 경기74아3380 4 70 234001511 222000163 51 
2020-12-31T22:38:48 0 0 경기74아3357 4 66 234001511 277102834 34 
2020-12-31T22:38:48 0 0 경기74아3380 4 70 234001511 222000163 51 
2020-12-31T22:39:47 0 0 경기74아3357 4 66 234001511 277102834 34 
2020-12-31T22:39:47 0 0 경기74아3380 4 71 234001511 222000958 52 
2020-12-31T22:40:47 0 0 경기74아3380 4 71 234001511 222000958 52 
2020-12-31T22:40:47 0 0 경기74아3357 4 66 234001511 277102832 35 
2020-12-31T22:41:47 0 0 경기74아3380 4 71 234001511 222001580 53 
2020-12-31T22:41:47 0 0 경기74아3357 4 66 234001511 277102832 35 
2020-12-31T22:42:46 0 0 경기74아3357 4 66 234001511 222000186 36 
2020-12-31T22:42:46 0 0 경기74아3380 4 72 234001511 222000164 54 
2020-12-31T22:43:45 0 0 경기74아3380 4 72 234001511 222001096 55 
2020-12-31T22:43:45 0 0 경기74아3357 4 66 234001511 222000185 37 
2020-12-31T22:44:45 0 0 경기74아3357 4 66 234001511 222000185 37 
2020-12-31T22:44:45 0 0 경기74아3380 4 72 234001511 222000825 57 
2020-12-31T22:45:44 0 0 경기74아3380 4 72 234001511 222000825 57 
2020-12-31T22:45:44 0 0 경기74아3357 4 66 234001511 222000184 38 
2020-12-31T22:46:44 0 0 경기74아3380 4 72 234001511 222000825 57 
2020-12-31T22:46:44 0 0 경기74아3357 4 66 234001511 222000183 39 
2020-12-31T22:47:44 0 0 경기74아3380 4 72 234001511 222000825 57 
2020-12-31T22:47:44 0 0 경기74아3357 4 66 234001511 222000327 42 
2020-12-31T22:48:44 0 0 경기74아3380 4 72 234001511 222000825 57 
2020-12-31T22:48:44 0 0 경기74아3357 4 66 234001511 222000326 43 
2020-12-31T22:49:43 0 0 경기74아3380 4 72 234001511 222000825 57 
2020-12-31T22:49:43 0 0 경기74아3357 4 66 234001511 222000326 43 
2020-12-31T22:50:43 0 0 경기74아3380 4 72 234001511 222000825 57 
2020-12-31T22:50:43 0 0 경기74아3357 4 66 234001511 222000749 45 
2020-12-31T22:51:42 0 0 경기74아3380 4 72 234001511 222000825 57 
2020-12-31T22:51:42 0 0 경기74아3357 4 66 234001511 222000324 46 
2020-12-31T22:52:42 0 0 경기74아3380 4 72 234001511 222000825 57 
2020-12-31T22:52:42 0 0 경기74아3357 4 66 234001511 222000175 47 
2020-12-31T22:53:42 0 0 경기74아3380 4 72 234001511 222000825 57 
2020-12-31T22:53:42 0 0 경기74아3357 4 66 234001511 222001419 49 
2020-12-31T22:54:42 0 0 경기74아3380 4 72 234001511 222000825 57 
2020-12-31T22:54:42 0 0 경기74아3357 4 67 234001511 222000163 51 
2020-12-31T22:55:42 0 0 경기74아3380 4 72 234001511 222000825 57 
2020-12-31T22:55:42 0 0 경기74아3357 4 67 234001511 222000163 51 
2020-12-31T22:56:42 0 0 경기74아3380 4 72 234001511 222000825 57 
2020-12-31T22:56:42 0 0 경기74아3357 4 67 234001511 222000958 52 
2020-12-31T22:57:41 0 0 경기74아3380 4 72 234001511 222000825 57 
2020-12-31T22:57:41 0 0 경기74아3357 4 68 234001511 222001580 53 
2020-12-31T22:58:41 0 0 경기74아3380 4 72 234001511 222000825 57 
2020-12-31T22:58:41 0 0 경기74아3357 4 68 234001511 222001580 53 
2020-12-31T22:59:41 0 0 경기74아3380 4 72 234001511 222000825 57 
2020-12-31T22:59:41 0 0 경기74아3357 4 68 234001511 222000164 54 
2020-12-31T23:00:41 0 0 경기74아3380 4 72 234001511 222000825 57 
2020-12-31T23:00:41 0 0 경기74아3357 4 68 234001511 222001096 55 
2020-12-31T23:01:40 0 0 경기74아3357 4 68 234001511 222000166 56 
2020-12-31T23:02:40 0 0 경기74아3357 4 68 234001511 222000825 57 
2020-12-31T23:03:40 0 0 경기74아3357 4 68 234001511 222000825 57 
2020-12-31T23:04:39 0 0 경기74아3357 4 68 234001511 222000825 57 
2020-12-31T23:05:39 0 0 경기74아3357 4 68 234001511 222000825 57 
2020-12-31T23:06:39 0 0 경기74아3357 4 68 234001511 222000825 57 
2020-12-31T23:07:38 0 0 경기74아3357 4 68 234001511 222000825 57 
2020-12-31T23:08:38 0 0 경기74아3357 4 68 234001511 222000825 57 
2020-12-31T23:09:38 0 0 경기74아3357 4 68 234001511 222000825 57 
2020-12-31T23:10:38 0 0 경기74아3357 4 68 234001511 222000825 57 
2020-12-31T23:11:37 0 0 경기74아3357 4 68 234001511 222000825 57 
2020-12-31T23:12:37 0 0 경기74아3357 4 68 234001511 222000825 57 
2020-12-31T23:13:36 0 0 경기74아3357 4 68 234001511 222000825 57 
2020-12-31T23:14:36 0 0 경기74아3357 4 68 234001511 222000825 57 
2020-12-31T23:15:36 0 0 경기74아3357 4 68 234001511 222000825 57 
2020-12-31T23:16:36 0 0 경기74아3357 4 68 234001511 222000825 57 
