227000039 2021-01-01T00:59:48.459234+09:00
2021-01-01T06:21:06 0 0 경기75자8580 4 72 227000039 277103042 1 
2021-01-01T06:22:06 0 0 경기75자8580 4 72 227000039 277103042 1 
2021-01-01T06:23:06 0 0 경기75자8580 4 72 227000039 277103042 1 
2021-01-01T06:24:05 0 0 경기75자8580 4 72 227000039 277103042 1 
2021-01-01T06:25:05 0 0 경기75자8580 4 72 227000039 277103042 1 
2021-01-01T06:26:05 0 0 경기75자8580 4 72 227000039 277103042 1 
2021-01-01T06:27:04 0 0 경기75자8580 4 72 227000039 277103042 1 
2021-01-01T06:28:04 0 0 경기75자8580 4 72 227000039 277103042 1 
2021-01-01T06:29:03 0 0 경기75자8580 4 72 227000039 277103042 1 
2021-01-01T06:30:03 0 0 경기75자8580 4 72 227000039 277103042 1 
2021-01-01T06:31:03 0 0 경기75자8580 4 72 227000039 277103042 1 
2021-01-01T06:32:03 0 0 경기75자8580 4 72 227000039 277103042 1 
2021-01-01T06:33:02 0 0 경기75자8580 4 72 227000039 277103042 1 
2021-01-01T06:34:01 0 0 경기75자8580 4 72 227000039 227000261 2 
2021-01-01T06:35:01 0 0 경기75자8580 4 72 227000039 227000261 2 
2021-01-01T06:36:01 0 0 경기75자8580 4 72 227000039 227000677 3 
2021-01-01T06:37:01 0 0 경기75자8580 4 72 227000039 227000677 3 
2021-01-01T06:38:00 0 0 경기75자8580 4 72 227000039 227000308 4 
2021-01-01T06:39:00 0 0 경기75자8580 4 72 227000039 227000308 4 
2021-01-01T06:39:58 0 0 경기75자8580 4 72 227000039 227000666 6 
2021-01-01T06:40:58 0 0 경기75자8580 4 71 227000039 227000310 7 
2021-01-01T06:41:58 0 0 경기75자8580 4 71 227000039 227000310 7 
2021-01-01T06:42:57 0 0 경기75자8580 4 71 227000039 227000310 7 
2021-01-01T06:43:57 0 0 경기75자8580 4 71 227000039 227000207 9 
2021-01-01T06:44:57 0 0 경기75자8580 4 71 227000039 227000209 10 
2021-01-01T06:45:56 0 0 경기75자8580 4 71 227000039 227000209 10 
2021-01-01T06:46:55 0 0 경기75자8580 4 71 227000039 227000191 12 
2021-01-01T06:47:54 0 0 경기75자8580 4 71 227000039 227000257 13 
2021-01-01T06:48:54 0 0 경기75자8580 4 71 227000039 227000072 14 
2021-01-01T06:49:53 0 0 경기75자8580 4 71 227000039 227000072 14 
2021-01-01T06:50:53 0 0 경기75자8580 4 71 227000039 227000678 15 
2021-01-01T06:51:53 0 0 경기75자8580 4 71 227000039 227000678 15 
2021-01-01T06:52:52 0 0 경기75자8580 4 71 227000039 227000269 16 
2021-01-01T06:53:51 0 0 경기75자8580 4 71 227000039 227000280 17 
2021-01-01T06:54:51 0 0 경기75자8580 4 71 227000039 227000230 18 
2021-01-01T06:55:51 0 0 경기75자8580 4 70 227000039 227000485 19 
2021-01-01T06:56:50 0 0 경기75자8580 4 70 227000039 227000291 20 
2021-01-01T06:57:50 0 0 경기75자8580 4 70 227000039 227000291 20 
2021-01-01T06:58:49 0 0 경기75자8580 4 70 227000039 227000282 21 
2021-01-01T06:59:49 0 0 경기75자8580 4 70 227000039 227000282 21 
2021-01-01T07:00:49 0 0 경기75자8580 4 70 227000039 277103350 22 
2021-01-01T07:01:48 0 0 경기75자8580 4 70 227000039 277103350 22 
2021-01-01T07:02:48 0 0 경기75자8580 4 70 227000039 277103350 22 
2021-01-01T07:03:48 0 0 경기75자8580 4 70 227000039 277103348 23 
2021-01-01T07:04:47 0 0 경기75자8580 4 70 227000039 277103348 23 
2021-01-01T07:05:47 0 0 경기75자8580 4 70 227000039 277103348 23 
2021-01-01T07:06:46 0 0 경기75자8580 4 70 227000039 277103352 24 
2021-01-01T07:07:46 0 0 경기75자8580 4 70 227000039 277102840 25 
2021-01-01T07:08:45 0 0 경기75자8580 4 70 227000039 277102840 25 
2021-01-01T07:09:44 0 0 경기75자8580 4 70 227000039 277102840 25 
2021-01-01T07:10:43 0 0 경기75자8580 4 70 227000039 277102840 25 
2021-01-01T07:11:42 0 0 경기75자8580 4 71 227000039 123000048 26 
2021-01-01T07:12:42 0 0 경기75자8580 4 71 227000039 123000048 26 
2021-01-01T07:13:42 0 0 경기75자8580 4 71 227000039 123000048 26 
2021-01-01T07:14:41 0 0 경기75자8580 4 71 227000039 277101950 27 
2021-01-01T07:15:41 0 0 경기75자8580 4 71 227000039 277101950 27 
2021-01-01T07:16:39 0 0 경기75자8580 4 71 227000039 277101950 27 
2021-01-01T07:17:40 0 0 경기75자8580 4 71 227000039 277101950 27 
2021-01-01T07:18:39 0 0 경기75자8580 4 71 227000039 277102068 28 
2021-01-01T07:19:37 0 0 경기75자8580 4 71 227000039 277102068 28 
2021-01-01T07:20:37 0 0 경기75자8580 4 69 227000039 123000511 29 
2021-01-01T07:21:37 0 0 경기75자8580 4 69 227000039 123000511 29 
2021-01-01T07:22:37 0 0 경기75자8580 4 69 227000039 123000511 29 
2021-01-01T07:23:37 0 0 경기75자8580 4 69 227000039 277102842 30 
2021-01-01T07:24:37 0 0 경기75자8580 4 69 227000039 277103353 31 
2021-01-01T07:25:36 0 0 경기75자8580 4 69 227000039 277103353 31 
2021-01-01T07:26:36 0 0 경기75자8580 4 69 227000039 277103353 31 
2021-01-01T07:27:35 0 0 경기75자8580 4 69 227000039 277103349 32 
2021-01-01T07:28:34 0 0 경기75자8580 4 69 227000039 277103349 32 
2021-01-01T07:29:34 0 0 경기75자8580 4 69 227000039 277103349 32 
2021-01-01T07:30:34 0 0 경기75자8580 4 69 227000039 277103351 33 
2021-01-01T07:31:34 0 0 경기75자8580 4 69 227000039 277103351 33 
2021-01-01T07:32:33 0 0 경기75자8580 4 69 227000039 227000284 34 
2021-01-01T07:33:33 0 0 경기75자8580 4 69 227000039 227000656 35 
2021-01-01T07:34:33 0 0 경기75자8580 4 69 227000039 227000656 35 
2021-01-01T07:35:33 0 0 경기75자8580 4 69 227000039 227000484 36 
2021-01-01T07:36:32 0 0 경기75자8580 4 69 227000039 227000232 37 
2021-01-01T07:37:31 0 0 경기75자8580 4 69 227000039 227000232 37 
2021-01-01T07:38:31 0 0 경기75자8580 4 69 227000039 227000281 38 
2021-01-01T07:39:31 0 0 경기75자8580 4 69 227000039 227000268 39 
2021-01-01T07:40:29 0 0 경기75자8580 4 69 227000039 227000679 40 
2021-01-01T07:41:30 0 0 경기75자8580 4 69 227000039 227000679 40 
2021-01-01T07:42:29 0 0 경기75자8580 4 69 227000039 227000679 40 
2021-01-01T07:43:28 0 0 경기75자8580 4 69 227000039 227000679 40 
2021-01-01T07:44:28 0 0 경기75자8580 4 69 227000039 227000071 41 
2021-01-01T07:45:27 0 0 경기75자8580 4 69 227000039 227000071 41 
2021-01-01T07:46:26 0 0 경기75자8580 4 69 227000039 227000212 44 
2021-01-01T07:47:26 0 0 경기75자8580 4 69 227000039 227000212 44 
2021-01-01T07:48:25 0 0 경기75자8580 4 69 227000039 227000208 47 
2021-01-01T07:49:25 0 0 경기75자8580 4 69 227000039 227000208 47 
2021-01-01T07:50:24 0 0 경기75자8580 4 69 227000039 227000206 48 
2021-01-01T07:51:23 0 0 경기75자8580 4 69 227000039 227000311 49 
2021-01-01T07:52:23 0 0 경기75자8580 4 69 227000039 227000665 51 
2021-01-01T07:53:23 0 0 경기75자8580 4 69 227000039 227000307 53 
2021-01-01T07:54:22 0 0 경기75자8580 4 70 227000039 227000306 54 
2021-01-01T07:55:22 0 0 경기75자8580 4 70 227000039 227000334 55 
2021-01-01T07:56:22 0 0 경기75자8580 4 70 227000039 227000334 55 
2021-01-01T07:57:22 0 0 경기75자8580 4 70 227000039 227000334 55 
2021-01-01T07:58:22 0 0 경기75자8580 4 70 227000039 227000334 55 
2021-01-01T07:59:21 0 0 경기75자8580 4 70 227000039 227000334 55 
2021-01-01T08:00:21 0 0 경기75자8580 4 70 227000039 227000260 56 
2021-01-01T08:51:59 0 0 경기75자8580 4 72 227000039 227000677 3 
2021-01-01T08:52:58 0 0 경기75자8580 4 72 227000039 227000677 3 
2021-01-01T08:53:58 0 0 경기75자8580 4 72 227000039 227000677 3 
2021-01-01T08:54:58 0 0 경기75자8580 4 72 227000039 227000677 3 
2021-01-01T08:55:58 0 0 경기75자8580 4 72 227000039 227000308 4 
2021-01-01T08:56:57 0 0 경기75자8580 4 72 227000039 227000304 5 
2021-01-01T08:57:57 0 0 경기75자8580 4 72 227000039 227000666 6 
2021-01-01T08:58:56 0 0 경기75자8580 4 72 227000039 227000310 7 
2021-01-01T08:59:55 0 0 경기75자8580 4 72 227000039 227000310 7 
2021-01-01T09:00:54 0 0 경기75자8580 4 72 227000039 227000205 8 
2021-01-01T09:01:54 0 0 경기75자8580 4 72 227000039 227000205 8 
2021-01-01T09:02:54 0 0 경기75자8580 4 72 227000039 227000209 10 
2021-01-01T09:03:53 0 0 경기75자8580 4 72 227000039 227000209 10 
2021-01-01T09:04:53 0 0 경기75자8580 4 72 227000039 227000209 10 
2021-01-01T09:05:52 0 0 경기75자8580 4 72 227000039 227000191 12 
2021-01-01T09:06:52 0 0 경기75자8580 4 72 227000039 227000072 14 
2021-01-01T09:07:51 0 0 경기75자8580 4 72 227000039 227000072 14 
2021-01-01T09:08:50 0 0 경기75자8580 4 72 227000039 227000678 15 
2021-01-01T09:09:50 0 0 경기75자8580 4 72 227000039 227000678 15 
2021-01-01T09:10:50 0 0 경기75자8580 4 72 227000039 227000269 16 
2021-01-01T09:11:49 0 0 경기75자8580 4 72 227000039 227000269 16 
2021-01-01T09:12:49 0 0 경기75자8580 4 72 227000039 227000230 18 
2021-01-01T09:13:48 0 0 경기75자8580 4 72 227000039 227000230 18 
2021-01-01T09:14:47 0 0 경기75자8580 4 72 227000039 227000291 20 
2021-01-01T09:15:47 0 0 경기75자8580 4 72 227000039 227000291 20 
2021-01-01T09:16:47 0 0 경기75자8580 4 72 227000039 227000282 21 
2021-01-01T09:17:47 0 0 경기75자8580 4 72 227000039 227000282 21 
2021-01-01T09:18:47 0 0 경기75자8580 4 72 227000039 227000282 21 
2021-01-01T09:19:46 0 0 경기75자8580 4 72 227000039 277103350 22 
2021-01-01T09:20:45 0 0 경기75자8580 4 72 227000039 277103350 22 
2021-01-01T09:21:45 0 0 경기75자8580 4 72 227000039 277103348 23 
2021-01-01T09:22:45 0 0 경기75자8580 4 72 227000039 277103348 23 
2021-01-01T09:23:44 0 0 경기75자8580 4 72 227000039 277103348 23 
2021-01-01T09:24:44 0 0 경기75자8580 4 72 227000039 277103352 24 
2021-01-01T09:25:43 0 0 경기75자8580 4 72 227000039 277102840 25 
2021-01-01T09:26:42 0 0 경기75자8580 4 72 227000039 277102840 25 
2021-01-01T09:27:42 0 0 경기75자8580 4 72 227000039 277102840 25 
2021-01-01T09:28:41 0 0 경기75자8580 4 72 227000039 277102840 25 
2021-01-01T09:29:41 0 0 경기75자8580 4 72 227000039 277101950 27 
2021-01-01T09:30:40 0 0 경기75자8580 4 72 227000039 277101950 27 
2021-01-01T09:31:39 0 0 경기75자8580 4 72 227000039 277101950 27 
2021-01-01T09:32:39 0 0 경기75자8580 4 72 227000039 277101950 27 
2021-01-01T09:33:38 0 0 경기75자8580 4 72 227000039 277101950 27 
2021-01-01T09:34:38 0 0 경기75자8580 4 72 227000039 277102068 28 
2021-01-01T09:35:37 0 0 경기75자8580 4 69 227000039 123000511 29 
2021-01-01T09:36:37 0 0 경기75자8580 4 69 227000039 123000511 29 
2021-01-01T09:37:37 0 0 경기75자8580 4 69 227000039 123000511 29 
2021-01-01T09:38:36 0 0 경기75자8580 4 69 227000039 277102842 30 
2021-01-01T09:39:35 0 0 경기75자8580 4 69 227000039 277103353 31 
2021-01-01T09:40:36 0 0 경기75자8580 4 69 227000039 277103353 31 
2021-01-01T09:41:34 0 0 경기75자8580 4 69 227000039 277103353 31 
2021-01-01T09:42:35 0 0 경기75자8580 4 69 227000039 277103349 32 
2021-01-01T09:43:34 0 0 경기75자8580 4 69 227000039 277103349 32 
2021-01-01T09:44:33 0 0 경기75자8580 4 69 227000039 277103351 33 
2021-01-01T09:45:32 0 0 경기75자8580 4 69 227000039 277103351 33 
2021-01-01T09:46:31 0 0 경기75자8580 4 69 227000039 277103351 33 
2021-01-01T09:47:31 0 0 경기75자8580 4 69 227000039 277103351 33 
2021-01-01T09:48:30 0 0 경기75자8580 4 69 227000039 227000284 34 
2021-01-01T09:49:30 0 0 경기75자8580 4 71 227000039 227000656 35 
2021-01-01T09:50:29 0 0 경기75자8580 4 71 227000039 227000656 35 
2021-01-01T09:51:29 0 0 경기75자8580 4 72 227000039 227000484 36 
2021-01-01T09:52:28 0 0 경기75자8580 4 72 227000039 227000484 36 
2021-01-01T09:53:27 0 0 경기75자8580 4 72 227000039 227000484 36 
2021-01-01T09:54:27 0 0 경기75자8580 4 72 227000039 227000232 37 
2021-01-01T09:55:26 0 0 경기75자8580 4 72 227000039 227000281 38 
2021-01-01T09:56:25 0 0 경기75자8580 4 72 227000039 227000268 39 
2021-01-01T09:57:24 0 0 경기75자8580 4 72 227000039 227000268 39 
2021-01-01T09:58:24 0 0 경기75자8580 4 72 227000039 227000679 40 
2021-01-01T09:59:24 0 0 경기75자8580 4 72 227000039 227000679 40 
2021-01-01T10:00:23 0 0 경기75자8580 4 72 227000039 227000071 41 
2021-01-01T10:01:23 0 0 경기75자8580 4 72 227000039 227000071 41 
2021-01-01T10:02:22 0 0 경기75자8580 4 72 227000039 227000192 43 
2021-01-01T10:03:22 0 0 경기75자8580 4 72 227000039 227000212 44 
2021-01-01T10:04:22 0 0 경기75자8580 4 72 227000039 227000630 46 
2021-01-01T10:05:21 0 0 경기75자8580 4 72 227000039 227000208 47 
2021-01-01T10:06:20 0 0 경기75자8580 4 72 227000039 227000208 47 
2021-01-01T10:07:20 0 0 경기75자8580 4 72 227000039 227000206 48 
2021-01-01T10:08:19 0 0 경기75자8580 4 72 227000039 227000311 49 
2021-01-01T10:09:19 0 0 경기75자8580 4 72 227000039 227000664 50 
2021-01-01T10:10:18 0 0 경기75자8580 4 72 227000039 227000665 51 
2021-01-01T10:11:18 0 0 경기75자8580 4 72 227000039 227000306 54 
2021-01-01T10:12:18 0 0 경기75자8580 4 72 227000039 227000306 54 
2021-01-01T10:13:18 0 0 경기75자8580 4 72 227000039 227000334 55 
2021-01-01T10:14:18 0 0 경기75자8580 4 72 227000039 227000334 55 
2021-01-01T10:15:18 0 0 경기75자8580 4 72 227000039 227000334 55 
2021-01-01T10:16:18 0 0 경기75자8580 4 72 227000039 227000260 56 
2021-01-01T11:40:37 0 0 경기75자8580 4 72 227000039 227000677 3 
2021-01-01T11:41:37 0 0 경기75자8580 4 72 227000039 227000677 3 
2021-01-01T11:42:36 0 0 경기75자8580 4 72 227000039 227000677 3 
2021-01-01T11:43:36 0 0 경기75자8580 4 72 227000039 227000308 4 
2021-01-01T11:44:35 0 0 경기75자8580 4 72 227000039 227000308 4 
2021-01-01T11:45:35 0 0 경기75자8580 4 72 227000039 227000666 6 
2021-01-01T11:46:35 0 0 경기75자8580 4 72 227000039 227000310 7 
2021-01-01T11:47:35 0 0 경기75자8580 4 72 227000039 227000310 7 
2021-01-01T11:48:35 0 0 경기75자8580 4 72 227000039 227000310 7 
2021-01-01T11:49:34 0 0 경기75자8580 4 72 227000039 227000207 9 
2021-01-01T11:50:33 0 0 경기75자8580 4 72 227000039 227000209 10 
2021-01-01T11:51:33 0 0 경기75자8580 4 72 227000039 227000209 10 
2021-01-01T11:52:33 0 0 경기75자8580 4 72 227000039 227000191 12 
2021-01-01T11:53:33 0 0 경기75자8580 4 72 227000039 227000072 14 
2021-01-01T11:54:32 0 0 경기75자8580 4 72 227000039 227000678 15 
2021-01-01T11:55:31 0 0 경기75자8580 4 72 227000039 227000269 16 
2021-01-01T11:56:31 0 0 경기75자8580 4 72 227000039 227000269 16 
2021-01-01T11:57:30 0 0 경기75자8580 4 72 227000039 227000280 17 
2021-01-01T11:58:29 0 0 경기75자8580 4 72 227000039 227000230 18 
2021-01-01T11:59:28 0 0 경기75자8580 4 72 227000039 227000485 19 
2021-01-01T12:00:27 0 0 경기75자8580 4 72 227000039 227000485 19 
2021-01-01T12:01:26 0 0 경기75자8580 4 72 227000039 227000485 19 
2021-01-01T12:02:25 0 0 경기75자8580 4 72 227000039 227000291 20 
2021-01-01T12:03:24 0 0 경기75자8580 4 72 227000039 227000291 20 
2021-01-01T12:04:24 0 0 경기75자8580 4 72 227000039 227000282 21 
2021-01-01T12:05:24 0 0 경기75자8580 4 72 227000039 227000282 21 
2021-01-01T12:06:24 0 0 경기75자8580 4 72 227000039 227000282 21 
2021-01-01T12:07:23 0 0 경기75자8580 4 72 227000039 227000282 21 
2021-01-01T12:08:23 0 0 경기75자8580 4 72 227000039 227000282 21 
2021-01-01T12:09:22 0 0 경기75자8580 4 72 227000039 277103350 22 
2021-01-01T12:10:22 0 0 경기75자8580 4 72 227000039 277103350 22 
2021-01-01T12:11:21 0 0 경기75자8580 4 72 227000039 277103348 23 
2021-01-01T12:12:21 0 0 경기75자8580 4 72 227000039 277103348 23 
2021-01-01T12:13:20 0 0 경기75자8580 4 72 227000039 277103352 24 
2021-01-01T12:14:19 0 0 경기75자8580 4 72 227000039 277103352 24 
2021-01-01T12:15:19 0 0 경기75자8580 4 72 227000039 277102840 25 
2021-01-01T12:16:19 0 0 경기75자8580 4 72 227000039 277102840 25 
2021-01-01T12:17:19 0 0 경기75자8580 4 72 227000039 277102840 25 
2021-01-01T12:18:18 0 0 경기75자8580 4 72 227000039 277102840 25 
2021-01-01T12:19:18 0 0 경기75자8580 4 72 227000039 123000048 26 
2021-01-01T12:20:17 0 0 경기75자8580 4 72 227000039 123000048 26 
2021-01-01T12:21:16 0 0 경기75자8580 4 72 227000039 123000048 26 
2021-01-01T12:22:16 0 0 경기75자8580 4 72 227000039 277101950 27 
2021-01-01T12:23:16 0 0 경기75자8580 4 72 227000039 277101950 27 
2021-01-01T12:24:15 0 0 경기75자8580 4 72 227000039 277102068 28 
2021-01-01T12:25:14 0 0 경기75자8580 4 72 227000039 277102068 28 
2021-01-01T12:26:13 0 0 경기75자8580 4 71 227000039 123000511 29 
2021-01-01T12:27:13 0 0 경기75자8580 4 71 227000039 123000511 29 
2021-01-01T12:28:13 0 0 경기75자8580 4 71 227000039 123000511 29 
2021-01-01T12:29:12 0 0 경기75자8580 4 71 227000039 123000511 29 
2021-01-01T12:30:11 0 0 경기75자8580 4 71 227000039 277102842 30 
2021-01-01T12:31:11 0 0 경기75자8580 4 71 227000039 277102842 30 
2021-01-01T12:32:11 0 0 경기75자8580 4 71 227000039 277103353 31 
2021-01-01T12:33:10 0 0 경기75자8580 4 71 227000039 277103353 31 
2021-01-01T12:34:09 0 0 경기75자8580 4 71 227000039 277103349 32 
2021-01-01T12:35:09 0 0 경기75자8580 4 71 227000039 277103349 32 
2021-01-01T12:36:08 0 0 경기75자8580 4 71 227000039 277103349 32 
2021-01-01T12:37:07 0 0 경기75자8580 4 71 227000039 277103351 33 
2021-01-01T12:38:07 0 0 경기75자8580 4 71 227000039 277103351 33 
2021-01-01T12:39:07 0 0 경기75자8580 4 71 227000039 277103351 33 
2021-01-01T12:40:06 0 0 경기75자8580 4 71 227000039 277103351 33 
2021-01-01T12:41:05 0 0 경기75자8580 4 71 227000039 277103351 33 
2021-01-01T12:42:05 0 0 경기75자8580 4 71 227000039 227000656 35 
2021-01-01T12:43:03 0 0 경기75자8580 4 71 227000039 227000656 35 
2021-01-01T12:44:03 0 0 경기75자8580 4 71 227000039 227000484 36 
2021-01-01T12:45:02 0 0 경기75자8580 4 71 227000039 227000484 36 
2021-01-01T12:46:02 0 0 경기75자8580 4 71 227000039 227000484 36 
2021-01-01T12:47:02 0 0 경기75자8580 4 71 227000039 227000232 37 
2021-01-01T12:48:02 0 0 경기75자8580 4 70 227000039 227000232 37 
2021-01-01T12:49:02 0 0 경기75자8580 4 70 227000039 227000232 37 
2021-01-01T12:50:01 0 0 경기75자8580 4 70 227000039 227000281 38 
2021-01-01T12:51:00 0 0 경기75자8580 4 69 227000039 227000268 39 
2021-01-01T12:51:59 0 0 경기75자8580 4 69 227000039 227000268 39 
2021-01-01T12:52:58 0 0 경기75자8580 4 69 227000039 227000679 40 
2021-01-01T12:53:59 0 0 경기75자8580 4 69 227000039 227000071 41 
2021-01-01T12:54:58 0 0 경기75자8580 4 69 227000039 227000256 42 
2021-01-01T12:55:57 0 0 경기75자8580 4 69 227000039 227000212 44 
2021-01-01T12:56:56 0 0 경기75자8580 4 70 227000039 227000210 45 
2021-01-01T12:57:56 0 0 경기75자8580 4 70 227000039 227000208 47 
2021-01-01T12:58:55 0 0 경기75자8580 4 70 227000039 227000208 47 
2021-01-01T12:59:54 0 0 경기75자8580 4 70 227000039 227000311 49 
2021-01-01T13:00:54 0 0 경기75자8580 4 70 227000039 227000311 49 
2021-01-01T13:01:54 0 0 경기75자8580 4 70 227000039 227000664 50 
2021-01-01T13:02:54 0 0 경기75자8580 4 70 227000039 227000665 51 
2021-01-01T13:03:54 0 0 경기75자8580 4 72 227000039 227000307 53 
2021-01-01T13:04:53 0 0 경기75자8580 4 72 227000039 227000306 54 
2021-01-01T13:05:53 0 0 경기75자8580 4 72 227000039 227000334 55 
2021-01-01T13:06:53 0 0 경기75자8580 4 72 227000039 227000334 55 
2021-01-01T13:07:52 0 0 경기75자8580 4 72 227000039 227000334 55 
2021-01-01T13:08:52 0 0 경기75자8580 4 72 227000039 227000260 56 
2021-01-01T13:09:52 0 0 경기75자8580 4 72 227000039 227000260 56 
2021-01-01T13:10:52 0 0 경기75자8580 4 72 227000039 227000260 56 
2021-01-01T13:11:52 0 0 경기75자8580 4 72 227000039 227000260 56 
2021-01-01T13:12:50 0 0 경기75자8580 4 72 227000039 227000260 56 
2021-01-01T13:13:50 0 0 경기75자8580 4 72 227000039 227000260 56 
2021-01-01T13:14:50 0 0 경기75자8580 4 72 227000039 227000260 56 
2021-01-01T13:15:49 0 0 경기75자8580 4 72 227000039 227000260 56 
2021-01-01T13:16:48 0 0 경기75자8580 4 72 227000039 227000260 56 
2021-01-01T13:17:48 0 0 경기75자8580 4 72 227000039 227000260 56 
2021-01-01T13:18:47 0 0 경기75자8580 4 72 227000039 227000260 56 
2021-01-01T13:19:46 0 0 경기75자8580 4 72 227000039 227000260 56 
2021-01-01T13:20:46 0 0 경기75자8580 4 72 227000039 227000260 56 
2021-01-01T13:21:45 0 0 경기75자8580 4 72 227000039 227000260 56 
2021-01-01T13:22:45 0 0 경기75자8580 4 72 227000039 227000260 56 
2021-01-01T15:21:59 0 0 경기75자8580 4 72 227000039 227000677 3 
2021-01-01T15:22:59 0 0 경기75자8580 4 72 227000039 227000677 3 
2021-01-01T15:23:58 0 0 경기75자8580 4 72 227000039 227000677 3 
2021-01-01T15:24:58 0 0 경기75자8580 4 72 227000039 227000308 4 
2021-01-01T15:25:57 0 0 경기75자8580 4 72 227000039 227000308 4 
2021-01-01T15:26:56 0 0 경기75자8580 4 72 227000039 227000304 5 
2021-01-01T15:27:56 0 0 경기75자8580 4 72 227000039 227000304 5 
2021-01-01T15:28:54 0 0 경기75자8580 4 72 227000039 227000304 5 
2021-01-01T15:29:54 0 0 경기75자8580 4 72 227000039 227000666 6 
2021-01-01T15:30:54 0 0 경기75자8580 4 72 227000039 227000310 7 
2021-01-01T15:31:53 0 0 경기75자8580 4 72 227000039 227000205 8 
2021-01-01T15:32:52 0 0 경기75자8580 4 72 227000039 227000205 8 
2021-01-01T15:33:52 0 0 경기75자8580 4 72 227000039 227000205 8 
2021-01-01T15:34:52 0 0 경기75자8580 4 72 227000039 227000209 10 
2021-01-01T15:35:52 0 0 경기75자8580 4 72 227000039 227000209 10 
2021-01-01T15:36:52 0 0 경기75자8580 4 72 227000039 227000211 11 
2021-01-01T15:37:51 0 0 경기75자8580 4 72 227000039 227000257 13 
2021-01-01T15:38:51 0 0 경기75자8580 4 72 227000039 227000072 14 
2021-01-01T15:39:51 0 0 경기75자8580 4 72 227000039 227000072 14 
2021-01-01T15:40:51 0 0 경기75자8580 4 72 227000039 227000678 15 
2021-01-01T15:41:51 0 0 경기75자8580 4 72 227000039 227000678 15 
2021-01-01T15:42:50 0 0 경기75자8580 4 72 227000039 227000269 16 
2021-01-01T15:43:50 0 0 경기75자8580 4 72 227000039 227000269 16 
2021-01-01T15:44:49 0 0 경기75자8580 4 72 227000039 227000280 17 
2021-01-01T15:45:49 0 0 경기75자8580 4 72 227000039 227000230 18 
2021-01-01T15:46:49 0 0 경기75자8580 4 72 227000039 227000485 19 
2021-01-01T15:47:49 0 0 경기75자8580 4 72 227000039 227000485 19 
2021-01-01T15:48:49 0 0 경기75자8580 4 72 227000039 227000485 19 
2021-01-01T15:49:49 0 0 경기75자8580 4 72 227000039 227000291 20 
2021-01-01T15:50:48 0 0 경기75자8580 4 72 227000039 227000291 20 
2021-01-01T15:51:48 0 0 경기75자8580 4 72 227000039 227000282 21 
2021-01-01T15:52:48 0 0 경기75자8580 4 72 227000039 227000282 21 
2021-01-01T15:53:47 0 0 경기75자8580 4 69 227000039 227000282 21 
2021-01-01T15:54:47 0 0 경기75자8580 4 69 227000039 227000282 21 
2021-01-01T15:55:45 0 0 경기75자8580 4 69 227000039 227000282 21 
2021-01-01T15:56:46 0 0 경기75자8580 4 69 227000039 277103350 22 
2021-01-01T15:57:45 0 0 경기75자8580 4 69 227000039 277103350 22 
2021-01-01T15:58:44 0 0 경기75자8580 4 69 227000039 277103350 22 
2021-01-01T15:59:44 0 0 경기75자8580 4 69 227000039 277103348 23 
2021-01-01T16:00:43 0 0 경기75자8580 4 69 227000039 277103348 23 
2021-01-01T16:01:43 0 0 경기75자8580 4 69 227000039 277103348 23 
2021-01-01T16:02:43 0 0 경기75자8580 4 69 227000039 277103352 24 
2021-01-01T16:03:42 0 0 경기75자8580 4 69 227000039 277102840 25 
2021-01-01T16:04:42 0 0 경기75자8580 4 69 227000039 277102840 25 
2021-01-01T16:05:41 0 0 경기75자8580 4 69 227000039 277102840 25 
2021-01-01T16:06:41 0 0 경기75자8580 4 69 227000039 277102840 25 
2021-01-01T16:07:40 0 0 경기75자8580 4 69 227000039 277102840 25 
2021-01-01T16:08:40 0 0 경기75자8580 4 69 227000039 277102840 25 
2021-01-01T16:09:39 0 0 경기75자8580 4 71 227000039 123000048 26 
2021-01-01T16:10:39 0 0 경기75자8580 4 71 227000039 123000048 26 
2021-01-01T16:11:39 0 0 경기75자8580 4 71 227000039 123000048 26 
2021-01-01T16:12:39 0 0 경기75자8580 4 71 227000039 277101950 27 
2021-01-01T16:13:39 0 0 경기75자8580 4 71 227000039 277101950 27 
2021-01-01T16:14:38 0 0 경기75자8580 4 71 227000039 277101950 27 
2021-01-01T16:15:38 0 0 경기75자8580 4 71 227000039 277101950 27 
2021-01-01T16:16:37 0 0 경기75자8580 4 71 227000039 277101950 27 
2021-01-01T16:17:36 0 0 경기75자8580 4 71 227000039 277101950 27 
2021-01-01T16:18:36 0 0 경기75자8580 4 71 227000039 277102068 28 
2021-01-01T16:19:36 0 0 경기75자8580 4 71 227000039 277102068 28 
2021-01-01T16:20:36 0 0 경기75자8580 4 71 227000039 123000511 29 
2021-01-01T16:21:35 0 0 경기75자8580 4 71 227000039 123000511 29 
2021-01-01T16:22:35 0 0 경기75자8580 4 71 227000039 123000511 29 
2021-01-01T16:23:34 0 0 경기75자8580 4 71 227000039 277102842 30 
2021-01-01T16:24:34 0 0 경기75자8580 4 71 227000039 277103353 31 
2021-01-01T16:25:34 0 0 경기75자8580 4 71 227000039 277103353 31 
2021-01-01T16:26:34 0 0 경기75자8580 4 71 227000039 277103353 31 
2021-01-01T16:27:33 0 0 경기75자8580 4 71 227000039 277103349 32 
2021-01-01T16:28:33 0 0 경기75자8580 4 71 227000039 277103349 32 
2021-01-01T16:29:33 0 0 경기75자8580 4 71 227000039 277103349 32 
2021-01-01T16:30:32 0 0 경기75자8580 4 71 227000039 277103351 33 
2021-01-01T16:31:32 0 0 경기75자8580 4 71 227000039 277103351 33 
2021-01-01T16:32:32 0 0 경기75자8580 4 71 227000039 277103351 33 
2021-01-01T16:33:31 0 0 경기75자8580 4 71 227000039 227000284 34 
2021-01-01T16:34:31 0 0 경기75자8580 4 71 227000039 227000656 35 
2021-01-01T16:35:31 0 0 경기75자8580 4 71 227000039 227000656 35 
2021-01-01T16:36:31 0 0 경기75자8580 4 71 227000039 227000656 35 
2021-01-01T16:37:30 0 0 경기75자8580 4 71 227000039 227000484 36 
2021-01-01T16:38:31 0 0 경기75자8580 4 71 227000039 227000484 36 
2021-01-01T16:39:30 0 0 경기75자8580 4 71 227000039 227000232 37 
2021-01-01T16:40:29 0 0 경기75자8580 4 71 227000039 227000281 38 
2021-01-01T16:41:29 0 0 경기75자8580 4 71 227000039 227000281 38 
2021-01-01T16:42:29 0 0 경기75자8580 4 71 227000039 227000268 39 
2021-01-01T16:43:29 0 0 경기75자8580 4 71 227000039 227000268 39 
2021-01-01T16:44:29 0 0 경기75자8580 4 71 227000039 227000679 40 
2021-01-01T16:45:28 0 0 경기75자8580 4 71 227000039 227000679 40 
2021-01-01T16:46:27 0 0 경기75자8580 4 71 227000039 227000679 40 
2021-01-01T16:47:26 0 0 경기75자8580 4 71 227000039 227000071 41 
2021-01-01T16:48:26 0 0 경기75자8580 4 71 227000039 227000192 43 
2021-01-01T16:49:25 0 0 경기75자8580 4 71 227000039 227000212 44 
2021-01-01T16:50:25 0 0 경기75자8580 4 71 227000039 227000210 45 
2021-01-01T16:51:24 0 0 경기75자8580 4 71 227000039 227000210 45 
2021-01-01T16:52:23 0 0 경기75자8580 4 71 227000039 227000208 47 
2021-01-01T16:53:23 0 0 경기75자8580 4 71 227000039 227000206 48 
2021-01-01T16:54:23 0 0 경기75자8580 4 71 227000039 227000206 48 
2021-01-01T16:55:22 0 0 경기75자8580 4 71 227000039 227000311 49 
2021-01-01T16:56:22 0 0 경기75자8580 4 71 227000039 227000665 51 
2021-01-01T16:57:21 0 0 경기75자8580 4 71 227000039 227000306 54 
2021-01-01T16:58:20 0 0 경기75자8580 4 71 227000039 227000306 54 
2021-01-01T16:59:20 0 0 경기75자8580 4 71 227000039 227000334 55 
2021-01-01T17:00:20 0 0 경기75자8580 4 71 227000039 227000334 55 
2021-01-01T17:01:19 0 0 경기75자8580 4 71 227000039 227000334 55 
2021-01-01T17:02:19 0 0 경기75자8580 4 71 227000039 227000334 55 
2021-01-01T17:03:19 0 0 경기75자8580 4 71 227000039 227000334 55 
2021-01-01T17:04:18 0 0 경기75자8580 4 71 227000039 227000334 55 
2021-01-01T17:05:17 0 0 경기75자8580 4 71 227000039 227000260 56 
2021-01-01T18:09:47 0 0 경기75자8580 4 72 227000039 227000261 2 
2021-01-01T18:10:46 0 0 경기75자8580 4 72 227000039 227000677 3 
2021-01-01T18:11:46 0 0 경기75자8580 4 72 227000039 227000677 3 
2021-01-01T18:12:46 0 0 경기75자8580 4 72 227000039 227000677 3 
2021-01-01T18:13:46 0 0 경기75자8580 4 71 227000039 227000308 4 
2021-01-01T18:14:46 0 0 경기75자8580 4 70 227000039 227000304 5 
2021-01-01T18:15:45 0 0 경기75자8580 4 70 227000039 227000304 5 
2021-01-01T18:16:45 0 0 경기75자8580 4 70 227000039 227000304 5 
2021-01-01T18:17:45 0 0 경기75자8580 4 70 227000039 227000310 7 
2021-01-01T18:18:43 0 0 경기75자8580 4 70 227000039 227000310 7 
2021-01-01T18:19:43 0 0 경기75자8580 4 70 227000039 227000310 7 
2021-01-01T18:20:43 0 0 경기75자8580 4 70 227000039 227000205 8 
2021-01-01T18:21:43 0 0 경기75자8580 4 70 227000039 227000205 8 
2021-01-01T18:22:42 0 0 경기75자8580 4 70 227000039 227000207 9 
2021-01-01T18:23:42 0 0 경기75자8580 4 70 227000039 227000209 10 
2021-01-01T18:24:42 0 0 경기75자8580 4 70 227000039 227000209 10 
2021-01-01T18:25:41 0 0 경기75자8580 4 70 227000039 227000211 11 
2021-01-01T18:26:41 0 0 경기75자8580 4 70 227000039 227000072 14 
2021-01-01T18:27:40 0 0 경기75자8580 4 70 227000039 227000072 14 
2021-01-01T18:28:40 0 0 경기75자8580 4 70 227000039 227000678 15 
2021-01-01T18:29:40 0 0 경기75자8580 4 70 227000039 227000280 17 
2021-01-01T18:30:40 0 0 경기75자8580 4 70 227000039 227000230 18 
2021-01-01T18:31:39 0 0 경기75자8580 4 70 227000039 227000485 19 
2021-01-01T18:32:39 0 0 경기75자8580 4 70 227000039 227000291 20 
2021-01-01T18:33:39 0 0 경기75자8580 4 70 227000039 227000291 20 
2021-01-01T18:34:38 0 0 경기75자8580 4 70 227000039 227000282 21 
2021-01-01T18:35:38 0 0 경기75자8580 4 69 227000039 227000282 21 
2021-01-01T18:36:38 0 0 경기75자8580 4 69 227000039 227000282 21 
2021-01-01T18:37:38 0 0 경기75자8580 4 69 227000039 227000282 21 
2021-01-01T18:38:38 0 0 경기75자8580 4 69 227000039 227000282 21 
2021-01-01T18:39:37 0 0 경기75자8580 4 69 227000039 277103350 22 
2021-01-01T18:40:37 0 0 경기75자8580 4 69 227000039 277103350 22 
2021-01-01T18:41:37 0 0 경기75자8580 4 69 227000039 277103350 22 
2021-01-01T18:42:37 0 0 경기75자8580 4 69 227000039 277103348 23 
2021-01-01T18:43:37 0 0 경기75자8580 4 69 227000039 277103348 23 
2021-01-01T18:44:37 0 0 경기75자8580 4 69 227000039 277103348 23 
2021-01-01T18:45:36 0 0 경기75자8580 4 69 227000039 277103352 24 
2021-01-01T18:46:36 0 0 경기75자8580 4 69 227000039 277102840 25 
2021-01-01T18:47:36 0 0 경기75자8580 4 69 227000039 277102840 25 
2021-01-01T18:48:36 0 0 경기75자8580 4 69 227000039 277102840 25 
2021-01-01T18:49:35 0 0 경기75자8580 4 69 227000039 277102840 25 
2021-01-01T18:50:35 0 0 경기75자8580 4 70 227000039 123000048 26 
2021-01-01T18:51:35 0 0 경기75자8580 4 72 227000039 123000048 26 
2021-01-01T18:52:35 0 0 경기75자8580 4 72 227000039 123000048 26 
2021-01-01T18:53:34 0 0 경기75자8580 4 72 227000039 123000048 26 
2021-01-01T18:54:33 0 0 경기75자8580 4 72 227000039 277101950 27 
2021-01-01T18:55:33 0 0 경기75자8580 4 72 227000039 277101950 27 
2021-01-01T18:56:33 0 0 경기75자8580 4 72 227000039 277101950 27 
2021-01-01T18:57:32 0 0 경기75자8580 4 72 227000039 277101950 27 
2021-01-01T18:58:32 0 0 경기75자8580 4 72 227000039 277101950 27 
2021-01-01T18:59:32 0 0 경기75자8580 4 72 227000039 277101950 27 
2021-01-01T19:00:32 0 0 경기75자8580 4 72 227000039 277102068 28 
2021-01-01T19:01:32 0 0 경기75자8580 4 72 227000039 277102068 28 
2021-01-01T19:02:32 0 0 경기75자8580 4 72 227000039 123000511 29 
2021-01-01T19:03:32 0 0 경기75자8580 4 72 227000039 123000511 29 
2021-01-01T19:04:31 0 0 경기75자8580 4 70 227000039 123000511 29 
2021-01-01T19:05:30 0 0 경기75자8580 4 70 227000039 123000511 29 
2021-01-01T19:06:30 0 0 경기75자8580 4 70 227000039 277102842 30 
2021-01-01T19:07:30 0 0 경기75자8580 4 70 227000039 277102842 30 
2021-01-01T19:08:30 0 0 경기75자8580 4 70 227000039 277103353 31 
2021-01-01T19:09:29 0 0 경기75자8580 4 70 227000039 277103353 31 
2021-01-01T19:10:29 0 0 경기75자8580 4 70 227000039 277103353 31 
2021-01-01T19:11:29 0 0 경기75자8580 4 70 227000039 277103349 32 
2021-01-01T19:12:29 0 0 경기75자8580 4 70 227000039 277103349 32 
2021-01-01T19:13:29 0 0 경기75자8580 4 70 227000039 277103351 33 
2021-01-01T19:14:28 0 0 경기75자8580 4 70 227000039 277103351 33 
2021-01-01T19:15:28 0 0 경기75자8580 4 70 227000039 277103351 33 
2021-01-01T19:16:26 0 0 경기75자8580 4 70 227000039 227000284 34 
2021-01-01T19:17:26 0 0 경기75자8580 4 71 227000039 227000284 34 
2021-01-01T19:18:26 0 0 경기75자8580 4 71 227000039 227000284 34 
2021-01-01T19:19:25 0 0 경기75자8580 4 71 227000039 227000656 35 
2021-01-01T19:20:25 0 0 경기75자8580 4 71 227000039 227000484 36 
2021-01-01T19:21:25 0 0 경기75자8580 4 71 227000039 227000484 36 
2021-01-01T19:22:24 0 0 경기75자8580 4 71 227000039 227000232 37 
2021-01-01T19:23:24 0 0 경기75자8580 4 71 227000039 227000281 38 
2021-01-01T19:24:23 0 0 경기75자8580 4 71 227000039 227000281 38 
2021-01-01T19:25:23 0 0 경기75자8580 4 71 227000039 227000268 39 
2021-01-01T19:26:23 0 0 경기75자8580 4 71 227000039 227000679 40 
2021-01-01T19:27:22 0 0 경기75자8580 4 71 227000039 227000679 40 
2021-01-01T19:28:22 0 0 경기75자8580 4 71 227000039 227000679 40 
2021-01-01T19:29:22 0 0 경기75자8580 4 71 227000039 227000071 41 
2021-01-01T19:30:21 0 0 경기75자8580 4 71 227000039 227000192 43 
2021-01-01T19:31:21 0 0 경기75자8580 4 71 227000039 227000212 44 
2021-01-01T19:32:20 0 0 경기75자8580 4 71 227000039 227000630 46 
2021-01-01T19:33:20 0 0 경기75자8580 4 69 227000039 227000208 47 
2021-01-01T19:34:19 0 0 경기75자8580 4 69 227000039 227000206 48 
2021-01-01T19:35:19 0 0 경기75자8580 4 69 227000039 227000311 49 
2021-01-01T19:36:19 0 0 경기75자8580 4 69 227000039 227000664 50 
2021-01-01T19:37:19 0 0 경기75자8580 4 69 227000039 227000665 51 
2021-01-01T19:38:18 0 0 경기75자8580 4 70 227000039 227000305 52 
2021-01-01T19:39:18 0 0 경기75자8580 4 70 227000039 227000305 52 
2021-01-01T19:40:18 0 0 경기75자8580 4 72 227000039 227000307 53 
2021-01-01T19:41:17 0 0 경기75자8580 4 72 227000039 227000306 54 
2021-01-01T19:42:17 0 0 경기75자8580 4 72 227000039 227000306 54 
2021-01-01T19:43:17 0 0 경기75자8580 4 72 227000039 227000334 55 
2021-01-01T19:44:17 0 0 경기75자8580 4 72 227000039 227000334 55 
2021-01-01T19:45:17 0 0 경기75자8580 4 72 227000039 227000334 55 
2021-01-01T19:46:16 0 0 경기75자8580 4 72 227000039 227000334 55 
2021-01-01T20:50:52 0 0 경기75자8580 4 72 227000039 227000261 2 
2021-01-01T20:51:52 0 0 경기75자8580 4 72 227000039 227000677 3 
2021-01-01T20:52:52 0 0 경기75자8580 4 72 227000039 227000677 3 
2021-01-01T20:53:51 0 0 경기75자8580 4 72 227000039 227000308 4 
2021-01-01T20:54:51 0 0 경기75자8580 4 72 227000039 227000308 4 
2021-01-01T20:55:51 0 0 경기75자8580 4 72 227000039 227000304 5 
2021-01-01T20:56:51 0 0 경기75자8580 4 72 227000039 227000304 5 
2021-01-01T20:57:50 0 0 경기75자8580 4 72 227000039 227000304 5 
2021-01-01T20:58:49 0 0 경기75자8580 4 72 227000039 227000310 7 
2021-01-01T20:59:49 0 0 경기75자8580 4 72 227000039 227000310 7 
2021-01-01T21:00:48 0 0 경기75자8580 4 72 227000039 227000310 7 
2021-01-01T21:01:48 0 0 경기75자8580 4 72 227000039 227000310 7 
2021-01-01T21:02:48 0 0 경기75자8580 4 72 227000039 227000207 9 
2021-01-01T21:03:48 0 0 경기75자8580 4 72 227000039 227000209 10 
2021-01-01T21:04:48 0 0 경기75자8580 4 72 227000039 227000209 10 
2021-01-01T21:05:47 0 0 경기75자8580 4 72 227000039 227000211 11 
2021-01-01T21:06:47 0 0 경기75자8580 4 72 227000039 227000257 13 
2021-01-01T21:07:47 0 0 경기75자8580 4 72 227000039 227000257 13 
2021-01-01T21:08:46 0 0 경기75자8580 4 72 227000039 227000072 14 
2021-01-01T21:09:46 0 0 경기75자8580 4 72 227000039 227000072 14 
2021-01-01T21:10:46 0 0 경기75자8580 4 72 227000039 227000678 15 
2021-01-01T21:11:45 0 0 경기75자8580 4 72 227000039 227000678 15 
2021-01-01T21:12:45 0 0 경기75자8580 4 72 227000039 227000269 16 
2021-01-01T21:13:45 0 0 경기75자8580 4 72 227000039 227000230 18 
2021-01-01T21:14:45 0 0 경기75자8580 4 72 227000039 227000485 19 
2021-01-01T21:15:45 0 0 경기75자8580 4 72 227000039 227000485 19 
2021-01-01T21:16:45 0 0 경기75자8580 4 72 227000039 227000485 19 
2021-01-01T21:17:44 0 0 경기75자8580 4 72 227000039 227000291 20 
2021-01-01T21:18:44 0 0 경기75자8580 4 72 227000039 227000291 20 
2021-01-01T21:19:44 0 0 경기75자8580 4 72 227000039 227000282 21 
2021-01-01T21:20:43 0 0 경기75자8580 4 72 227000039 227000282 21 
2021-01-01T21:21:43 0 0 경기75자8580 4 72 227000039 227000282 21 
2021-01-01T21:22:42 0 0 경기75자8580 4 72 227000039 227000282 21 
2021-01-01T21:23:42 0 0 경기75자8580 4 72 227000039 227000282 21 
2021-01-01T21:24:42 0 0 경기75자8580 4 72 227000039 277103350 22 
2021-01-01T21:25:41 0 0 경기75자8580 4 72 227000039 277103350 22 
2021-01-01T21:26:41 0 0 경기75자8580 4 72 227000039 277103348 23 
2021-01-01T21:27:41 0 0 경기75자8580 4 72 227000039 277103348 23 
2021-01-01T21:28:41 0 0 경기75자8580 4 72 227000039 277103348 23 
2021-01-01T21:29:40 0 0 경기75자8580 4 72 227000039 277103352 24 
2021-01-01T21:30:40 0 0 경기75자8580 4 72 227000039 277102840 25 
2021-01-01T21:31:40 0 0 경기75자8580 4 72 227000039 277102840 25 
2021-01-01T21:32:39 0 0 경기75자8580 4 72 227000039 277102840 25 
2021-01-01T21:33:39 0 0 경기75자8580 4 72 227000039 277102840 25 
2021-01-01T21:34:39 0 0 경기75자8580 4 72 227000039 277102840 25 
2021-01-01T21:35:39 0 0 경기75자8580 4 72 227000039 123000048 26 
2021-01-01T21:36:39 0 0 경기75자8580 4 72 227000039 123000048 26 
2021-01-01T21:37:38 0 0 경기75자8580 4 72 227000039 123000048 26 
2021-01-01T21:38:38 0 0 경기75자8580 4 72 227000039 123000048 26 
2021-01-01T21:39:38 0 0 경기75자8580 4 72 227000039 277101950 27 
2021-01-01T21:40:37 0 0 경기75자8580 4 72 227000039 277101950 27 
2021-01-01T21:41:37 0 0 경기75자8580 4 72 227000039 277101950 27 
2021-01-01T21:42:37 0 0 경기75자8580 4 72 227000039 277101950 27 
2021-01-01T21:43:36 0 0 경기75자8580 4 72 227000039 277101950 27 
2021-01-01T21:44:35 0 0 경기75자8580 4 72 227000039 277101950 27 
2021-01-01T21:45:35 0 0 경기75자8580 4 72 227000039 277102068 28 
2021-01-01T21:46:34 0 0 경기75자8580 4 72 227000039 277102068 28 
2021-01-01T21:47:34 0 0 경기75자8580 4 72 227000039 123000511 29 
2021-01-01T21:48:34 0 0 경기75자8580 4 72 227000039 123000511 29 
2021-01-01T21:49:34 0 0 경기75자8580 4 70 227000039 123000511 29 
2021-01-01T21:50:33 0 0 경기75자8580 4 70 227000039 123000511 29 
2021-01-01T21:51:33 0 0 경기75자8580 4 70 227000039 277102842 30 
2021-01-01T21:52:32 0 0 경기75자8580 4 70 227000039 277102842 30 
2021-01-01T21:53:32 0 0 경기75자8580 4 70 227000039 277103353 31 
2021-01-01T21:54:32 0 0 경기75자8580 4 70 227000039 277103353 31 
2021-01-01T21:55:32 0 0 경기75자8580 4 70 227000039 277103353 31 
2021-01-01T21:56:31 0 0 경기75자8580 4 70 227000039 277103349 32 
2021-01-01T21:57:30 0 0 경기75자8580 4 70 227000039 277103349 32 
2021-01-01T21:58:30 0 0 경기75자8580 4 70 227000039 277103351 33 
2021-01-01T21:59:30 0 0 경기75자8580 4 70 227000039 277103351 33 
2021-01-01T22:00:29 0 0 경기75자8580 4 70 227000039 277103351 33 
2021-01-01T22:01:29 0 0 경기75자8580 4 70 227000039 277103351 33 
2021-01-01T22:02:29 0 0 경기75자8580 4 70 227000039 227000284 34 
2021-01-01T22:03:29 0 0 경기75자8580 4 70 227000039 227000284 34 
2021-01-01T22:04:28 0 0 경기75자8580 4 70 227000039 227000656 35 
2021-01-01T22:05:27 0 0 경기75자8580 4 70 227000039 227000484 36 
2021-01-01T22:06:27 0 0 경기75자8580 4 70 227000039 227000484 36 
2021-01-01T22:07:27 0 0 경기75자8580 4 70 227000039 227000232 37 
2021-01-01T22:08:26 0 0 경기75자8580 4 71 227000039 227000232 37 
2021-01-01T22:09:26 0 0 경기75자8580 4 71 227000039 227000232 37 
2021-01-01T22:10:26 0 0 경기75자8580 4 72 227000039 227000281 38 
2021-01-01T22:11:26 0 0 경기75자8580 4 72 227000039 227000268 39 
2021-01-01T22:12:25 0 0 경기75자8580 4 72 227000039 227000679 40 
2021-01-01T22:13:25 0 0 경기75자8580 4 72 227000039 227000679 40 
2021-01-01T22:14:25 0 0 경기75자8580 4 72 227000039 227000679 40 
2021-01-01T22:15:24 0 0 경기75자8580 4 72 227000039 227000071 41 
2021-01-01T22:16:24 0 0 경기75자8580 4 72 227000039 227000192 43 
2021-01-01T22:17:23 0 0 경기75자8580 4 72 227000039 227000212 44 
2021-01-01T22:18:23 0 0 경기75자8580 4 72 227000039 227000630 46 
2021-01-01T22:19:22 0 0 경기75자8580 4 72 227000039 227000208 47 
2021-01-01T22:20:22 0 0 경기75자8580 4 72 227000039 227000206 48 
2021-01-01T22:21:21 0 0 경기75자8580 4 72 227000039 227000311 49 
2021-01-01T22:22:21 0 0 경기75자8580 4 72 227000039 227000665 51 
2021-01-01T22:23:21 0 0 경기75자8580 4 72 227000039 227000305 52 
2021-01-01T22:24:20 0 0 경기75자8580 4 72 227000039 227000306 54 
2021-01-01T22:25:19 0 0 경기75자8580 4 72 227000039 227000306 54 
2021-01-01T22:26:19 0 0 경기75자8580 4 72 227000039 227000334 55 
2021-01-01T22:27:19 0 0 경기75자8580 4 72 227000039 227000334 55 
2021-01-01T22:28:18 0 0 경기75자8580 4 72 227000039 227000334 55 
2021-01-01T23:14:58 1 0 경기75자8580 4 72 227000039 227000261 2 
2021-01-01T23:15:58 0 0 경기75자8580 4 72 227000039 227000677 3 
2021-01-01T23:16:57 0 0 경기75자8580 4 72 227000039 227000677 3 
2021-01-01T23:17:57 0 0 경기75자8580 4 72 227000039 227000677 3 
2021-01-01T23:18:57 0 0 경기75자8580 4 72 227000039 227000308 4 
2021-01-01T23:19:56 0 0 경기75자8580 4 72 227000039 227000308 4 
2021-01-01T23:20:56 0 0 경기75자8580 4 72 227000039 227000666 6 
2021-01-01T23:21:55 0 0 경기75자8580 4 72 227000039 227000310 7 
2021-01-01T23:22:54 0 0 경기75자8580 4 72 227000039 227000310 7 
2021-01-01T23:23:55 0 0 경기75자8580 4 72 227000039 227000310 7 
2021-01-01T23:24:54 0 0 경기75자8580 4 72 227000039 227000205 8 
2021-01-01T23:25:54 0 0 경기75자8580 4 72 227000039 227000207 9 
2021-01-01T23:26:54 0 0 경기75자8580 4 72 227000039 227000209 10 
2021-01-01T23:27:54 0 0 경기75자8580 4 72 227000039 227000211 11 
2021-01-01T23:28:53 0 0 경기75자8580 4 72 227000039 227000257 13 
2021-01-01T23:29:52 0 0 경기75자8580 4 72 227000039 227000072 14 
2021-01-01T23:30:52 0 0 경기75자8580 4 72 227000039 227000072 14 
2021-01-01T23:31:51 0 0 경기75자8580 4 72 227000039 227000678 15 
2021-01-01T23:32:52 0 0 경기75자8580 4 72 227000039 227000269 16 
2021-01-01T23:33:51 0 0 경기75자8580 4 72 227000039 227000230 18 
2021-01-01T23:34:51 0 0 경기75자8580 4 72 227000039 227000485 19 
2021-01-01T23:35:51 0 0 경기75자8580 4 72 227000039 227000485 19 
2021-01-01T23:36:50 0 0 경기75자8580 4 72 227000039 227000485 19 
2021-01-01T23:37:50 0 0 경기75자8580 4 72 227000039 227000291 20 
2021-01-01T23:38:50 0 0 경기75자8580 4 72 227000039 227000291 20 
2021-01-01T23:39:49 0 0 경기75자8580 4 72 227000039 227000282 21 
2021-01-01T23:40:49 0 0 경기75자8580 4 72 227000039 227000282 21 
2021-01-01T23:41:49 0 0 경기75자8580 4 72 227000039 227000282 21 
2021-01-01T23:42:48 0 0 경기75자8580 4 72 227000039 227000282 21 
2021-01-01T23:43:48 0 0 경기75자8580 4 72 227000039 227000282 21 
2021-01-01T23:44:47 0 0 경기75자8580 4 72 227000039 277103350 22 
2021-01-01T23:45:47 0 0 경기75자8580 4 72 227000039 277103350 22 
2021-01-01T23:46:46 0 0 경기75자8580 4 72 227000039 277103348 23 
2021-01-01T23:47:45 0 0 경기75자8580 4 72 227000039 277103348 23 
2021-01-01T23:48:45 0 0 경기75자8580 4 72 227000039 277103348 23 
2021-01-01T23:49:45 0 0 경기75자8580 4 72 227000039 277103352 24 
2021-01-01T23:50:44 0 0 경기75자8580 4 72 227000039 277103352 24 
2021-01-01T23:51:44 0 0 경기75자8580 4 72 227000039 277102840 25 
2021-01-01T23:52:43 0 0 경기75자8580 4 72 227000039 277102840 25 
2021-01-01T23:53:43 0 0 경기75자8580 4 72 227000039 277102840 25 
2021-01-01T23:54:42 0 0 경기75자8580 4 72 227000039 277102840 25 
2021-01-01T23:55:41 0 0 경기75자8580 4 72 227000039 123000048 26 
2021-01-01T23:56:41 0 0 경기75자8580 4 72 227000039 123000048 26 
2021-01-01T23:57:41 0 0 경기75자8580 4 72 227000039 123000048 26 
2021-01-01T23:58:40 0 0 경기75자8580 4 72 227000039 277101950 27 
2021-01-01T23:59:40 0 0 경기75자8580 4 72 227000039 277101950 27 
2021-01-02T00:00:39 0 0 경기75자8580 4 72 227000039 277101950 27 
2021-01-02T00:01:39 0 0 경기75자8580 4 72 227000039 277102068 28 
2021-01-02T00:02:38 0 0 경기75자8580 4 72 227000039 277102068 28 
2021-01-02T00:03:38 0 0 경기75자8580 4 72 227000039 277102068 28 
2021-01-02T00:04:37 0 0 경기75자8580 4 72 227000039 123000511 29 
2021-01-02T00:05:37 0 0 경기75자8580 4 72 227000039 123000511 29 
2021-01-02T00:06:36 0 0 경기75자8580 4 72 227000039 123000511 29 
2021-01-02T00:07:35 0 0 경기75자8580 4 72 227000039 277102842 30 
2021-01-02T00:08:35 0 0 경기75자8580 4 72 227000039 277103353 31 
2021-01-02T00:09:35 0 0 경기75자8580 4 72 227000039 277103353 31 
2021-01-02T00:10:34 0 0 경기75자8580 4 72 227000039 277103353 31 
2021-01-02T00:11:34 0 0 경기75자8580 4 72 227000039 277103349 32 
2021-01-02T00:12:33 0 0 경기75자8580 4 72 227000039 277103349 32 
2021-01-02T00:13:32 0 0 경기75자8580 4 72 227000039 277103349 32 
2021-01-02T00:14:31 0 0 경기75자8580 4 72 227000039 277103351 33 
2021-01-02T00:15:30 0 0 경기75자8580 4 72 227000039 277103351 33 
2021-01-02T00:16:30 0 0 경기75자8580 4 72 227000039 227000284 34 
2021-01-02T00:17:30 0 0 경기75자8580 4 72 227000039 227000284 34 
2021-01-02T00:18:29 0 0 경기75자8580 4 72 227000039 227000284 34 
2021-01-02T00:19:28 0 0 경기75자8580 4 72 227000039 227000484 36 
2021-01-02T00:20:28 0 0 경기75자8580 4 72 227000039 227000484 36 
2021-01-02T00:21:27 0 0 경기75자8580 4 72 227000039 227000232 37 
2021-01-02T00:22:26 0 0 경기75자8580 4 72 227000039 227000281 38 
2021-01-02T00:23:25 0 0 경기75자8580 4 72 227000039 227000281 38 
2021-01-02T00:24:26 0 0 경기75자8580 4 72 227000039 227000268 39 
2021-01-02T00:25:25 0 0 경기75자8580 4 72 227000039 227000268 39 
2021-01-02T00:26:25 0 0 경기75자8580 4 72 227000039 227000679 40 
2021-01-02T00:27:24 0 0 경기75자8580 4 72 227000039 227000679 40 
2021-01-02T00:28:23 0 0 경기75자8580 4 72 227000039 227000679 40 
2021-01-02T00:29:23 0 0 경기75자8580 4 72 227000039 227000071 41 
2021-01-02T00:30:22 0 0 경기75자8580 4 72 227000039 227000071 41 
2021-01-02T00:31:22 0 0 경기75자8580 4 72 227000039 227000192 43 
2021-01-02T00:32:21 0 0 경기75자8580 4 72 227000039 227000212 44 
2021-01-02T00:33:21 0 0 경기75자8580 4 72 227000039 227000630 46 
2021-01-02T00:34:20 0 0 경기75자8580 4 72 227000039 227000208 47 
2021-01-02T00:35:19 0 0 경기75자8580 4 72 227000039 227000206 48 
2021-01-02T00:36:18 0 0 경기75자8580 4 72 227000039 227000311 49 
2021-01-02T00:37:18 0 0 경기75자8580 4 72 227000039 227000311 49 
2021-01-02T00:38:18 0 0 경기75자8580 4 72 227000039 227000665 51 
2021-01-02T00:39:18 0 0 경기75자8580 4 72 227000039 227000307 53 
2021-01-02T00:40:17 0 0 경기75자8580 4 72 227000039 227000306 54 
2021-01-02T00:41:17 0 0 경기75자8580 4 72 227000039 227000306 54 
2021-01-02T00:42:16 0 0 경기75자8580 4 72 227000039 227000334 55 
2021-01-02T00:43:16 0 0 경기75자8580 4 72 227000039 227000334 55 
2021-01-02T00:44:16 0 0 경기75자8580 4 72 227000039 227000260 56 
