227000039 2021-01-02T00:45:16.616370+09:00
2021-01-02T06:36:02 0 0 경기75자8579 4 72 227000039 227000261 2 
2021-01-02T06:37:02 0 0 경기75자8579 4 72 227000039 227000677 3 
2021-01-02T06:38:02 0 0 경기75자8579 4 72 227000039 227000308 4 
2021-01-02T06:39:02 0 0 경기75자8579 4 72 227000039 227000308 4 
2021-01-02T06:40:02 0 0 경기75자8579 4 72 227000039 227000666 6 
2021-01-02T06:41:01 0 0 경기75자8579 4 72 227000039 227000310 7 
2021-01-02T06:42:01 0 0 경기75자8579 4 72 227000039 227000310 7 
2021-01-02T06:43:00 0 0 경기75자8579 4 72 227000039 227000310 7 
2021-01-02T06:44:00 0 0 경기75자8579 4 72 227000039 227000205 8 
2021-01-02T06:45:00 0 0 경기75자8579 4 72 227000039 227000209 10 
2021-01-02T06:45:59 0 0 경기75자8579 4 72 227000039 227000209 10 
2021-01-02T06:46:59 0 0 경기75자8579 4 72 227000039 227000191 12 
2021-01-02T06:47:59 0 0 경기75자8579 4 72 227000039 227000072 14 
2021-01-02T06:48:58 0 0 경기75자8579 4 72 227000039 227000072 14 
2021-01-02T06:49:58 0 0 경기75자8579 4 72 227000039 227000678 15 
2021-01-02T06:50:57 0 0 경기75자8579 4 72 227000039 227000678 15 
2021-01-02T06:51:56 0 0 경기75자8579 4 72 227000039 227000280 17 
2021-01-02T06:52:55 0 0 경기75자8579 4 72 227000039 227000230 18 
2021-01-02T06:53:56 0 0 경기75자8579 4 72 227000039 227000485 19 
2021-01-02T06:54:55 0 0 경기75자8579 4 72 227000039 227000485 19 
2021-01-02T06:55:55 0 0 경기75자8579 4 72 227000039 227000291 20 
2021-01-02T06:56:55 0 0 경기75자8579 4 72 227000039 227000291 20 
2021-01-02T06:57:54 0 0 경기75자8579 4 72 227000039 227000282 21 
2021-01-02T06:58:54 0 0 경기75자8579 4 72 227000039 227000282 21 
2021-01-02T06:59:53 0 0 경기75자8579 4 72 227000039 227000282 21 
2021-01-02T07:00:53 0 0 경기75자8579 4 72 227000039 227000282 21 
2021-01-02T07:01:52 0 0 경기75자8579 4 72 227000039 227000282 21 
2021-01-02T07:02:51 0 0 경기75자8579 4 72 227000039 277103350 22 
2021-01-02T07:03:50 0 0 경기75자8579 4 72 227000039 277103350 22 
2021-01-02T07:04:50 0 0 경기75자8579 4 72 227000039 277103350 22 
2021-01-02T07:05:49 0 0 경기75자8579 4 72 227000039 277103348 23 
2021-01-02T07:06:48 0 0 경기75자8579 4 72 227000039 277103348 23 
2021-01-02T07:07:47 0 0 경기75자8579 4 72 227000039 277103348 23 
2021-01-02T07:08:47 0 0 경기75자8579 4 72 227000039 277103352 24 
2021-01-02T07:09:47 0 0 경기75자8579 4 72 227000039 277102840 25 
2021-01-02T07:10:47 0 0 경기75자8579 4 72 227000039 277102840 25 
2021-01-02T07:11:47 0 0 경기75자8579 4 72 227000039 277102840 25 
2021-01-02T07:12:46 0 0 경기75자8579 4 72 227000039 277102840 25 
2021-01-02T07:13:45 0 0 경기75자8579 4 72 227000039 277102840 25 
2021-01-02T07:14:44 0 0 경기75자8579 4 72 227000039 277101950 27 
2021-01-02T07:15:44 0 0 경기75자8579 4 72 227000039 277101950 27 
2021-01-02T07:16:44 0 0 경기75자8579 4 72 227000039 277101950 27 
2021-01-02T07:17:43 0 0 경기75자8579 4 72 227000039 277101950 27 
2021-01-02T07:18:43 0 0 경기75자8579 4 72 227000039 277101950 27 
2021-01-02T07:19:43 0 0 경기75자8579 4 72 227000039 277101950 27 
2021-01-02T07:20:42 0 0 경기75자8579 4 72 227000039 277101950 27 
2021-01-02T07:21:42 0 0 경기75자8579 4 72 227000039 277102068 28 
2021-01-02T07:22:42 0 0 경기75자8579 4 72 227000039 277102068 28 
2021-01-02T07:23:41 0 0 경기75자8579 4 72 227000039 123000511 29 
2021-01-02T07:24:40 0 0 경기75자8579 4 72 227000039 123000511 29 
2021-01-02T07:25:39 0 0 경기75자8579 4 72 227000039 123000511 29 
2021-01-02T07:26:39 0 0 경기75자8579 4 72 227000039 277102842 30 
2021-01-02T07:27:37 0 0 경기75자8579 4 72 227000039 277103353 31 
2021-01-02T07:28:37 0 0 경기75자8579 4 72 227000039 277103353 31 
2021-01-02T07:29:36 0 0 경기75자8579 4 72 227000039 277103353 31 
2021-01-02T07:30:36 0 0 경기75자8579 4 72 227000039 277103349 32 
2021-01-02T07:31:36 0 0 경기75자8579 4 72 227000039 277103349 32 
2021-01-02T07:32:35 0 0 경기75자8579 4 72 227000039 277103349 32 
2021-01-02T07:33:35 0 0 경기75자8579 4 72 227000039 277103351 33 
2021-01-02T07:34:35 0 0 경기75자8579 4 72 227000039 277103351 33 
2021-01-02T07:35:35 0 0 경기75자8579 4 72 227000039 277103351 33 
2021-01-02T07:36:34 0 0 경기75자8579 4 72 227000039 277103351 33 
2021-01-02T07:37:33 0 0 경기75자8579 4 72 227000039 227000284 34 
2021-01-02T07:38:32 0 0 경기75자8579 4 72 227000039 227000284 34 
2021-01-02T07:39:32 0 0 경기75자8579 4 72 227000039 227000284 34 
2021-01-02T07:40:31 0 0 경기75자8579 4 72 227000039 227000484 36 
2021-01-02T07:41:31 0 0 경기75자8579 4 72 227000039 227000484 36 
2021-01-02T07:42:30 0 0 경기75자8579 4 72 227000039 227000232 37 
2021-01-02T07:43:30 0 0 경기75자8579 4 72 227000039 227000281 38 
2021-01-02T07:44:30 0 0 경기75자8579 4 72 227000039 227000268 39 
2021-01-02T07:45:30 0 0 경기75자8579 4 72 227000039 227000679 40 
2021-01-02T07:46:30 0 0 경기75자8579 4 72 227000039 227000679 40 
2021-01-02T07:47:29 0 0 경기75자8579 4 72 227000039 227000071 41 
2021-01-02T07:48:29 0 0 경기75자8579 4 72 227000039 227000192 43 
2021-01-02T07:49:28 0 0 경기75자8579 4 72 227000039 227000212 44 
2021-01-02T07:50:27 0 0 경기75자8579 4 72 227000039 227000210 45 
2021-01-02T07:51:26 0 0 경기75자8579 4 72 227000039 227000210 45 
2021-01-02T07:52:26 0 0 경기75자8579 4 72 227000039 227000206 48 
2021-01-02T07:53:25 0 0 경기75자8579 4 72 227000039 227000206 48 
2021-01-02T07:54:24 0 0 경기75자8579 4 72 227000039 227000311 49 
2021-01-02T07:55:24 0 0 경기75자8579 4 72 227000039 227000311 49 
2021-01-02T07:56:23 0 0 경기75자8579 4 72 227000039 227000664 50 
2021-01-02T07:57:22 0 0 경기75자8579 4 72 227000039 227000665 51 
2021-01-02T07:58:22 0 0 경기75자8579 4 72 227000039 227000305 52 
2021-01-02T07:59:21 0 0 경기75자8579 4 72 227000039 227000305 52 
2021-01-02T08:00:21 0 0 경기75자8579 4 72 227000039 227000306 54 
2021-01-02T08:01:21 0 0 경기75자8579 4 72 227000039 227000306 54 
2021-01-02T08:02:21 0 0 경기75자8579 4 72 227000039 227000334 55 
2021-01-02T08:03:21 0 0 경기75자8579 4 72 227000039 227000334 55 
2021-01-02T08:04:20 0 0 경기75자8579 4 72 227000039 227000334 55 
2021-01-02T08:51:48 0 0 경기75자8579 4 72 227000039 227000261 2 
2021-01-02T08:52:48 0 0 경기75자8579 4 72 227000039 227000677 3 
2021-01-02T08:53:48 0 0 경기75자8579 4 72 227000039 227000677 3 
2021-01-02T08:54:48 0 0 경기75자8579 4 72 227000039 227000677 3 
2021-01-02T08:55:47 0 0 경기75자8579 4 72 227000039 227000308 4 
2021-01-02T08:56:46 0 0 경기75자8579 4 72 227000039 227000304 5 
2021-01-02T08:57:45 0 0 경기75자8579 4 72 227000039 227000310 7 
2021-01-02T08:58:45 0 0 경기75자8579 4 72 227000039 227000310 7 
2021-01-02T08:59:44 0 0 경기75자8579 4 72 227000039 227000310 7 
2021-01-02T09:00:44 0 0 경기75자8579 4 72 227000039 227000207 9 
2021-01-02T09:01:43 0 0 경기75자8579 4 72 227000039 227000209 10 
2021-01-02T09:02:42 0 0 경기75자8579 4 72 227000039 227000209 10 
2021-01-02T09:03:41 0 0 경기75자8579 4 72 227000039 227000191 12 
2021-01-02T09:04:42 0 0 경기75자8579 4 72 227000039 227000072 14 
2021-01-02T09:05:40 0 0 경기75자8579 4 72 227000039 227000072 14 
2021-01-02T09:06:40 0 0 경기75자8579 4 72 227000039 227000678 15 
2021-01-02T09:07:41 0 0 경기75자8579 4 72 227000039 227000269 16 
2021-01-02T09:08:40 0 0 경기75자8579 4 72 227000039 227000269 16 
2021-01-02T09:09:39 0 0 경기75자8579 4 72 227000039 227000280 17 
2021-01-02T09:10:39 0 0 경기75자8579 4 70 227000039 227000230 18 
2021-01-02T09:11:38 0 0 경기75자8579 4 70 227000039 227000485 19 
2021-01-02T09:12:38 0 0 경기75자8579 4 68 227000039 227000485 19 
2021-01-02T09:13:37 0 0 경기75자8579 4 68 227000039 227000485 19 
2021-01-02T09:14:36 0 0 경기75자8579 4 68 227000039 227000291 20 
2021-01-02T09:15:36 0 0 경기75자8579 4 67 227000039 227000282 21 
2021-01-02T09:16:36 0 0 경기75자8579 4 67 227000039 227000282 21 
2021-01-02T09:17:35 0 0 경기75자8579 4 67 227000039 227000282 21 
2021-01-02T09:18:34 0 0 경기75자8579 4 67 227000039 227000282 21 
2021-01-02T09:19:34 0 0 경기75자8579 4 67 227000039 277103350 22 
2021-01-02T09:20:33 0 0 경기75자8579 4 67 227000039 277103350 22 
2021-01-02T09:21:32 0 0 경기75자8579 4 67 227000039 277103348 23 
2021-01-02T09:22:32 0 0 경기75자8579 4 67 227000039 277103348 23 
2021-01-02T09:23:31 0 0 경기75자8579 4 67 227000039 277103348 23 
2021-01-02T09:24:30 0 0 경기75자8579 4 67 227000039 277103352 24 
2021-01-02T09:25:31 0 0 경기75자8579 4 67 227000039 277103352 24 
2021-01-02T09:26:30 0 0 경기75자8579 4 67 227000039 277102840 25 
2021-01-02T09:27:34 0 0 경기75자8579 4 67 227000039 277102840 25 
2021-01-02T09:28:29 0 0 경기75자8579 4 68 227000039 277102840 25 
2021-01-02T09:29:28 0 0 경기75자8579 4 69 227000039 277102840 25 
2021-01-02T09:30:28 0 0 경기75자8579 4 72 227000039 123000048 26 
2021-01-02T09:31:27 0 0 경기75자8579 4 72 227000039 123000048 26 
2021-01-02T09:32:26 0 0 경기75자8579 4 72 227000039 123000048 26 
2021-01-02T09:33:25 0 0 경기75자8579 4 72 227000039 277101950 27 
2021-01-02T09:34:25 0 0 경기75자8579 4 72 227000039 277101950 27 
2021-01-02T09:35:24 0 0 경기75자8579 4 72 227000039 277101950 27 
2021-01-02T09:36:24 0 0 경기75자8579 4 72 227000039 277102068 28 
2021-01-02T09:37:23 0 0 경기75자8579 4 72 227000039 123000511 29 
2021-01-02T09:38:22 0 0 경기75자8579 4 72 227000039 123000511 29 
2021-01-02T09:39:21 0 0 경기75자8579 4 72 227000039 123000511 29 
2021-01-02T09:40:21 0 0 경기75자8579 4 72 227000039 123000511 29 
2021-01-02T09:41:21 0 0 경기75자8579 4 72 227000039 123000511 29 
2021-01-02T09:42:21 0 0 경기75자8579 4 72 227000039 277102842 30 
2021-01-02T09:43:20 0 0 경기75자8579 4 72 227000039 277103353 31 
2021-01-02T09:44:21 0 0 경기75자8579 4 72 227000039 277103353 31 
2021-01-02T09:45:21 0 0 경기75자8579 4 72 227000039 277103353 31 
2021-01-02T09:46:20 0 0 경기75자8579 4 72 227000039 277103349 32 
2021-01-02T09:47:20 0 0 경기75자8579 4 72 227000039 277103349 32 
2021-01-02T09:48:19 0 0 경기75자8579 4 72 227000039 277103349 32 
2021-01-02T09:49:18 0 0 경기75자8579 4 72 227000039 277103351 33 
2021-01-02T09:50:18 0 0 경기75자8579 4 72 227000039 277103351 33 
2021-01-02T09:51:18 0 0 경기75자8579 4 72 227000039 277103351 33 
2021-01-02T09:52:17 0 0 경기75자8579 4 72 227000039 227000284 34 
2021-01-02T09:53:16 0 0 경기75자8579 4 72 227000039 227000284 34 
2021-01-02T09:54:16 0 0 경기75자8579 4 72 227000039 227000656 35 
2021-01-02T09:55:16 0 0 경기75자8579 4 72 227000039 227000484 36 
2021-01-02T09:56:16 0 0 경기75자8579 4 72 227000039 227000484 36 
2021-01-02T09:57:15 0 0 경기75자8579 4 72 227000039 227000232 37 
2021-01-02T09:58:14 0 0 경기75자8579 4 72 227000039 227000232 37 
2021-01-02T09:59:14 0 0 경기75자8579 4 72 227000039 227000232 37 
2021-01-02T10:00:12 0 0 경기75자8579 4 72 227000039 227000281 38 
2021-01-02T10:01:12 0 0 경기75자8579 4 72 227000039 227000268 39 
2021-01-02T10:02:11 0 0 경기75자8579 4 72 227000039 227000679 40 
2021-01-02T10:03:11 0 0 경기75자8579 4 72 227000039 227000679 40 
2021-01-02T10:04:10 0 0 경기75자8579 4 72 227000039 227000679 40 
2021-01-02T10:05:09 0 0 경기75자8579 4 72 227000039 227000679 40 
2021-01-02T10:06:08 0 0 경기75자8579 4 72 227000039 227000071 41 
2021-01-02T10:07:08 0 0 경기75자8579 4 72 227000039 227000256 42 
2021-01-02T10:08:07 0 0 경기75자8579 4 72 227000039 227000212 44 
2021-01-02T10:09:07 0 0 경기75자8579 4 72 227000039 227000210 45 
2021-01-02T10:10:07 0 0 경기75자8579 4 72 227000039 227000210 45 
2021-01-02T10:11:07 0 0 경기75자8579 4 72 227000039 227000206 48 
2021-01-02T10:12:06 0 0 경기75자8579 4 72 227000039 227000206 48 
2021-01-02T10:13:05 0 0 경기75자8579 4 72 227000039 227000206 48 
2021-01-02T10:14:05 0 0 경기75자8579 4 72 227000039 227000664 50 
2021-01-02T10:15:05 0 0 경기75자8579 4 72 227000039 227000305 52 
2021-01-02T10:16:04 0 0 경기75자8579 4 72 227000039 227000306 54 
2021-01-02T10:17:03 0 0 경기75자8579 4 72 227000039 227000306 54 
2021-01-02T10:18:02 0 0 경기75자8579 4 72 227000039 227000334 55 
2021-01-02T10:19:02 0 0 경기75자8579 4 72 227000039 227000334 55 
2021-01-02T10:20:03 0 0 경기75자8579 4 72 227000039 227000260 56 
2021-01-02T11:41:21 0 0 경기75자8579 4 72 227000039 227000677 3 
2021-01-02T11:42:21 0 0 경기75자8579 4 72 227000039 227000677 3 
2021-01-02T11:43:21 0 0 경기75자8579 4 72 227000039 227000308 4 
2021-01-02T11:44:20 0 0 경기75자8579 4 72 227000039 227000308 4 
2021-01-02T11:45:19 0 0 경기75자8579 4 72 227000039 227000304 5 
2021-01-02T11:46:19 0 0 경기75자8579 4 72 227000039 227000310 7 
2021-01-02T11:47:18 0 0 경기75자8579 4 72 227000039 227000310 7 
2021-01-02T11:48:19 0 0 경기75자8579 4 72 227000039 227000205 8 
2021-01-02T11:49:17 0 0 경기75자8579 4 72 227000039 227000209 10 
2021-01-02T11:50:17 0 0 경기75자8579 4 72 227000039 227000209 10 
2021-01-02T11:51:17 0 0 경기75자8579 4 71 227000039 227000211 11 
2021-01-02T11:52:16 0 0 경기75자8579 4 71 227000039 227000211 11 
2021-01-02T11:53:15 0 0 경기75자8579 4 71 227000039 227000211 11 
2021-01-02T11:54:15 0 0 경기75자8579 4 71 227000039 227000072 14 
2021-01-02T11:55:15 0 0 경기75자8579 4 71 227000039 227000072 14 
2021-01-02T11:56:15 0 0 경기75자8579 4 71 227000039 227000678 15 
2021-01-02T11:57:15 0 0 경기75자8579 4 71 227000039 227000269 16 
2021-01-02T11:58:14 0 0 경기75자8579 4 70 227000039 227000269 16 
2021-01-02T11:59:13 0 0 경기75자8579 4 70 227000039 227000269 16 
2021-01-02T12:00:13 0 0 경기75자8579 4 70 227000039 227000280 17 
2021-01-02T12:01:13 0 0 경기75자8579 4 69 227000039 227000230 18 
2021-01-02T12:02:13 0 0 경기75자8579 4 69 227000039 227000291 20 
2021-01-02T12:03:13 0 0 경기75자8579 4 69 227000039 227000291 20 
2021-01-02T12:04:13 0 0 경기75자8579 4 68 227000039 227000282 21 
2021-01-02T12:05:12 0 0 경기75자8579 4 68 227000039 227000282 21 
2021-01-02T12:06:12 0 0 경기75자8579 4 68 227000039 227000282 21 
2021-01-02T12:07:11 0 0 경기75자8579 4 68 227000039 277103350 22 
2021-01-02T12:08:10 0 0 경기75자8579 4 68 227000039 277103350 22 
2021-01-02T12:09:11 0 0 경기75자8579 4 68 227000039 277103350 22 
2021-01-02T12:10:10 0 0 경기75자8579 4 68 227000039 277103348 23 
2021-01-02T12:11:09 0 0 경기75자8579 4 68 227000039 277103348 23 
2021-01-02T12:12:08 0 0 경기75자8579 4 68 227000039 277103348 23 
2021-01-02T12:13:08 0 0 경기75자8579 4 68 227000039 277103352 24 
2021-01-02T12:14:08 0 0 경기75자8579 4 68 227000039 277102840 25 
2021-01-02T12:15:07 0 0 경기75자8579 4 68 227000039 277102840 25 
2021-01-02T12:16:08 0 0 경기75자8579 4 68 227000039 277102840 25 
2021-01-02T12:17:07 0 0 경기75자8579 4 68 227000039 277102840 25 
2021-01-02T12:18:07 0 0 경기75자8579 4 69 227000039 277102840 25 
2021-01-02T12:19:06 0 0 경기75자8579 4 71 227000039 123000048 26 
2021-01-02T12:20:05 0 0 경기75자8579 4 72 227000039 123000048 26 
2021-01-02T12:21:05 0 0 경기75자8579 4 72 227000039 123000048 26 
2021-01-02T12:22:04 0 0 경기75자8579 4 72 227000039 277101950 27 
2021-01-02T12:23:04 0 0 경기75자8579 4 72 227000039 277101950 27 
2021-01-02T12:24:04 0 0 경기75자8579 4 72 227000039 277101950 27 
2021-01-02T12:25:04 0 0 경기75자8579 4 72 227000039 277101950 27 
2021-01-02T12:26:02 0 0 경기75자8579 4 72 227000039 277101950 27 
2021-01-02T12:27:02 0 0 경기75자8579 4 72 227000039 277102068 28 
2021-01-02T12:28:02 0 0 경기75자8579 4 72 227000039 277102068 28 
2021-01-02T12:29:02 0 0 경기75자8579 4 72 227000039 123000511 29 
2021-01-02T12:30:03 0 0 경기75자8579 4 68 227000039 123000511 29 
2021-01-02T12:31:01 0 0 경기75자8579 4 68 227000039 123000511 29 
2021-01-02T12:32:00 0 0 경기75자8579 4 68 227000039 123000511 29 
2021-01-02T12:33:00 0 0 경기75자8579 4 68 227000039 277102842 30 
2021-01-02T12:34:00 0 0 경기75자8579 4 68 227000039 277102842 30 
2021-01-02T12:34:59 0 0 경기75자8579 4 68 227000039 277103353 31 
2021-01-02T12:35:58 0 0 경기75자8579 4 68 227000039 277103353 31 
2021-01-02T12:36:58 0 0 경기75자8579 4 68 227000039 277103353 31 
2021-01-02T12:37:58 0 0 경기75자8579 4 68 227000039 277103349 32 
2021-01-02T12:38:57 0 0 경기75자8579 4 68 227000039 277103349 32 
2021-01-02T12:39:56 0 0 경기75자8579 4 68 227000039 277103349 32 
2021-01-02T12:40:55 0 0 경기75자8579 4 68 227000039 277103349 32 
2021-01-02T12:41:55 0 0 경기75자8579 4 68 227000039 277103351 33 
2021-01-02T12:42:55 0 0 경기75자8579 4 68 227000039 277103351 33 
2021-01-02T12:43:54 0 0 경기75자8579 4 68 227000039 277103351 33 
2021-01-02T12:44:54 0 0 경기75자8579 4 68 227000039 277103351 33 
2021-01-02T12:45:53 0 0 경기75자8579 4 68 227000039 277103351 33 
2021-01-02T12:46:53 0 0 경기75자8579 4 68 227000039 227000284 34 
2021-01-02T12:47:52 0 0 경기75자8579 4 68 227000039 227000284 34 
2021-01-02T12:48:51 0 0 경기75자8579 4 68 227000039 227000284 34 
2021-01-02T12:49:50 0 0 경기75자8579 4 68 227000039 227000484 36 
2021-01-02T12:50:50 0 0 경기75자8579 4 68 227000039 227000484 36 
2021-01-02T12:51:50 0 0 경기75자8579 4 68 227000039 227000232 37 
2021-01-02T12:52:49 0 0 경기75자8579 4 69 227000039 227000281 38 
2021-01-02T12:53:50 0 0 경기75자8579 4 69 227000039 227000281 38 
2021-01-02T12:54:50 0 0 경기75자8579 4 69 227000039 227000281 38 
2021-01-02T12:55:49 0 0 경기75자8579 4 69 227000039 227000268 39 
2021-01-02T12:56:48 0 0 경기75자8579 4 69 227000039 227000679 40 
2021-01-02T12:57:48 0 0 경기75자8579 4 70 227000039 227000679 40 
2021-01-02T12:58:47 0 0 경기75자8579 4 70 227000039 227000679 40 
2021-01-02T12:59:47 0 0 경기75자8579 4 70 227000039 227000679 40 
2021-01-02T13:00:47 0 0 경기75자8579 4 70 227000039 227000071 41 
2021-01-02T13:01:47 0 0 경기75자8579 4 71 227000039 227000256 42 
2021-01-02T13:02:47 0 0 경기75자8579 4 71 227000039 227000192 43 
2021-01-02T13:03:46 0 0 경기75자8579 4 71 227000039 227000210 45 
2021-01-02T13:04:46 0 0 경기75자8579 4 71 227000039 227000210 45 
2021-01-02T13:05:45 0 0 경기75자8579 4 71 227000039 227000630 46 
2021-01-02T13:06:44 0 0 경기75자8579 4 67 227000039 227000208 47 
2021-01-02T13:07:44 0 0 경기75자8579 4 67 227000039 227000208 47 
2021-01-02T13:08:43 0 0 경기75자8579 4 67 227000039 227000206 48 
2021-01-02T13:09:43 0 0 경기75자8579 4 67 227000039 227000311 49 
2021-01-02T13:10:42 0 0 경기75자8579 4 67 227000039 227000311 49 
2021-01-02T13:11:41 0 0 경기75자8579 4 67 227000039 227000664 50 
2021-01-02T13:12:41 0 0 경기75자8579 4 67 227000039 227000305 52 
2021-01-02T13:13:40 0 0 경기75자8579 4 71 227000039 227000307 53 
2021-01-02T13:14:40 0 0 경기75자8579 4 72 227000039 227000306 54 
2021-01-02T13:15:39 0 0 경기75자8579 4 72 227000039 227000334 55 
2021-01-02T13:16:39 0 0 경기75자8579 4 72 227000039 227000334 55 
2021-01-02T13:17:39 0 0 경기75자8579 4 72 227000039 227000334 55 
2021-01-02T13:18:39 0 0 경기75자8579 4 72 227000039 227000334 55 
2021-01-02T13:19:38 0 0 경기75자8579 4 72 227000039 227000334 55 
2021-01-02T13:20:38 0 0 경기75자8579 4 72 227000039 227000334 55 
2021-01-02T13:21:38 0 0 경기75자8579 4 72 227000039 227000334 55 
2021-01-02T13:22:38 0 0 경기75자8579 4 72 227000039 227000334 55 
2021-01-02T13:23:38 0 0 경기75자8579 4 72 227000039 227000334 55 
2021-01-02T13:24:37 0 0 경기75자8579 4 72 227000039 227000334 55 
2021-01-02T13:25:37 0 0 경기75자8579 4 72 227000039 227000334 55 
2021-01-02T13:26:37 0 0 경기75자8579 4 72 227000039 227000334 55 
2021-01-02T13:27:36 0 0 경기75자8579 4 72 227000039 227000334 55 
2021-01-02T13:28:36 0 0 경기75자8579 4 72 227000039 227000334 55 
2021-01-02T13:29:35 0 0 경기75자8579 4 72 227000039 227000334 55 
2021-01-02T13:30:34 0 0 경기75자8579 4 72 227000039 227000334 55 
2021-01-02T13:31:34 0 0 경기75자8579 4 72 227000039 227000334 55 
2021-01-02T13:32:33 0 0 경기75자8579 4 72 227000039 227000334 55 
2021-01-02T15:20:57 0 0 경기75자8579 4 72 227000039 227000677 3 
2021-01-02T15:21:57 0 0 경기75자8579 4 72 227000039 227000677 3 
2021-01-02T15:22:57 0 0 경기75자8579 4 72 227000039 227000677 3 
2021-01-02T15:23:55 0 0 경기75자8579 4 72 227000039 227000677 3 
2021-01-02T15:24:55 0 0 경기75자8579 4 72 227000039 227000308 4 
2021-01-02T15:25:55 0 0 경기75자8579 4 71 227000039 227000308 4 
2021-01-02T15:26:54 0 0 경기75자8579 4 71 227000039 227000304 5 
2021-01-02T15:27:54 0 0 경기75자8579 4 71 227000039 227000304 5 
2021-01-02T15:28:54 0 0 경기75자8579 4 71 227000039 227000304 5 
2021-01-02T15:29:54 0 0 경기75자8579 4 71 227000039 227000666 6 
2021-01-02T15:30:53 0 0 경기75자8579 4 71 227000039 227000310 7 
2021-01-02T15:31:53 0 0 경기75자8579 4 71 227000039 227000310 7 
2021-01-02T15:32:53 0 0 경기75자8579 4 71 227000039 227000205 8 
2021-01-02T15:33:52 0 0 경기75자8579 4 71 227000039 227000207 9 
2021-01-02T15:34:52 0 0 경기75자8579 4 71 227000039 227000209 10 
2021-01-02T15:35:52 0 0 경기75자8579 4 71 227000039 227000209 10 
2021-01-02T15:36:52 0 0 경기75자8579 4 71 227000039 227000191 12 
2021-01-02T15:37:51 0 0 경기75자8579 4 71 227000039 227000257 13 
2021-01-02T15:38:51 0 0 경기75자8579 4 71 227000039 227000072 14 
2021-01-02T15:39:51 0 0 경기75자8579 4 71 227000039 227000678 15 
2021-01-02T15:40:50 0 0 경기75자8579 4 71 227000039 227000678 15 
2021-01-02T15:41:50 0 0 경기75자8579 4 71 227000039 227000269 16 
2021-01-02T15:42:50 0 0 경기75자8579 4 71 227000039 227000280 17 
2021-01-02T15:43:50 0 0 경기75자8579 4 71 227000039 227000230 18 
2021-01-02T15:44:49 0 0 경기75자8579 4 71 227000039 227000485 19 
2021-01-02T15:45:49 0 0 경기75자8579 4 71 227000039 227000485 19 
2021-01-02T15:46:48 0 0 경기75자8579 4 71 227000039 227000291 20 
2021-01-02T15:47:48 0 0 경기75자8579 4 71 227000039 227000291 20 
2021-01-02T15:48:48 0 0 경기75자8579 4 71 227000039 227000291 20 
2021-01-02T15:49:48 0 0 경기75자8579 4 71 227000039 227000282 21 
2021-01-02T15:50:47 0 0 경기75자8579 4 71 227000039 227000282 21 
2021-01-02T15:51:46 0 0 경기75자8579 4 71 227000039 227000282 21 
2021-01-02T15:52:46 0 0 경기75자8579 4 71 227000039 227000282 21 
2021-01-02T15:53:46 0 0 경기75자8579 4 71 227000039 227000282 21 
2021-01-02T15:54:45 0 0 경기75자8579 4 71 227000039 277103350 22 
2021-01-02T15:55:45 0 0 경기75자8579 4 71 227000039 277103350 22 
2021-01-02T15:56:44 0 0 경기75자8579 4 71 227000039 277103350 22 
2021-01-02T15:57:44 0 0 경기75자8579 4 71 227000039 277103348 23 
2021-01-02T15:58:44 0 0 경기75자8579 4 71 227000039 277103348 23 
2021-01-02T15:59:44 0 0 경기75자8579 4 71 227000039 277103348 23 
2021-01-02T16:00:43 0 0 경기75자8579 4 71 227000039 277103352 24 
2021-01-02T16:01:43 0 0 경기75자8579 4 71 227000039 277102840 25 
2021-01-02T16:02:42 0 0 경기75자8579 4 71 227000039 277102840 25 
2021-01-02T16:03:42 0 0 경기75자8579 4 71 227000039 277102840 25 
2021-01-02T16:04:42 0 0 경기75자8579 4 71 227000039 277102840 25 
2021-01-02T16:05:41 0 0 경기75자8579 4 71 227000039 123000048 26 
2021-01-02T16:06:41 0 0 경기75자8579 4 72 227000039 123000048 26 
2021-01-02T16:07:41 0 0 경기75자8579 4 72 227000039 123000048 26 
2021-01-02T16:08:40 0 0 경기75자8579 4 72 227000039 123000048 26 
2021-01-02T16:09:40 0 0 경기75자8579 4 72 227000039 123000048 26 
2021-01-02T16:10:39 0 0 경기75자8579 4 72 227000039 277101950 27 
2021-01-02T16:11:39 0 0 경기75자8579 4 72 227000039 277101950 27 
2021-01-02T16:12:38 0 0 경기75자8579 4 72 227000039 277101950 27 
2021-01-02T16:13:38 0 0 경기75자8579 4 72 227000039 277101950 27 
2021-01-02T16:14:38 0 0 경기75자8579 4 72 227000039 277101950 27 
2021-01-02T16:15:38 0 0 경기75자8579 4 72 227000039 277102068 28 
2021-01-02T16:16:38 0 0 경기75자8579 4 72 227000039 277102068 28 
2021-01-02T16:17:38 0 0 경기75자8579 4 72 227000039 123000511 29 
2021-01-02T16:18:37 0 0 경기75자8579 4 66 227000039 123000511 29 
2021-01-02T16:19:37 0 0 경기75자8579 4 66 227000039 123000511 29 
2021-01-02T16:20:36 0 0 경기75자8579 4 66 227000039 123000511 29 
2021-01-02T16:21:36 0 0 경기75자8579 4 66 227000039 123000511 29 
2021-01-02T16:22:36 0 0 경기75자8579 4 66 227000039 277102842 30 
2021-01-02T16:23:36 0 0 경기75자8579 4 66 227000039 277103353 31 
2021-01-02T16:24:35 0 0 경기75자8579 4 66 227000039 277103353 31 
2021-01-02T16:25:35 0 0 경기75자8579 4 66 227000039 277103353 31 
2021-01-02T16:26:35 0 0 경기75자8579 4 66 227000039 277103349 32 
2021-01-02T16:27:34 0 0 경기75자8579 4 66 227000039 277103349 32 
2021-01-02T16:28:34 0 0 경기75자8579 4 66 227000039 277103349 32 
2021-01-02T16:29:33 0 0 경기75자8579 4 66 227000039 277103351 33 
2021-01-02T16:30:33 0 0 경기75자8579 4 66 227000039 277103351 33 
2021-01-02T16:31:32 0 0 경기75자8579 4 66 227000039 277103351 33 
2021-01-02T16:32:32 0 0 경기75자8579 4 68 227000039 227000284 34 
2021-01-02T16:33:32 0 0 경기75자8579 4 68 227000039 227000284 34 
2021-01-02T16:34:31 0 0 경기75자8579 4 68 227000039 227000656 35 
2021-01-02T16:35:31 0 0 경기75자8579 4 70 227000039 227000484 36 
2021-01-02T16:36:31 0 0 경기75자8579 4 70 227000039 227000484 36 
2021-01-02T16:37:30 0 0 경기75자8579 4 70 227000039 227000484 36 
2021-01-02T16:38:30 0 0 경기75자8579 4 70 227000039 227000281 38 
2021-01-02T16:39:30 0 0 경기75자8579 4 70 227000039 227000281 38 
2021-01-02T16:40:30 0 0 경기75자8579 4 70 227000039 227000281 38 
2021-01-02T16:41:29 0 0 경기75자8579 4 72 227000039 227000268 39 
2021-01-02T16:42:28 0 0 경기75자8579 4 72 227000039 227000268 39 
2021-01-02T16:43:27 0 0 경기75자8579 4 71 227000039 227000679 40 
2021-01-02T16:44:28 0 0 경기75자8579 4 71 227000039 227000679 40 
2021-01-02T16:45:26 0 0 경기75자8579 4 71 227000039 227000071 41 
2021-01-02T16:46:26 0 0 경기75자8579 4 69 227000039 227000071 41 
2021-01-02T16:47:26 0 0 경기75자8579 4 69 227000039 227000192 43 
2021-01-02T16:48:25 0 0 경기75자8579 4 70 227000039 227000212 44 
2021-01-02T16:49:24 0 0 경기75자8579 4 70 227000039 227000210 45 
2021-01-02T16:50:24 0 0 경기75자8579 4 70 227000039 227000210 45 
2021-01-02T16:51:23 0 0 경기75자8579 4 70 227000039 227000208 47 
2021-01-02T16:52:22 0 0 경기75자8579 4 70 227000039 227000206 48 
2021-01-02T16:53:21 0 0 경기75자8579 4 70 227000039 227000206 48 
2021-01-02T16:54:21 0 0 경기75자8579 4 70 227000039 227000311 49 
2021-01-02T16:55:20 0 0 경기75자8579 4 70 227000039 227000664 50 
2021-01-02T16:56:20 0 0 경기75자8579 4 70 227000039 227000665 51 
2021-01-02T16:57:19 0 0 경기75자8579 4 70 227000039 227000306 54 
2021-01-02T16:58:19 0 0 경기75자8579 4 72 227000039 227000306 54 
2021-01-02T16:59:19 0 0 경기75자8579 4 72 227000039 227000334 55 
2021-01-02T17:00:19 0 0 경기75자8579 4 72 227000039 227000334 55 
2021-01-02T17:01:18 0 0 경기75자8579 4 72 227000039 227000334 55 
2021-01-02T17:02:18 0 0 경기75자8579 4 72 227000039 227000260 56 
2021-01-02T18:08:53 0 0 경기75자8579 4 70 227000039 227000261 2 
2021-01-02T18:09:51 0 0 경기75자8579 4 70 227000039 227000677 3 
2021-01-02T18:10:51 0 0 경기75자8579 4 70 227000039 227000677 3 
2021-01-02T18:11:50 0 0 경기75자8579 4 70 227000039 227000677 3 
2021-01-02T18:12:50 0 0 경기75자8579 4 70 227000039 227000308 4 
2021-01-02T18:13:49 0 0 경기75자8579 4 65 227000039 227000308 4 
2021-01-02T18:14:49 0 0 경기75자8579 4 65 227000039 227000308 4 
2021-01-02T18:15:48 0 0 경기75자8579 4 65 227000039 227000304 5 
2021-01-02T18:16:48 0 0 경기75자8579 4 65 227000039 227000304 5 
2021-01-02T18:17:47 0 0 경기75자8579 4 65 227000039 227000666 6 
2021-01-02T18:18:47 0 0 경기75자8579 4 65 227000039 227000310 7 
2021-01-02T18:19:47 0 0 경기75자8579 4 65 227000039 227000310 7 
2021-01-02T18:20:47 0 0 경기75자8579 4 65 227000039 227000205 8 
2021-01-02T18:21:46 0 0 경기75자8579 4 67 227000039 227000207 9 
2021-01-02T18:22:46 0 0 경기75자8579 4 70 227000039 227000209 10 
2021-01-02T18:23:45 0 0 경기75자8579 4 70 227000039 227000209 10 
2021-01-02T18:24:44 0 0 경기75자8579 4 70 227000039 227000191 12 
2021-01-02T18:25:44 0 0 경기75자8579 4 70 227000039 227000257 13 
2021-01-02T18:26:43 0 0 경기75자8579 4 70 227000039 227000257 13 
2021-01-02T18:27:43 0 0 경기75자8579 4 70 227000039 227000072 14 
2021-01-02T18:28:43 0 0 경기75자8579 4 70 227000039 227000678 15 
2021-01-02T18:29:43 0 0 경기75자8579 4 70 227000039 227000678 15 
2021-01-02T18:30:42 0 0 경기75자8579 4 69 227000039 227000269 16 
2021-01-02T18:31:41 0 0 경기75자8579 4 69 227000039 227000269 16 
2021-01-02T18:32:40 0 0 경기75자8579 4 69 227000039 227000269 16 
2021-01-02T18:33:40 0 0 경기75자8579 4 69 227000039 227000230 18 
2021-01-02T18:34:39 0 0 경기75자8579 4 68 227000039 227000485 19 
2021-01-02T18:35:38 0 0 경기75자8579 4 67 227000039 227000485 19 
2021-01-02T18:36:38 0 0 경기75자8579 4 67 227000039 227000485 19 
2021-01-02T18:37:37 0 0 경기75자8579 4 67 227000039 227000291 20 
2021-01-02T18:38:37 0 0 경기75자8579 4 67 227000039 227000282 21 
2021-01-02T18:39:36 0 0 경기75자8579 4 67 227000039 227000282 21 
2021-01-02T18:40:36 0 0 경기75자8579 4 67 227000039 227000282 21 
2021-01-02T18:41:35 0 0 경기75자8579 4 67 227000039 227000282 21 
2021-01-02T18:42:34 0 0 경기75자8579 4 67 227000039 227000282 21 
2021-01-02T18:43:35 0 0 경기75자8579 4 67 227000039 277103350 22 
2021-01-02T18:44:34 0 0 경기75자8579 4 67 227000039 277103350 22 
2021-01-02T18:45:34 0 0 경기75자8579 4 67 227000039 277103350 22 
2021-01-02T18:46:34 0 0 경기75자8579 4 67 227000039 277103350 22 
2021-01-02T18:47:33 0 0 경기75자8579 4 67 227000039 277103350 22 
2021-01-02T18:48:32 0 0 경기75자8579 4 67 227000039 277103348 23 
2021-01-02T18:49:31 0 0 경기75자8579 4 67 227000039 277103348 23 
2021-01-02T18:50:31 0 0 경기75자8579 4 67 227000039 277103348 23 
2021-01-02T18:51:30 0 0 경기75자8579 4 67 227000039 277103348 23 
2021-01-02T18:52:29 0 0 경기75자8579 4 67 227000039 277103352 24 
2021-01-02T18:53:30 0 0 경기75자8579 4 67 227000039 277102840 25 
2021-01-02T18:54:29 0 0 경기75자8579 4 67 227000039 277102840 25 
2021-01-02T18:55:28 0 0 경기75자8579 4 67 227000039 277102840 25 
2021-01-02T18:56:28 0 0 경기75자8579 4 67 227000039 277102840 25 
2021-01-02T18:57:29 0 0 경기75자8579 4 68 227000039 123000048 26 
2021-01-02T18:58:28 0 0 경기75자8579 4 72 227000039 123000048 26 
2021-01-02T18:59:27 0 0 경기75자8579 4 72 227000039 277101950 27 
2021-01-02T19:00:27 0 0 경기75자8579 4 72 227000039 277101950 27 
2021-01-02T19:01:26 0 0 경기75자8579 4 72 227000039 277101950 27 
2021-01-02T19:02:25 0 0 경기75자8579 4 72 227000039 277101950 27 
2021-01-02T19:03:25 0 0 경기75자8579 4 72 227000039 277102068 28 
2021-01-02T19:04:24 0 0 경기75자8579 4 72 227000039 277102068 28 
2021-01-02T19:05:24 0 0 경기75자8579 4 72 227000039 123000511 29 
2021-01-02T19:06:23 0 0 경기75자8579 4 72 227000039 123000511 29 
2021-01-02T19:07:22 0 0 경기75자8579 4 72 227000039 123000511 29 
2021-01-02T19:08:22 0 0 경기75자8579 4 72 227000039 277102842 30 
2021-01-02T19:09:21 0 0 경기75자8579 4 72 227000039 277103353 31 
2021-01-02T19:10:21 0 0 경기75자8579 4 72 227000039 277103353 31 
2021-01-02T19:11:21 0 0 경기75자8579 4 72 227000039 277103353 31 
2021-01-02T19:12:21 0 0 경기75자8579 4 72 227000039 277103349 32 
2021-01-02T19:13:21 0 0 경기75자8579 4 72 227000039 277103349 32 
2021-01-02T19:14:20 0 0 경기75자8579 4 72 227000039 277103349 32 
2021-01-02T19:15:20 0 0 경기75자8579 4 72 227000039 277103351 33 
2021-01-02T19:16:20 0 0 경기75자8579 4 72 227000039 277103351 33 
2021-01-02T19:17:19 0 0 경기75자8579 4 72 227000039 227000284 34 
2021-01-02T19:18:18 0 0 경기75자8579 4 72 227000039 227000284 34 
2021-01-02T19:19:18 0 0 경기75자8579 4 72 227000039 227000284 34 
2021-01-02T19:20:18 0 0 경기75자8579 4 72 227000039 227000656 35 
2021-01-02T19:21:17 0 0 경기75자8579 4 72 227000039 227000656 35 
2021-01-02T19:22:17 0 0 경기75자8579 4 72 227000039 227000484 36 
2021-01-02T19:23:16 0 0 경기75자8579 4 72 227000039 227000232 37 
2021-01-02T19:24:16 0 0 경기75자8579 4 72 227000039 227000232 37 
2021-01-02T19:25:16 0 0 경기75자8579 4 72 227000039 227000281 38 
2021-01-02T19:26:16 0 0 경기75자8579 4 72 227000039 227000268 39 
2021-01-02T19:27:16 0 0 경기75자8579 4 72 227000039 227000268 39 
2021-01-02T19:28:15 0 0 경기75자8579 4 72 227000039 227000679 40 
2021-01-02T19:29:15 0 0 경기75자8579 4 72 227000039 227000679 40 
2021-01-02T19:30:15 0 0 경기75자8579 4 72 227000039 227000071 41 
2021-01-02T19:31:14 0 0 경기75자8579 4 72 227000039 227000071 41 
2021-01-02T19:32:15 0 0 경기75자8579 4 72 227000039 227000192 43 
2021-01-02T19:33:14 0 0 경기75자8579 4 72 227000039 227000212 44 
2021-01-02T19:34:14 0 0 경기75자8579 4 72 227000039 227000630 46 
2021-01-02T19:35:14 0 0 경기75자8579 4 72 227000039 227000208 47 
2021-01-02T19:36:13 0 0 경기75자8579 4 72 227000039 227000206 48 
2021-01-02T19:37:13 0 0 경기75자8579 4 72 227000039 227000311 49 
2021-01-02T19:38:13 0 0 경기75자8579 4 72 227000039 227000311 49 
2021-01-02T19:39:13 0 0 경기75자8579 4 72 227000039 227000665 51 
2021-01-02T19:40:12 0 0 경기75자8579 4 72 227000039 227000307 53 
2021-01-02T19:41:12 0 0 경기75자8579 4 72 227000039 227000306 54 
2021-01-02T19:42:11 0 0 경기75자8579 4 72 227000039 227000306 54 
2021-01-02T19:43:10 0 0 경기75자8579 4 72 227000039 227000334 55 
2021-01-02T19:44:10 0 0 경기75자8579 4 72 227000039 227000334 55 
2021-01-02T19:45:10 0 0 경기75자8579 4 72 227000039 227000334 55 
2021-01-02T19:46:10 0 0 경기75자8579 4 72 227000039 227000334 55 
2021-01-02T19:47:10 0 0 경기75자8579 4 72 227000039 227000260 56 
2021-01-02T19:48:09 0 0 경기75자8579 4 72 227000039 227000260 56 
2021-01-02T19:49:09 0 0 경기75자8579 4 72 227000039 227000260 56 
2021-01-02T19:50:09 0 0 경기75자8579 4 72 227000039 227000260 56 
2021-01-02T19:51:08 0 0 경기75자8579 4 72 227000039 227000260 56 
2021-01-02T19:52:08 0 0 경기75자8579 4 72 227000039 227000260 56 
2021-01-02T19:53:08 0 0 경기75자8579 4 72 227000039 227000260 56 
2021-01-02T19:54:07 0 0 경기75자8579 4 72 227000039 227000260 56 
2021-01-02T19:55:07 0 0 경기75자8579 4 72 227000039 227000260 56 
2021-01-02T19:56:06 0 0 경기75자8579 4 72 227000039 227000260 56 
2021-01-02T19:57:05 0 0 경기75자8579 4 72 227000039 227000260 56 
2021-01-02T19:58:05 0 0 경기75자8579 4 72 227000039 227000260 56 
2021-01-02T19:59:04 0 0 경기75자8579 4 72 227000039 227000260 56 
2021-01-02T20:00:04 0 0 경기75자8579 4 72 227000039 227000260 56 
2021-01-02T20:01:03 0 0 경기75자8579 4 72 227000039 227000260 56 
2021-01-02T20:02:03 0 0 경기75자8579 4 72 227000039 227000260 56 
2021-01-02T20:47:44 0 0 경기75자8579 4 72 227000039 227000261 2 
2021-01-02T20:48:43 0 0 경기75자8579 4 72 227000039 227000677 3 
2021-01-02T20:49:43 0 0 경기75자8579 4 72 227000039 227000677 3 
2021-01-02T20:50:43 0 0 경기75자8579 4 72 227000039 227000677 3 
2021-01-02T20:51:42 0 0 경기75자8579 4 72 227000039 227000308 4 
2021-01-02T20:52:42 0 0 경기75자8579 4 60 227000039 227000308 4 
2021-01-02T20:53:42 0 0 경기75자8579 4 60 227000039 227000304 5 
2021-01-02T20:54:41 0 0 경기75자8579 4 60 227000039 227000304 5 
2021-01-02T20:55:41 0 0 경기75자8579 4 60 227000039 227000304 5 
2021-01-02T20:56:40 0 0 경기75자8579 4 60 227000039 227000310 7 
2021-01-02T20:57:40 0 0 경기75자8579 4 60 227000039 227000310 7 
2021-01-02T20:58:40 0 0 경기75자8579 4 60 227000039 227000205 8 
2021-01-02T20:59:40 0 0 경기75자8579 4 60 227000039 227000205 8 
2021-01-02T21:00:39 0 0 경기75자8579 4 60 227000039 227000207 9 
2021-01-02T21:01:39 0 0 경기75자8579 4 64 227000039 227000209 10 
2021-01-02T21:02:38 0 0 경기75자8579 4 68 227000039 227000209 10 
2021-01-02T21:03:38 0 0 경기75자8579 4 68 227000039 227000209 10 
2021-01-02T21:04:38 0 0 경기75자8579 4 68 227000039 227000191 12 
2021-01-02T21:05:37 0 0 경기75자8579 4 68 227000039 227000072 14 
2021-01-02T21:06:37 0 0 경기75자8579 4 68 227000039 227000678 15 
2021-01-02T21:07:37 0 0 경기75자8579 4 68 227000039 227000678 15 
2021-01-02T21:08:36 0 0 경기75자8579 4 68 227000039 227000269 16 
2021-01-02T21:09:36 0 0 경기75자8579 4 68 227000039 227000269 16 
2021-01-02T21:10:36 0 0 경기75자8579 4 68 227000039 227000280 17 
2021-01-02T21:11:35 0 0 경기75자8579 4 69 227000039 227000230 18 
2021-01-02T21:12:35 0 0 경기75자8579 4 69 227000039 227000485 19 
2021-01-02T21:13:34 0 0 경기75자8579 4 69 227000039 227000485 19 
2021-01-02T21:14:34 0 0 경기75자8579 4 69 227000039 227000291 20 
2021-01-02T21:15:33 0 0 경기75자8579 4 69 227000039 227000282 21 
2021-01-02T21:16:33 0 0 경기75자8579 4 69 227000039 227000282 21 
2021-01-02T21:17:33 0 0 경기75자8579 4 69 227000039 227000282 21 
2021-01-02T21:18:32 0 0 경기75자8579 4 69 227000039 227000282 21 
2021-01-02T21:19:32 0 0 경기75자8579 4 69 227000039 277103350 22 
2021-01-02T21:20:32 0 0 경기75자8579 4 69 227000039 277103350 22 
2021-01-02T21:21:32 0 0 경기75자8579 4 69 227000039 277103350 22 
2021-01-02T21:22:32 0 0 경기75자8579 4 69 227000039 277103348 23 
2021-01-02T21:23:31 0 0 경기75자8579 4 69 227000039 277103348 23 
2021-01-02T21:24:31 0 0 경기75자8579 4 69 227000039 277103348 23 
2021-01-02T21:25:31 0 0 경기75자8579 4 69 227000039 277103352 24 
2021-01-02T21:26:30 0 0 경기75자8579 4 69 227000039 277102840 25 
2021-01-02T21:27:30 0 0 경기75자8579 4 69 227000039 277102840 25 
2021-01-02T21:28:29 0 0 경기75자8579 4 69 227000039 277102840 25 
2021-01-02T21:29:29 0 0 경기75자8579 4 69 227000039 277102840 25 
2021-01-02T21:30:29 0 0 경기75자8579 4 69 227000039 277102840 25 
2021-01-02T21:31:29 0 0 경기75자8579 4 71 227000039 123000048 26 
2021-01-02T21:32:29 0 0 경기75자8579 4 72 227000039 123000048 26 
2021-01-02T21:33:29 0 0 경기75자8579 4 72 227000039 277101950 27 
2021-01-02T21:34:29 0 0 경기75자8579 4 72 227000039 277101950 27 
2021-01-02T21:35:28 0 0 경기75자8579 4 72 227000039 277101950 27 
2021-01-02T21:36:28 0 0 경기75자8579 4 72 227000039 277101950 27 
2021-01-02T21:37:27 0 0 경기75자8579 4 72 227000039 277102068 28 
2021-01-02T21:38:27 0 0 경기75자8579 4 72 227000039 277102068 28 
2021-01-02T21:39:27 0 0 경기75자8579 4 72 227000039 277102068 28 
2021-01-02T21:40:27 0 0 경기75자8579 4 69 227000039 123000511 29 
2021-01-02T21:41:26 0 0 경기75자8579 4 69 227000039 123000511 29 
2021-01-02T21:42:26 0 0 경기75자8579 4 69 227000039 123000511 29 
2021-01-02T21:43:26 0 0 경기75자8579 4 69 227000039 123000511 29 
2021-01-02T21:44:26 0 0 경기75자8579 4 69 227000039 277102842 30 
2021-01-02T21:45:26 0 0 경기75자8579 4 69 227000039 277103353 31 
2021-01-02T21:46:26 0 0 경기75자8579 4 69 227000039 277103353 31 
2021-01-02T21:47:25 0 0 경기75자8579 4 69 227000039 277103353 31 
2021-01-02T21:48:25 0 0 경기75자8579 4 69 227000039 277103349 32 
2021-01-02T21:49:24 0 0 경기75자8579 4 69 227000039 277103349 32 
2021-01-02T21:50:23 0 0 경기75자8579 4 69 227000039 277103349 32 
2021-01-02T21:51:23 0 0 경기75자8579 4 69 227000039 277103351 33 
2021-01-02T21:52:23 0 0 경기75자8579 4 69 227000039 277103351 33 
2021-01-02T21:53:22 0 0 경기75자8579 4 69 227000039 277103351 33 
2021-01-02T21:54:22 0 0 경기75자8579 4 69 227000039 227000284 34 
2021-01-02T21:55:22 0 0 경기75자8579 4 70 227000039 227000284 34 
2021-01-02T21:56:21 0 0 경기75자8579 4 70 227000039 227000284 34 
2021-01-02T21:57:21 0 0 경기75자8579 4 70 227000039 227000656 35 
2021-01-02T21:58:21 0 0 경기75자8579 4 70 227000039 227000656 35 
2021-01-02T21:59:20 0 0 경기75자8579 4 70 227000039 227000656 35 
2021-01-02T22:00:19 0 0 경기75자8579 4 70 227000039 227000484 36 
2021-01-02T22:01:19 0 0 경기75자8579 4 70 227000039 227000484 36 
2021-01-02T22:02:18 0 0 경기75자8579 4 70 227000039 227000484 36 
2021-01-02T22:03:18 0 0 경기75자8579 4 71 227000039 227000281 38 
2021-01-02T22:04:17 0 0 경기75자8579 4 71 227000039 227000268 39 
2021-01-02T22:05:17 0 0 경기75자8579 4 71 227000039 227000268 39 
2021-01-02T22:06:16 0 0 경기75자8579 4 71 227000039 227000679 40 
2021-01-02T22:07:16 0 0 경기75자8579 4 71 227000039 227000679 40 
2021-01-02T22:08:16 0 0 경기75자8579 4 71 227000039 227000679 40 
2021-01-02T22:09:15 0 0 경기75자8579 4 71 227000039 227000192 43 
2021-01-02T22:10:15 0 0 경기75자8579 4 72 227000039 227000212 44 
2021-01-02T22:11:17 0 0 경기75자8579 4 72 227000039 227000212 44 
2021-01-02T22:12:16 0 0 경기75자8579 4 72 227000039 227000210 45 
2021-01-02T22:13:17 0 0 경기75자8579 4 72 227000039 227000630 46 
2021-01-02T22:14:16 0 0 경기75자8579 4 72 227000039 227000208 47 
2021-01-02T22:15:14 0 0 경기75자8579 4 72 227000039 227000206 48 
2021-01-02T22:16:15 0 0 경기75자8579 4 72 227000039 227000311 49 
2021-01-02T22:17:14 0 0 경기75자8579 4 72 227000039 227000664 50 
2021-01-02T22:18:13 0 0 경기75자8579 4 72 227000039 227000665 51 
2021-01-02T22:19:13 0 0 경기75자8579 4 72 227000039 227000306 54 
2021-01-02T22:20:12 0 0 경기75자8579 4 72 227000039 227000306 54 
2021-01-02T22:21:12 0 0 경기75자8579 4 72 227000039 227000334 55 
2021-01-02T22:22:11 0 0 경기75자8579 4 72 227000039 227000334 55 
2021-01-02T22:23:12 0 0 경기75자8579 4 72 227000039 227000260 56 
2021-01-02T22:24:10 0 0 경기75자8579 4 72 227000039 227000260 56 
2021-01-02T22:25:09 0 0 경기75자8579 4 72 227000039 227000260 56 
2021-01-02T22:26:09 0 0 경기75자8579 4 72 227000039 227000260 56 
2021-01-02T22:27:08 0 0 경기75자8579 4 72 227000039 227000260 56 
2021-01-02T22:28:08 0 0 경기75자8579 4 72 227000039 227000260 56 
2021-01-02T22:29:07 0 0 경기75자8579 4 72 227000039 227000260 56 
2021-01-02T22:30:08 0 0 경기75자8579 4 72 227000039 227000260 56 
2021-01-02T22:31:08 0 0 경기75자8579 4 72 227000039 227000260 56 
2021-01-02T22:32:07 0 0 경기75자8579 4 72 227000039 227000260 56 
2021-01-02T22:33:08 0 0 경기75자8579 4 72 227000039 227000260 56 
2021-01-02T22:34:08 0 0 경기75자8579 4 72 227000039 227000260 56 
2021-01-02T22:35:07 0 0 경기75자8579 4 72 227000039 227000260 56 
2021-01-02T22:36:08 0 0 경기75자8579 4 72 227000039 227000260 56 
2021-01-02T22:37:07 0 0 경기75자8579 4 72 227000039 227000260 56 
2021-01-02T23:13:49 0 0 경기75자8579 4 72 227000039 227000261 2 
2021-01-02T23:14:48 0 0 경기75자8579 4 72 227000039 227000677 3 
2021-01-02T23:15:48 0 0 경기75자8579 4 72 227000039 227000677 3 
2021-01-02T23:16:47 0 0 경기75자8579 4 72 227000039 227000677 3 
2021-01-02T23:17:47 0 0 경기75자8579 4 72 227000039 227000677 3 
2021-01-02T23:18:47 0 0 경기75자8579 4 72 227000039 227000308 4 
2021-01-02T23:19:48 0 0 경기75자8579 4 72 227000039 227000308 4 
2021-01-02T23:20:46 0 0 경기75자8579 4 72 227000039 227000666 6 
2021-01-02T23:21:44 0 0 경기75자8579 4 72 227000039 227000310 7 
2021-01-02T23:22:44 0 0 경기75자8579 4 72 227000039 227000310 7 
2021-01-02T23:23:43 0 0 경기75자8579 4 72 227000039 227000310 7 
2021-01-02T23:24:43 0 0 경기75자8579 4 72 227000039 227000205 8 
2021-01-02T23:25:43 0 0 경기75자8579 4 72 227000039 227000209 10 
2021-01-02T23:26:42 0 0 경기75자8579 4 72 227000039 227000209 10 
2021-01-02T23:27:42 0 0 경기75자8579 4 72 227000039 227000211 11 
2021-01-02T23:28:42 0 0 경기75자8579 4 72 227000039 227000257 13 
2021-01-02T23:29:41 0 0 경기75자8579 4 72 227000039 227000072 14 
2021-01-02T23:30:41 0 0 경기75자8579 4 72 227000039 227000678 15 
2021-01-02T23:31:40 0 0 경기75자8579 4 72 227000039 227000678 15 
2021-01-02T23:32:40 0 0 경기75자8579 4 72 227000039 227000269 16 
2021-01-02T23:33:39 0 0 경기75자8579 4 72 227000039 227000269 16 
2021-01-02T23:34:38 0 0 경기75자8579 4 72 227000039 227000280 17 
2021-01-02T23:35:38 0 0 경기75자8579 4 71 227000039 227000230 18 
2021-01-02T23:36:38 0 0 경기75자8579 4 71 227000039 227000485 19 
2021-01-02T23:37:37 0 0 경기75자8579 4 71 227000039 227000291 20 
2021-01-02T23:38:36 0 0 경기75자8579 4 71 227000039 227000291 20 
2021-01-02T23:39:36 0 0 경기75자8579 4 71 227000039 227000282 21 
2021-01-02T23:40:35 0 0 경기75자8579 4 71 227000039 227000282 21 
2021-01-02T23:41:35 0 0 경기75자8579 4 71 227000039 227000282 21 
2021-01-02T23:42:34 0 0 경기75자8579 4 71 227000039 227000282 21 
2021-01-02T23:43:34 0 0 경기75자8579 4 71 227000039 277103350 22 
2021-01-02T23:44:33 0 0 경기75자8579 4 71 227000039 277103350 22 
2021-01-02T23:45:33 0 0 경기75자8579 4 71 227000039 277103350 22 
2021-01-02T23:46:32 0 0 경기75자8579 4 71 227000039 277103348 23 
2021-01-02T23:47:32 0 0 경기75자8579 4 71 227000039 277103348 23 
2021-01-02T23:48:31 0 0 경기75자8579 4 71 227000039 277103352 24 
2021-01-02T23:49:31 0 0 경기75자8579 4 71 227000039 277103352 24 
2021-01-02T23:50:30 0 0 경기75자8579 4 71 227000039 277102840 25 
2021-01-02T23:51:30 0 0 경기75자8579 4 71 227000039 277102840 25 
2021-01-02T23:52:29 0 0 경기75자8579 4 71 227000039 277102840 25 
2021-01-02T23:53:29 0 0 경기75자8579 4 71 227000039 277102840 25 
2021-01-02T23:54:28 0 0 경기75자8579 4 72 227000039 123000048 26 
2021-01-02T23:55:28 0 0 경기75자8579 4 72 227000039 277101950 27 
2021-01-02T23:56:28 0 0 경기75자8579 4 72 227000039 277101950 27 
2021-01-02T23:57:28 0 0 경기75자8579 4 72 227000039 277101950 27 
2021-01-02T23:58:27 0 0 경기75자8579 4 72 227000039 277102068 28 
2021-01-02T23:59:26 0 0 경기75자8579 4 72 227000039 277102068 28 
2021-01-03T00:00:26 0 0 경기75자8579 4 72 227000039 277102068 28 
2021-01-03T00:01:26 0 0 경기75자8579 4 72 227000039 277102068 28 
2021-01-03T00:02:25 0 0 경기75자8579 4 72 227000039 277102068 28 
2021-01-03T00:03:25 0 0 경기75자8579 4 72 227000039 277102068 28 
2021-01-03T00:04:25 0 0 경기75자8579 4 72 227000039 277102068 28 
2021-01-03T00:05:24 1 0 경기75자8579 4 72 227000039 123000511 29 
2021-01-03T00:06:23 0 0 경기75자8579 4 71 227000039 123000511 29 
2021-01-03T00:07:23 0 0 경기75자8579 4 71 227000039 123000511 29 
2021-01-03T00:08:23 0 0 경기75자8579 4 71 227000039 277102842 30 
2021-01-03T00:09:22 0 0 경기75자8579 4 71 227000039 277102842 30 
2021-01-03T00:10:22 0 0 경기75자8579 4 71 227000039 277103353 31 
2021-01-03T00:11:22 0 0 경기75자8579 4 71 227000039 277103353 31 
2021-01-03T00:12:21 0 0 경기75자8579 4 71 227000039 277103349 32 
2021-01-03T00:13:21 0 0 경기75자8579 4 71 227000039 277103349 32 
2021-01-03T00:14:20 0 0 경기75자8579 4 71 227000039 277103349 32 
2021-01-03T00:15:19 0 0 경기75자8579 4 71 227000039 277103351 33 
2021-01-03T00:16:19 0 0 경기75자8579 4 71 227000039 277103351 33 
2021-01-03T00:17:18 0 0 경기75자8579 4 71 227000039 277103351 33 
2021-01-03T00:18:17 0 0 경기75자8579 4 71 227000039 277103351 33 
2021-01-03T00:19:17 0 0 경기75자8579 4 72 227000039 227000284 34 
2021-01-03T00:20:16 0 0 경기75자8579 4 72 227000039 227000284 34 
2021-01-03T00:21:15 0 0 경기75자8579 4 72 227000039 227000656 35 
2021-01-03T00:22:15 0 0 경기75자8579 4 72 227000039 227000484 36 
2021-01-03T00:23:14 0 0 경기75자8579 4 72 227000039 227000484 36 
2021-01-03T00:24:14 0 0 경기75자8579 4 72 227000039 227000281 38 
2021-01-03T00:25:14 0 0 경기75자8579 4 72 227000039 227000268 39 
2021-01-03T00:26:13 0 0 경기75자8579 4 72 227000039 227000679 40 
2021-01-03T00:27:14 0 0 경기75자8579 4 72 227000039 227000679 40 
2021-01-03T00:28:13 0 0 경기75자8579 4 72 227000039 227000679 40 
2021-01-03T00:29:13 0 0 경기75자8579 4 72 227000039 227000679 40 
2021-01-03T00:30:13 0 0 경기75자8579 4 72 227000039 227000071 41 
2021-01-03T00:31:13 0 0 경기75자8579 4 72 227000039 227000256 42 
2021-01-03T00:32:13 0 0 경기75자8579 4 72 227000039 227000212 44 
2021-01-03T00:33:12 0 0 경기75자8579 4 72 227000039 227000210 45 
2021-01-03T00:34:12 0 0 경기75자8579 4 72 227000039 227000208 47 
2021-01-03T00:35:11 0 0 경기75자8579 4 72 227000039 227000206 48 
2021-01-03T00:36:11 0 0 경기75자8579 4 72 227000039 227000311 49 
2021-01-03T00:37:10 0 0 경기75자8579 4 72 227000039 227000311 49 
2021-01-03T00:38:10 0 0 경기75자8579 4 72 227000039 227000665 51 
2021-01-03T00:39:09 0 0 경기75자8579 4 72 227000039 227000307 53 
2021-01-03T00:40:08 0 0 경기75자8579 4 72 227000039 227000306 54 
2021-01-03T00:41:07 0 0 경기75자8579 4 72 227000039 227000334 55 
2021-01-03T00:42:07 0 0 경기75자8579 4 72 227000039 227000334 55 
2021-01-03T00:43:06 0 0 경기75자8579 4 72 227000039 227000334 55 
2021-01-03T00:44:06 0 0 경기75자8579 4 72 227000039 227000260 56 
2021-01-03T00:45:06 0 0 경기75자8579 4 72 227000039 227000260 56 
2021-01-03T00:46:06 0 0 경기75자8579 4 72 227000039 227000260 56 
2021-01-03T00:47:05 0 0 경기75자8579 4 72 227000039 227000260 56 
2021-01-03T00:48:05 0 0 경기75자8579 4 72 227000039 227000260 56 
2021-01-03T00:49:04 0 0 경기75자8579 4 72 227000039 227000260 56 
2021-01-03T00:50:04 0 0 경기75자8579 4 72 227000039 227000260 56 
2021-01-03T00:51:04 0 0 경기75자8579 4 72 227000039 227000260 56 
2021-01-03T00:52:03 0 0 경기75자8579 4 72 227000039 227000260 56 
2021-01-03T00:53:03 0 0 경기75자8579 4 72 227000039 227000260 56 
2021-01-03T00:54:02 0 0 경기75자8579 4 72 227000039 227000260 56 
2021-01-03T00:55:01 0 0 경기75자8579 4 72 227000039 227000260 56 
2021-01-03T00:56:01 0 0 경기75자8579 4 72 227000039 227000260 56 
2021-01-03T00:57:00 0 0 경기75자8579 4 72 227000039 227000260 56 
2021-01-03T00:57:59 0 0 경기75자8579 4 72 227000039 227000260 56 
2021-01-03T00:58:59 0 0 경기75자8579 4 72 227000039 227000260 56 
