227000039 2021-01-03T00:59:58.910016+09:00
2021-01-03T06:31:03 0 0 경기75자8579 4 72 227000039 227000261 2 
2021-01-03T06:32:03 0 0 경기75자8579 4 72 227000039 227000261 2 
2021-01-03T06:33:02 0 0 경기75자8579 4 72 227000039 227000677 3 
2021-01-03T06:34:02 0 0 경기75자8579 4 72 227000039 227000677 3 
2021-01-03T06:35:02 0 0 경기75자8579 4 72 227000039 227000677 3 
2021-01-03T06:36:01 0 0 경기75자8579 4 72 227000039 227000308 4 
2021-01-03T06:37:00 0 0 경기75자8579 4 72 227000039 227000304 5 
2021-01-03T06:38:00 0 0 경기75자8579 4 72 227000039 227000666 6 
2021-01-03T06:38:59 0 0 경기75자8579 4 72 227000039 227000310 7 
2021-01-03T06:39:59 0 0 경기75자8579 4 72 227000039 227000310 7 
2021-01-03T06:40:59 0 0 경기75자8579 4 72 227000039 227000310 7 
2021-01-03T06:41:59 0 0 경기75자8579 4 72 227000039 227000207 9 
2021-01-03T06:42:58 0 0 경기75자8579 4 72 227000039 227000209 10 
2021-01-03T06:43:57 0 0 경기75자8579 4 72 227000039 227000211 11 
2021-01-03T06:44:57 0 0 경기75자8579 4 72 227000039 227000191 12 
2021-01-03T06:45:57 0 0 경기75자8579 4 72 227000039 227000257 13 
2021-01-03T06:46:56 0 0 경기75자8579 4 72 227000039 227000072 14 
2021-01-03T06:47:56 0 0 경기75자8579 4 72 227000039 227000072 14 
2021-01-03T06:48:55 0 0 경기75자8579 4 72 227000039 227000678 15 
2021-01-03T06:49:54 0 0 경기75자8579 4 72 227000039 227000269 16 
2021-01-03T06:50:54 0 0 경기75자8579 4 72 227000039 227000269 16 
2021-01-03T06:51:53 0 0 경기75자8579 4 72 227000039 227000280 17 
2021-01-03T06:52:52 0 0 경기75자8579 4 72 227000039 227000230 18 
2021-01-03T06:53:52 0 0 경기75자8579 4 72 227000039 227000485 19 
2021-01-03T06:54:51 0 0 경기75자8579 4 72 227000039 227000485 19 
2021-01-03T06:55:50 0 0 경기75자8579 4 72 227000039 227000291 20 
2021-01-03T06:56:50 0 0 경기75자8579 4 72 227000039 227000291 20 
2021-01-03T06:57:49 0 0 경기75자8579 4 72 227000039 227000282 21 
2021-01-03T06:58:49 0 0 경기75자8579 4 70 227000039 227000282 21 
2021-01-03T06:59:49 0 0 경기75자8579 4 70 227000039 227000282 21 
2021-01-03T07:00:48 0 0 경기75자8579 4 70 227000039 227000282 21 
2021-01-03T07:01:47 0 0 경기75자8579 4 70 227000039 227000282 21 
2021-01-03T07:02:47 0 0 경기75자8579 4 70 227000039 277103350 22 
2021-01-03T07:03:46 0 0 경기75자8579 4 70 227000039 277103350 22 
2021-01-03T07:04:45 0 0 경기75자8579 4 70 227000039 277103348 23 
2021-01-03T07:05:44 0 0 경기75자8579 4 70 227000039 277103348 23 
2021-01-03T07:06:44 0 0 경기75자8579 4 70 227000039 277103348 23 
2021-01-03T07:07:44 0 0 경기75자8579 4 70 227000039 277103352 24 
2021-01-03T07:08:43 0 0 경기75자8579 4 70 227000039 277103352 24 
2021-01-03T07:09:43 0 0 경기75자8579 4 70 227000039 277102840 25 
2021-01-03T07:10:43 0 0 경기75자8579 4 70 227000039 277102840 25 
2021-01-03T07:11:42 0 0 경기75자8579 4 70 227000039 277102840 25 
2021-01-03T07:12:42 0 0 경기75자8579 4 70 227000039 277102840 25 
2021-01-03T07:13:42 0 0 경기75자8579 4 72 227000039 277102840 25 
2021-01-03T07:14:41 0 0 경기75자8579 4 72 227000039 123000048 26 
2021-01-03T07:15:41 0 0 경기75자8579 4 72 227000039 277101950 27 
2021-01-03T07:16:41 0 0 경기75자8579 4 72 227000039 277101950 27 
2021-01-03T07:17:40 0 0 경기75자8579 4 72 227000039 277101950 27 
2021-01-03T07:18:40 0 0 경기75자8579 4 72 227000039 277101950 27 
2021-01-03T07:19:40 0 0 경기75자8579 4 72 227000039 277101950 27 
2021-01-03T07:20:39 0 0 경기75자8579 4 72 227000039 277101950 27 
2021-01-03T07:21:38 0 0 경기75자8579 4 72 227000039 277102068 28 
2021-01-03T07:22:38 0 0 경기75자8579 4 72 227000039 277102068 28 
2021-01-03T07:23:38 0 0 경기75자8579 4 72 227000039 123000511 29 
2021-01-03T07:24:38 0 0 경기75자8579 4 72 227000039 123000511 29 
2021-01-03T07:25:38 0 0 경기75자8579 4 72 227000039 123000511 29 
2021-01-03T07:26:37 0 0 경기75자8579 4 72 227000039 277102842 30 
2021-01-03T07:27:36 0 0 경기75자8579 4 72 227000039 277103353 31 
2021-01-03T07:28:36 0 0 경기75자8579 4 72 227000039 277103353 31 
2021-01-03T07:29:35 0 0 경기75자8579 4 72 227000039 277103353 31 
2021-01-03T07:30:35 0 0 경기75자8579 4 72 227000039 277103349 32 
2021-01-03T07:31:35 0 0 경기75자8579 4 72 227000039 277103349 32 
2021-01-03T07:32:34 0 0 경기75자8579 4 72 227000039 277103349 32 
2021-01-03T07:33:33 0 0 경기75자8579 4 72 227000039 277103351 33 
2021-01-03T07:34:34 0 0 경기75자8579 4 72 227000039 277103351 33 
2021-01-03T07:35:33 0 0 경기75자8579 4 72 227000039 277103351 33 
2021-01-03T07:36:32 0 0 경기75자8579 4 72 227000039 277103351 33 
2021-01-03T07:37:31 0 0 경기75자8579 4 72 227000039 227000284 34 
2021-01-03T07:38:30 0 0 경기75자8579 4 72 227000039 227000284 34 
2021-01-03T07:39:29 0 0 경기75자8579 4 72 227000039 227000284 34 
2021-01-03T07:40:29 0 0 경기75자8579 4 72 227000039 227000484 36 
2021-01-03T07:41:29 0 0 경기75자8579 4 72 227000039 227000484 36 
2021-01-03T07:42:28 0 0 경기75자8579 4 72 227000039 227000232 37 
2021-01-03T07:43:27 0 0 경기75자8579 4 72 227000039 227000281 38 
2021-01-03T07:44:27 0 0 경기75자8579 4 72 227000039 227000281 38 
2021-01-03T07:45:26 0 0 경기75자8579 4 72 227000039 227000268 39 
2021-01-03T07:46:25 0 0 경기75자8579 4 72 227000039 227000268 39 
2021-01-03T07:47:25 0 0 경기75자8579 4 72 227000039 227000679 40 
2021-01-03T07:48:24 0 0 경기75자8579 4 72 227000039 227000679 40 
2021-01-03T07:49:24 0 0 경기75자8579 4 72 227000039 227000679 40 
2021-01-03T07:50:23 0 0 경기75자8579 4 72 227000039 227000679 40 
2021-01-03T07:51:22 0 0 경기75자8579 4 72 227000039 227000071 41 
2021-01-03T07:52:23 0 0 경기75자8579 4 72 227000039 227000256 42 
2021-01-03T07:53:22 0 0 경기75자8579 4 72 227000039 227000212 44 
2021-01-03T07:54:21 0 0 경기75자8579 4 72 227000039 227000210 45 
2021-01-03T07:55:21 0 0 경기75자8579 4 71 227000039 227000208 47 
2021-01-03T07:56:20 0 0 경기75자8579 4 71 227000039 227000206 48 
2021-01-03T07:57:19 0 0 경기75자8579 4 71 227000039 227000311 49 
2021-01-03T07:58:19 0 0 경기75자8579 4 71 227000039 227000311 49 
2021-01-03T07:59:17 0 0 경기75자8579 4 71 227000039 227000665 51 
2021-01-03T08:00:17 0 0 경기75자8579 4 72 227000039 227000307 53 
2021-01-03T08:01:17 0 0 경기75자8579 4 72 227000039 227000306 54 
2021-01-03T08:02:17 0 0 경기75자8579 4 72 227000039 227000306 54 
2021-01-03T08:03:16 0 0 경기75자8579 4 72 227000039 227000334 55 
2021-01-03T08:04:15 0 0 경기75자8579 4 72 227000039 227000334 55 
2021-01-03T08:05:16 0 0 경기75자8579 4 72 227000039 227000260 56 
2021-01-03T08:50:53 0 0 경기75자8579 4 72 227000039 227000261 2 
2021-01-03T08:51:52 0 0 경기75자8579 4 72 227000039 227000677 3 
2021-01-03T08:52:51 0 0 경기75자8579 4 72 227000039 227000677 3 
2021-01-03T08:53:51 0 0 경기75자8579 4 72 227000039 227000308 4 
2021-01-03T08:54:50 0 0 경기75자8579 4 72 227000039 227000304 5 
2021-01-03T08:55:50 0 0 경기75자8579 4 72 227000039 227000310 7 
2021-01-03T08:56:49 0 0 경기75자8579 4 72 227000039 227000310 7 
2021-01-03T08:57:48 0 0 경기75자8579 4 72 227000039 227000205 8 
2021-01-03T08:58:48 0 0 경기75자8579 4 72 227000039 227000207 9 
2021-01-03T08:59:47 0 0 경기75자8579 4 72 227000039 227000209 10 
2021-01-03T09:00:46 0 0 경기75자8579 4 72 227000039 227000211 11 
2021-01-03T09:01:46 0 0 경기75자8579 4 72 227000039 227000191 12 
2021-01-03T09:02:45 0 0 경기75자8579 4 72 227000039 227000257 13 
2021-01-03T09:03:44 0 0 경기75자8579 4 72 227000039 227000072 14 
2021-01-03T09:04:43 0 0 경기75자8579 4 72 227000039 227000072 14 
2021-01-03T09:05:43 0 0 경기75자8579 4 72 227000039 227000678 15 
2021-01-03T09:06:42 0 0 경기75자8579 4 72 227000039 227000678 15 
2021-01-03T09:07:42 0 0 경기75자8579 4 72 227000039 227000269 16 
2021-01-03T09:08:41 0 0 경기75자8579 4 72 227000039 227000269 16 
2021-01-03T09:09:40 0 0 경기75자8579 4 72 227000039 227000280 17 
2021-01-03T09:10:39 0 0 경기75자8579 4 72 227000039 227000230 18 
2021-01-03T09:11:39 0 0 경기75자8579 4 72 227000039 227000485 19 
2021-01-03T09:12:39 0 0 경기75자8579 4 71 227000039 227000485 19 
2021-01-03T09:13:38 0 0 경기75자8579 4 71 227000039 227000485 19 
2021-01-03T09:14:38 0 0 경기75자8579 4 71 227000039 227000291 20 
2021-01-03T09:15:38 0 0 경기75자8579 4 69 227000039 227000291 20 
2021-01-03T09:16:38 0 0 경기75자8579 4 69 227000039 227000282 21 
2021-01-03T09:17:37 0 0 경기75자8579 4 68 227000039 227000282 21 
2021-01-03T09:18:37 0 0 경기75자8579 4 68 227000039 227000282 21 
2021-01-03T09:19:37 0 0 경기75자8579 4 68 227000039 227000282 21 
2021-01-03T09:20:36 0 0 경기75자8579 4 68 227000039 227000282 21 
2021-01-03T09:21:37 0 0 경기75자8579 4 68 227000039 277103350 22 
2021-01-03T09:22:36 0 0 경기75자8579 4 68 227000039 277103350 22 
2021-01-03T09:23:35 0 0 경기75자8579 4 68 227000039 277103348 23 
2021-01-03T09:24:34 0 0 경기75자8579 4 68 227000039 277103348 23 
2021-01-03T09:25:34 0 0 경기75자8579 4 68 227000039 277103348 23 
2021-01-03T09:26:33 0 0 경기75자8579 4 68 227000039 277103352 24 
2021-01-03T09:27:32 0 0 경기75자8579 4 68 227000039 277102840 25 
2021-01-03T09:28:32 0 0 경기75자8579 4 68 227000039 277102840 25 
2021-01-03T09:29:32 0 0 경기75자8579 4 68 227000039 277102840 25 
2021-01-03T09:30:31 0 0 경기75자8579 4 68 227000039 277102840 25 
2021-01-03T09:31:30 0 0 경기75자8579 4 68 227000039 277102840 25 
2021-01-03T09:32:30 0 0 경기75자8579 4 71 227000039 123000048 26 
2021-01-03T09:33:30 0 0 경기75자8579 4 72 227000039 277101950 27 
2021-01-03T09:34:29 0 0 경기75자8579 4 72 227000039 277101950 27 
2021-01-03T09:35:29 0 0 경기75자8579 4 72 227000039 277101950 27 
2021-01-03T09:36:29 0 0 경기75자8579 4 72 227000039 277101950 27 
2021-01-03T09:37:28 0 0 경기75자8579 4 72 227000039 277102068 28 
2021-01-03T09:38:29 0 0 경기75자8579 4 72 227000039 123000511 29 
2021-01-03T09:39:28 0 0 경기75자8579 4 70 227000039 123000511 29 
2021-01-03T09:40:27 0 0 경기75자8579 4 70 227000039 123000511 29 
2021-01-03T09:41:26 0 0 경기75자8579 4 70 227000039 123000511 29 
2021-01-03T09:42:25 0 0 경기75자8579 4 70 227000039 277102842 30 
2021-01-03T09:43:25 0 0 경기75자8579 4 70 227000039 277103353 31 
2021-01-03T09:44:24 0 0 경기75자8579 4 70 227000039 277103353 31 
2021-01-03T09:45:24 0 0 경기75자8579 4 70 227000039 277103353 31 
2021-01-03T09:46:23 0 0 경기75자8579 4 70 227000039 277103349 32 
2021-01-03T09:47:22 0 0 경기75자8579 4 70 227000039 277103349 32 
2021-01-03T09:48:21 0 0 경기75자8579 4 70 227000039 277103351 33 
2021-01-03T09:49:20 0 0 경기75자8579 4 70 227000039 277103351 33 
2021-01-03T09:50:20 0 0 경기75자8579 4 70 227000039 277103351 33 
2021-01-03T09:51:19 0 0 경기75자8579 4 70 227000039 227000284 34 
2021-01-03T09:52:19 0 0 경기75자8579 4 69 227000039 227000284 34 
2021-01-03T09:53:18 0 0 경기75자8579 4 69 227000039 227000284 34 
2021-01-03T09:54:18 0 0 경기75자8579 4 70 227000039 227000656 35 
2021-01-03T09:55:18 0 0 경기75자8579 4 70 227000039 227000656 35 
2021-01-03T09:56:17 0 0 경기75자8579 4 70 227000039 227000656 35 
2021-01-03T09:57:16 0 0 경기75자8579 4 70 227000039 227000232 37 
2021-01-03T09:58:16 0 0 경기75자8579 4 70 227000039 227000232 37 
2021-01-03T09:59:16 0 0 경기75자8579 4 70 227000039 227000232 37 
2021-01-03T10:00:16 0 0 경기75자8579 4 70 227000039 227000281 38 
2021-01-03T10:01:16 0 0 경기75자8579 4 70 227000039 227000268 39 
2021-01-03T10:02:16 0 0 경기75자8579 4 70 227000039 227000679 40 
2021-01-03T10:03:16 0 0 경기75자8579 4 70 227000039 227000679 40 
2021-01-03T10:04:15 0 0 경기75자8579 4 70 227000039 227000679 40 
2021-01-03T10:05:15 0 0 경기75자8579 4 70 227000039 227000679 40 
2021-01-03T10:06:14 0 0 경기75자8579 4 70 227000039 227000071 41 
2021-01-03T10:07:13 0 0 경기75자8579 4 70 227000039 227000192 43 
2021-01-03T10:08:12 0 0 경기75자8579 4 70 227000039 227000212 44 
2021-01-03T10:09:12 0 0 경기75자8579 4 70 227000039 227000210 45 
2021-01-03T10:10:11 0 0 경기75자8579 4 70 227000039 227000210 45 
2021-01-03T10:11:11 0 0 경기75자8579 4 66 227000039 227000208 47 
2021-01-03T10:12:10 0 0 경기75자8579 4 66 227000039 227000208 47 
2021-01-03T10:13:10 0 0 경기75자8579 4 66 227000039 227000206 48 
2021-01-03T10:14:10 0 0 경기75자8579 4 66 227000039 227000311 49 
2021-01-03T10:15:08 0 0 경기75자8579 4 66 227000039 227000311 49 
2021-01-03T10:16:08 0 0 경기75자8579 4 66 227000039 227000311 49 
2021-01-03T10:17:08 0 0 경기75자8579 4 66 227000039 227000665 51 
2021-01-03T10:18:07 0 0 경기75자8579 4 67 227000039 227000307 53 
2021-01-03T10:19:07 0 0 경기75자8579 4 72 227000039 227000307 53 
2021-01-03T10:20:06 0 0 경기75자8579 4 72 227000039 227000307 53 
2021-01-03T10:21:06 0 0 경기75자8579 4 72 227000039 227000306 54 
2021-01-03T10:22:05 0 0 경기75자8579 4 72 227000039 227000306 54 
2021-01-03T10:23:04 0 0 경기75자8579 4 72 227000039 227000334 55 
2021-01-03T10:24:04 0 0 경기75자8579 4 72 227000039 227000334 55 
2021-01-03T10:25:04 0 0 경기75자8579 4 72 227000039 227000334 55 
2021-01-03T10:26:04 0 0 경기75자8579 4 72 227000039 227000260 56 
2021-01-03T11:41:28 0 0 경기75자8579 4 72 227000039 227000261 2 
2021-01-03T11:42:27 0 0 경기75자8579 4 72 227000039 227000677 3 
2021-01-03T11:43:27 0 0 경기75자8579 4 72 227000039 227000677 3 
2021-01-03T11:44:26 0 0 경기75자8579 4 72 227000039 227000677 3 
2021-01-03T11:45:26 0 0 경기75자8579 4 72 227000039 227000308 4 
2021-01-03T11:46:25 0 0 경기75자8579 4 72 227000039 227000308 4 
2021-01-03T11:47:25 0 0 경기75자8579 4 72 227000039 227000304 5 
2021-01-03T11:48:24 0 0 경기75자8579 4 72 227000039 227000666 6 
2021-01-03T11:49:23 0 0 경기75자8579 4 72 227000039 227000310 7 
2021-01-03T11:50:22 0 0 경기75자8579 4 72 227000039 227000205 8 
2021-01-03T11:51:22 0 0 경기75자8579 4 72 227000039 227000207 9 
2021-01-03T11:52:21 0 0 경기75자8579 4 72 227000039 227000207 9 
2021-01-03T11:53:21 0 0 경기75자8579 4 72 227000039 227000207 9 
2021-01-03T11:54:20 0 0 경기75자8579 4 72 227000039 227000209 10 
2021-01-03T11:55:20 0 0 경기75자8579 4 72 227000039 227000209 10 
2021-01-03T11:56:20 0 0 경기75자8579 4 72 227000039 227000191 12 
2021-01-03T11:57:19 0 0 경기75자8579 4 72 227000039 227000257 13 
2021-01-03T11:58:18 0 0 경기75자8579 4 72 227000039 227000257 13 
2021-01-03T11:59:18 0 0 경기75자8579 4 72 227000039 227000072 14 
2021-01-03T12:00:18 0 0 경기75자8579 4 72 227000039 227000072 14 
2021-01-03T12:01:17 0 0 경기75자8579 4 72 227000039 227000678 15 
2021-01-03T12:02:16 0 0 경기75자8579 4 72 227000039 227000269 16 
2021-01-03T12:03:15 0 0 경기75자8579 4 72 227000039 227000269 16 
2021-01-03T12:04:14 0 0 경기75자8579 4 72 227000039 227000269 16 
2021-01-03T12:05:14 0 0 경기75자8579 4 72 227000039 227000280 17 
2021-01-03T12:06:13 0 0 경기75자8579 4 72 227000039 227000230 18 
2021-01-03T12:07:13 0 0 경기75자8579 4 72 227000039 227000485 19 
2021-01-03T12:08:13 0 0 경기75자8579 4 72 227000039 227000485 19 
2021-01-03T12:09:13 0 0 경기75자8579 4 72 227000039 227000291 20 
2021-01-03T12:10:12 0 0 경기75자8579 4 72 227000039 227000291 20 
2021-01-03T12:11:11 0 0 경기75자8579 4 72 227000039 227000291 20 
2021-01-03T12:12:10 0 0 경기75자8579 4 72 227000039 227000282 21 
2021-01-03T12:13:09 0 0 경기75자8579 4 72 227000039 227000282 21 
2021-01-03T12:14:08 0 0 경기75자8579 4 72 227000039 227000282 21 
2021-01-03T12:15:08 0 0 경기75자8579 4 72 227000039 227000282 21 
2021-01-03T12:16:08 0 0 경기75자8579 4 72 227000039 227000282 21 
2021-01-03T12:17:08 0 0 경기75자8579 4 72 227000039 277103350 22 
2021-01-03T12:18:07 0 0 경기75자8579 4 72 227000039 277103350 22 
2021-01-03T12:19:07 0 0 경기75자8579 4 72 227000039 277103350 22 
2021-01-03T12:20:06 0 0 경기75자8579 4 72 227000039 277103348 23 
2021-01-03T12:21:06 0 0 경기75자8579 4 72 227000039 277103348 23 
2021-01-03T12:22:06 0 0 경기75자8579 4 72 227000039 277103348 23 
2021-01-03T12:23:06 0 0 경기75자8579 4 72 227000039 277103352 24 
2021-01-03T12:24:05 0 0 경기75자8579 4 72 227000039 277102840 25 
2021-01-03T12:25:04 0 0 경기75자8579 4 72 227000039 277102840 25 
2021-01-03T12:26:04 0 0 경기75자8579 4 72 227000039 277102840 25 
2021-01-03T12:27:04 0 0 경기75자8579 4 72 227000039 277102840 25 
2021-01-03T12:28:03 0 0 경기75자8579 4 72 227000039 277102840 25 
2021-01-03T12:29:02 0 0 경기75자8579 4 72 227000039 123000048 26 
2021-01-03T12:30:01 0 0 경기75자8579 4 72 227000039 277101950 27 
2021-01-03T12:31:01 0 0 경기75자8579 4 72 227000039 277101950 27 
2021-01-03T12:32:00 0 0 경기75자8579 4 72 227000039 277101950 27 
2021-01-03T12:32:59 0 0 경기75자8579 4 72 227000039 277102068 28 
2021-01-03T12:33:58 0 0 경기75자8579 4 72 227000039 123000511 29 
2021-01-03T12:34:58 0 0 경기75자8579 4 70 227000039 123000511 29 
2021-01-03T12:35:57 0 0 경기75자8579 4 70 227000039 123000511 29 
2021-01-03T12:36:56 0 0 경기75자8579 4 70 227000039 123000511 29 
2021-01-03T12:37:55 0 0 경기75자8579 4 70 227000039 123000511 29 
2021-01-03T12:38:55 0 0 경기75자8579 4 70 227000039 277102842 30 
2021-01-03T12:39:54 0 0 경기75자8579 4 70 227000039 277103353 31 
2021-01-03T12:40:53 0 0 경기75자8579 4 70 227000039 277103353 31 
2021-01-03T12:41:53 0 0 경기75자8579 4 70 227000039 277103353 31 
2021-01-03T12:42:53 0 0 경기75자8579 4 70 227000039 277103349 32 
2021-01-03T12:43:52 0 0 경기75자8579 4 70 227000039 277103349 32 
2021-01-03T12:44:51 0 0 경기75자8579 4 70 227000039 277103351 33 
2021-01-03T12:45:50 0 0 경기75자8579 4 70 227000039 277103351 33 
2021-01-03T12:46:50 0 0 경기75자8579 4 70 227000039 277103351 33 
2021-01-03T12:47:49 0 0 경기75자8579 4 70 227000039 277103351 33 
2021-01-03T12:48:49 0 0 경기75자8579 4 70 227000039 227000284 34 
2021-01-03T12:49:48 0 0 경기75자8579 4 70 227000039 227000284 34 
2021-01-03T12:50:48 0 0 경기75자8579 4 70 227000039 227000284 34 
2021-01-03T12:51:48 0 0 경기75자8579 4 71 227000039 227000656 35 
2021-01-03T12:52:48 0 0 경기75자8579 4 71 227000039 227000656 35 
2021-01-03T12:53:47 0 0 경기75자8579 4 71 227000039 227000656 35 
2021-01-03T12:54:46 0 0 경기75자8579 4 71 227000039 227000484 36 
2021-01-03T12:55:45 0 0 경기75자8579 4 71 227000039 227000484 36 
2021-01-03T12:56:45 0 0 경기75자8579 4 71 227000039 227000232 37 
2021-01-03T12:57:45 0 0 경기75자8579 4 71 227000039 227000281 38 
2021-01-03T12:58:45 0 0 경기75자8579 4 70 227000039 227000281 38 
2021-01-03T12:59:44 0 0 경기75자8579 4 70 227000039 227000281 38 
2021-01-03T13:00:44 0 0 경기75자8579 4 72 227000039 227000268 39 
2021-01-03T13:01:44 0 0 경기75자8579 4 72 227000039 227000268 39 
2021-01-03T13:02:44 0 0 경기75자8579 4 72 227000039 227000679 40 
2021-01-03T13:03:43 0 0 경기75자8579 4 72 227000039 227000071 41 
2021-01-03T13:04:44 0 0 경기75자8579 4 71 227000039 227000256 42 
2021-01-03T13:05:43 0 0 경기75자8579 4 71 227000039 227000212 44 
2021-01-03T13:06:42 0 0 경기75자8579 4 71 227000039 227000210 45 
2021-01-03T13:07:41 0 0 경기75자8579 4 71 227000039 227000210 45 
2021-01-03T13:08:41 0 0 경기75자8579 4 71 227000039 227000208 47 
2021-01-03T13:09:39 0 0 경기75자8579 4 71 227000039 227000206 48 
2021-01-03T13:10:39 0 0 경기75자8579 4 71 227000039 227000206 48 
2021-01-03T13:11:39 0 0 경기75자8579 4 71 227000039 227000664 50 
2021-01-03T13:12:38 0 0 경기75자8579 4 71 227000039 227000305 52 
2021-01-03T13:13:38 0 0 경기75자8579 4 71 227000039 227000305 52 
2021-01-03T13:14:37 0 0 경기75자8579 4 71 227000039 227000305 52 
2021-01-03T13:15:37 0 0 경기75자8579 4 72 227000039 227000306 54 
2021-01-03T13:16:37 0 0 경기75자8579 4 72 227000039 227000306 54 
2021-01-03T13:17:37 0 0 경기75자8579 4 72 227000039 227000334 55 
2021-01-03T13:18:36 0 0 경기75자8579 4 72 227000039 227000334 55 
2021-01-03T13:19:35 0 0 경기75자8579 4 72 227000039 227000334 55 
2021-01-03T13:20:35 0 0 경기75자8579 4 72 227000039 227000334 55 
2021-01-03T13:21:35 0 0 경기75자8579 4 72 227000039 227000334 55 
2021-01-03T13:22:35 0 0 경기75자8579 4 72 227000039 227000334 55 
2021-01-03T13:23:34 0 0 경기75자8579 4 72 227000039 227000334 55 
2021-01-03T13:24:34 0 0 경기75자8579 4 72 227000039 227000334 55 
2021-01-03T13:25:33 0 0 경기75자8579 4 72 227000039 227000334 55 
2021-01-03T13:26:33 0 0 경기75자8579 4 72 227000039 227000334 55 
2021-01-03T13:27:33 0 0 경기75자8579 4 72 227000039 227000334 55 
2021-01-03T13:28:32 0 0 경기75자8579 4 72 227000039 227000334 55 
2021-01-03T13:29:32 0 0 경기75자8579 4 72 227000039 227000334 55 
2021-01-03T13:30:31 0 0 경기75자8579 4 72 227000039 227000334 55 
2021-01-03T13:31:31 0 0 경기75자8579 4 72 227000039 227000334 55 
2021-01-03T13:32:30 0 0 경기75자8579 4 72 227000039 227000334 55 
2021-01-03T15:19:51 0 0 경기75자8579 4 72 227000039 227000261 2 
2021-01-03T15:20:50 0 0 경기75자8579 4 72 227000039 227000261 2 
2021-01-03T15:21:50 0 0 경기75자8579 4 72 227000039 227000677 3 
2021-01-03T15:22:49 0 0 경기75자8579 4 72 227000039 227000677 3 
2021-01-03T15:23:49 0 0 경기75자8579 4 72 227000039 227000677 3 
2021-01-03T15:24:49 0 0 경기75자8579 4 72 227000039 227000308 4 
2021-01-03T15:25:48 0 0 경기75자8579 4 72 227000039 227000308 4 
2021-01-03T15:26:48 0 0 경기75자8579 4 72 227000039 227000308 4 
2021-01-03T15:27:46 0 0 경기75자8579 4 72 227000039 227000308 4 
2021-01-03T15:28:46 0 0 경기75자8579 4 72 227000039 227000308 4 
2021-01-03T15:29:46 0 0 경기75자8579 4 72 227000039 227000304 5 
2021-01-03T15:30:46 0 0 경기75자8579 4 72 227000039 227000304 5 
2021-01-03T15:31:46 0 0 경기75자8579 4 72 227000039 227000666 6 
2021-01-03T15:32:45 0 0 경기75자8579 4 72 227000039 227000310 7 
2021-01-03T15:33:44 0 0 경기75자8579 4 72 227000039 227000310 7 
2021-01-03T15:34:44 0 0 경기75자8579 4 72 227000039 227000310 7 
2021-01-03T15:35:43 0 0 경기75자8579 4 71 227000039 227000205 8 
2021-01-03T15:36:43 0 0 경기75자8579 4 71 227000039 227000209 10 
2021-01-03T15:37:42 0 0 경기75자8579 4 71 227000039 227000209 10 
2021-01-03T15:38:41 0 0 경기75자8579 4 71 227000039 227000211 11 
2021-01-03T15:39:40 0 0 경기75자8579 4 70 227000039 227000257 13 
2021-01-03T15:40:40 0 0 경기75자8579 4 70 227000039 227000257 13 
2021-01-03T15:41:40 0 0 경기75자8579 4 70 227000039 227000072 14 
2021-01-03T15:42:40 0 0 경기75자8579 4 70 227000039 227000072 14 
2021-01-03T15:43:39 0 0 경기75자8579 4 70 227000039 227000678 15 
2021-01-03T15:44:38 0 0 경기75자8579 4 70 227000039 227000269 16 
2021-01-03T15:45:38 0 0 경기75자8579 4 68 227000039 227000269 16 
2021-01-03T15:46:38 0 0 경기75자8579 4 68 227000039 227000269 16 
2021-01-03T15:47:38 0 0 경기75자8579 4 68 227000039 227000280 17 
2021-01-03T15:48:37 0 0 경기75자8579 4 68 227000039 227000230 18 
2021-01-03T15:49:37 0 0 경기75자8579 4 67 227000039 227000485 19 
2021-01-03T15:50:37 0 0 경기75자8579 4 67 227000039 227000485 19 
2021-01-03T15:51:36 0 0 경기75자8579 4 67 227000039 227000291 20 
2021-01-03T15:52:35 0 0 경기75자8579 4 67 227000039 227000291 20 
2021-01-03T15:53:35 0 0 경기75자8579 4 67 227000039 227000291 20 
2021-01-03T15:54:35 0 0 경기75자8579 4 67 227000039 227000282 21 
2021-01-03T15:55:35 0 0 경기75자8579 4 67 227000039 227000282 21 
2021-01-03T15:56:34 0 0 경기75자8579 4 67 227000039 227000282 21 
2021-01-03T15:57:33 0 0 경기75자8579 4 67 227000039 227000282 21 
2021-01-03T15:58:32 0 0 경기75자8579 4 67 227000039 227000282 21 
2021-01-03T15:59:31 0 0 경기75자8579 4 67 227000039 227000282 21 
2021-01-03T16:00:31 0 0 경기75자8579 4 67 227000039 277103350 22 
2021-01-03T16:01:30 0 0 경기75자8579 4 67 227000039 277103350 22 
2021-01-03T16:02:30 0 0 경기75자8579 4 67 227000039 277103350 22 
2021-01-03T16:03:30 0 0 경기75자8579 4 67 227000039 277103350 22 
2021-01-03T16:04:29 0 0 경기75자8579 4 67 227000039 277103348 23 
2021-01-03T16:05:28 0 0 경기75자8579 4 67 227000039 277103348 23 
2021-01-03T16:06:28 0 0 경기75자8579 4 67 227000039 277103348 23 
2021-01-03T16:07:28 0 0 경기75자8579 4 67 227000039 277103348 23 
2021-01-03T16:08:27 0 0 경기75자8579 4 67 227000039 277103352 24 
2021-01-03T16:09:26 0 0 경기75자8579 4 67 227000039 277102840 25 
2021-01-03T16:10:25 0 0 경기75자8579 4 67 227000039 277102840 25 
2021-01-03T16:11:24 0 0 경기75자8579 4 67 227000039 277102840 25 
2021-01-03T16:12:24 0 0 경기75자8579 4 67 227000039 277102840 25 
2021-01-03T16:13:24 0 0 경기75자8579 4 69 227000039 123000048 26 
2021-01-03T16:14:24 0 0 경기75자8579 4 72 227000039 123000048 26 
2021-01-03T16:15:23 0 0 경기75자8579 4 72 227000039 123000048 26 
2021-01-03T16:16:22 0 0 경기75자8579 4 72 227000039 123000048 26 
2021-01-03T16:17:21 0 0 경기75자8579 4 72 227000039 277101950 27 
2021-01-03T16:18:21 0 0 경기75자8579 4 72 227000039 277101950 27 
2021-01-03T16:19:20 0 0 경기75자8579 4 72 227000039 277101950 27 
2021-01-03T16:20:20 0 0 경기75자8579 4 72 227000039 277101950 27 
2021-01-03T16:21:20 0 0 경기75자8579 4 72 227000039 277102068 28 
2021-01-03T16:22:20 0 0 경기75자8579 4 72 227000039 123000511 29 
2021-01-03T16:23:19 0 0 경기75자8579 4 68 227000039 123000511 29 
2021-01-03T16:24:18 0 0 경기75자8579 4 68 227000039 123000511 29 
2021-01-03T16:25:18 0 0 경기75자8579 4 68 227000039 123000511 29 
2021-01-03T16:26:17 0 0 경기75자8579 4 68 227000039 277102842 30 
2021-01-03T16:27:17 0 0 경기75자8579 4 68 227000039 277103353 31 
2021-01-03T16:28:17 0 0 경기75자8579 4 68 227000039 277103353 31 
2021-01-03T16:29:17 0 0 경기75자8579 4 68 227000039 277103349 32 
2021-01-03T16:30:17 0 0 경기75자8579 4 68 227000039 277103349 32 
2021-01-03T16:31:17 0 0 경기75자8579 4 68 227000039 277103349 32 
2021-01-03T16:32:17 0 0 경기75자8579 4 68 227000039 277103351 33 
2021-01-03T16:33:16 0 0 경기75자8579 4 68 227000039 277103351 33 
2021-01-03T16:34:17 0 0 경기75자8579 4 68 227000039 277103351 33 
2021-01-03T16:35:16 0 0 경기75자8579 4 69 227000039 227000284 34 
2021-01-03T16:36:16 0 0 경기75자8579 4 69 227000039 227000284 34 
2021-01-03T16:37:16 0 0 경기75자8579 4 69 227000039 227000284 34 
2021-01-03T16:38:15 0 0 경기75자8579 4 70 227000039 227000656 35 
2021-01-03T16:39:15 0 0 경기75자8579 4 70 227000039 227000656 35 
2021-01-03T16:40:15 0 0 경기75자8579 4 70 227000039 227000484 36 
2021-01-03T16:41:14 0 0 경기75자8579 4 70 227000039 227000484 36 
2021-01-03T16:42:14 0 0 경기75자8579 4 70 227000039 227000484 36 
2021-01-03T16:43:13 0 0 경기75자8579 4 70 227000039 227000281 38 
2021-01-03T16:44:13 0 0 경기75자8579 4 72 227000039 227000268 39 
2021-01-03T16:45:13 0 0 경기75자8579 4 72 227000039 227000679 40 
2021-01-03T16:46:12 0 0 경기75자8579 4 72 227000039 227000679 40 
2021-01-03T16:47:12 0 0 경기75자8579 4 72 227000039 227000679 40 
2021-01-03T16:48:12 0 0 경기75자8579 4 72 227000039 227000071 41 
2021-01-03T16:49:12 0 0 경기75자8579 4 72 227000039 227000071 41 
2021-01-03T16:50:12 0 0 경기75자8579 4 72 227000039 227000212 44 
2021-01-03T16:51:11 0 0 경기75자8579 4 72 227000039 227000210 45 
2021-01-03T16:52:10 0 0 경기75자8579 4 72 227000039 227000208 47 
2021-01-03T16:53:10 0 0 경기75자8579 4 72 227000039 227000208 47 
2021-01-03T16:54:10 0 0 경기75자8579 4 72 227000039 227000206 48 
2021-01-03T16:55:10 0 0 경기75자8579 4 72 227000039 227000311 49 
2021-01-03T16:56:10 0 0 경기75자8579 4 72 227000039 227000665 51 
2021-01-03T16:57:09 0 0 경기75자8579 4 72 227000039 227000307 53 
2021-01-03T16:58:09 0 0 경기75자8579 4 72 227000039 227000306 54 
2021-01-03T16:59:08 0 0 경기75자8579 4 72 227000039 227000306 54 
2021-01-03T17:00:08 0 0 경기75자8579 4 72 227000039 227000334 55 
2021-01-03T17:01:08 0 0 경기75자8579 4 72 227000039 227000334 55 
2021-01-03T17:02:08 0 0 경기75자8579 4 72 227000039 227000260 56 
2021-01-03T18:11:43 0 0 경기75자8579 4 72 227000039 227000261 2 
2021-01-03T18:12:43 0 0 경기75자8579 4 72 227000039 227000677 3 
2021-01-03T18:13:41 0 0 경기75자8579 4 72 227000039 227000677 3 
2021-01-03T18:14:41 0 0 경기75자8579 4 72 227000039 227000677 3 
2021-01-03T18:15:41 0 0 경기75자8579 4 72 227000039 227000308 4 
2021-01-03T18:16:40 0 0 경기75자8579 4 72 227000039 227000308 4 
2021-01-03T18:17:40 0 0 경기75자8579 4 72 227000039 227000304 5 
2021-01-03T18:18:40 0 0 경기75자8579 4 72 227000039 227000304 5 
2021-01-03T18:19:40 0 0 경기75자8579 4 72 227000039 227000666 6 
2021-01-03T18:20:40 0 0 경기75자8579 4 72 227000039 227000310 7 
2021-01-03T18:21:40 0 0 경기75자8579 4 72 227000039 227000310 7 
2021-01-03T18:22:39 0 0 경기75자8579 4 72 227000039 227000310 7 
2021-01-03T18:23:39 0 0 경기75자8579 4 72 227000039 227000207 9 
2021-01-03T18:24:38 0 0 경기75자8579 4 72 227000039 227000209 10 
2021-01-03T18:25:38 0 0 경기75자8579 4 72 227000039 227000209 10 
2021-01-03T18:26:38 0 0 경기75자8579 4 72 227000039 227000211 11 
2021-01-03T18:27:38 0 0 경기75자8579 4 72 227000039 227000257 13 
2021-01-03T18:28:37 0 0 경기75자8579 4 72 227000039 227000072 14 
2021-01-03T18:29:37 0 0 경기75자8579 4 72 227000039 227000678 15 
2021-01-03T18:30:37 0 0 경기75자8579 4 72 227000039 227000269 16 
2021-01-03T18:31:37 0 0 경기75자8579 4 72 227000039 227000269 16 
2021-01-03T18:32:36 0 0 경기75자8579 4 72 227000039 227000269 16 
2021-01-03T18:33:36 0 0 경기75자8579 4 72 227000039 227000230 18 
2021-01-03T18:34:36 0 0 경기75자8579 4 72 227000039 227000230 18 
2021-01-03T18:35:35 0 0 경기75자8579 4 70 227000039 227000485 19 
2021-01-03T18:36:35 0 0 경기75자8579 4 70 227000039 227000485 19 
2021-01-03T18:37:35 0 0 경기75자8579 4 70 227000039 227000291 20 
2021-01-03T18:38:34 0 0 경기75자8579 4 69 227000039 227000291 20 
2021-01-03T18:39:34 0 0 경기75자8579 4 69 227000039 227000291 20 
2021-01-03T18:40:33 0 0 경기75자8579 4 69 227000039 227000282 21 
2021-01-03T18:41:33 0 0 경기75자8579 4 69 227000039 227000282 21 
2021-01-03T18:42:33 0 0 경기75자8579 4 69 227000039 227000282 21 
2021-01-03T18:43:33 0 0 경기75자8579 4 69 227000039 227000282 21 
2021-01-03T18:44:32 0 0 경기75자8579 4 69 227000039 277103350 22 
2021-01-03T18:45:32 0 0 경기75자8579 4 69 227000039 277103350 22 
2021-01-03T18:46:32 0 0 경기75자8579 4 69 227000039 277103350 22 
2021-01-03T18:47:31 0 0 경기75자8579 4 69 227000039 277103348 23 
2021-01-03T18:48:31 0 0 경기75자8579 4 69 227000039 277103348 23 
2021-01-03T18:49:31 0 0 경기75자8579 4 69 227000039 277103348 23 
2021-01-03T18:50:31 0 0 경기75자8579 4 69 227000039 277103352 24 
2021-01-03T18:51:31 0 0 경기75자8579 4 69 227000039 277103352 24 
2021-01-03T18:52:30 0 0 경기75자8579 4 69 227000039 277102840 25 
2021-01-03T18:53:30 0 0 경기75자8579 4 69 227000039 277102840 25 
2021-01-03T18:54:30 0 0 경기75자8579 4 69 227000039 277102840 25 
2021-01-03T18:55:30 0 0 경기75자8579 4 69 227000039 277102840 25 
2021-01-03T18:56:29 0 0 경기75자8579 4 69 227000039 277102840 25 
2021-01-03T18:57:28 0 0 경기75자8579 4 71 227000039 123000048 26 
2021-01-03T18:58:28 0 0 경기75자8579 4 71 227000039 123000048 26 
2021-01-03T18:59:28 0 0 경기75자8579 4 71 227000039 277101950 27 
2021-01-03T19:00:27 0 0 경기75자8579 4 71 227000039 277101950 27 
2021-01-03T19:01:27 0 0 경기75자8579 4 71 227000039 277101950 27 
2021-01-03T19:02:27 0 0 경기75자8579 4 71 227000039 277101950 27 
2021-01-03T19:03:26 0 0 경기75자8579 4 72 227000039 277102068 28 
2021-01-03T19:04:26 0 0 경기75자8579 4 72 227000039 277102068 28 
2021-01-03T19:05:25 0 0 경기75자8579 4 72 227000039 123000511 29 
2021-01-03T19:06:25 0 0 경기75자8579 4 72 227000039 123000511 29 
2021-01-03T19:07:24 0 0 경기75자8579 4 72 227000039 123000511 29 
2021-01-03T19:08:24 0 0 경기75자8579 4 72 227000039 123000511 29 
2021-01-03T19:09:22 0 0 경기75자8579 4 72 227000039 277102842 30 
2021-01-03T19:10:22 0 0 경기75자8579 4 72 227000039 277103353 31 
2021-01-03T19:11:22 0 0 경기75자8579 4 72 227000039 277103353 31 
2021-01-03T19:12:22 0 0 경기75자8579 4 72 227000039 277103353 31 
2021-01-03T19:13:21 0 0 경기75자8579 4 72 227000039 277103349 32 
2021-01-03T19:14:21 0 0 경기75자8579 4 72 227000039 277103349 32 
2021-01-03T19:15:20 0 0 경기75자8579 4 72 227000039 277103349 32 
2021-01-03T19:16:20 0 0 경기75자8579 4 72 227000039 277103351 33 
2021-01-03T19:17:20 0 0 경기75자8579 4 72 227000039 277103351 33 
2021-01-03T19:18:20 0 0 경기75자8579 4 72 227000039 277103351 33 
2021-01-03T19:19:19 0 0 경기75자8579 4 72 227000039 227000284 34 
2021-01-03T19:20:19 0 0 경기75자8579 4 71 227000039 227000284 34 
2021-01-03T19:21:19 0 0 경기75자8579 4 71 227000039 227000284 34 
2021-01-03T19:22:18 0 0 경기75자8579 4 72 227000039 227000656 35 
2021-01-03T19:23:19 0 0 경기75자8579 4 72 227000039 227000656 35 
2021-01-03T19:24:18 0 0 경기75자8579 4 71 227000039 227000656 35 
2021-01-03T19:25:17 0 0 경기75자8579 4 71 227000039 227000484 36 
2021-01-03T19:26:16 0 0 경기75자8579 4 71 227000039 227000484 36 
2021-01-03T19:27:16 0 0 경기75자8579 4 70 227000039 227000484 36 
2021-01-03T19:28:16 0 0 경기75자8579 4 70 227000039 227000281 38 
2021-01-03T19:29:15 0 0 경기75자8579 4 70 227000039 227000268 39 
2021-01-03T19:30:15 0 0 경기75자8579 4 70 227000039 227000679 40 
2021-01-03T19:31:15 0 0 경기75자8579 4 70 227000039 227000679 40 
2021-01-03T19:32:15 0 0 경기75자8579 4 70 227000039 227000679 40 
2021-01-03T19:33:14 0 0 경기75자8579 4 70 227000039 227000071 41 
2021-01-03T19:34:14 0 0 경기75자8579 4 70 227000039 227000071 41 
2021-01-03T19:35:14 0 0 경기75자8579 4 70 227000039 227000212 44 
2021-01-03T19:36:14 0 0 경기75자8579 4 70 227000039 227000210 45 
2021-01-03T19:37:13 0 0 경기75자8579 4 70 227000039 227000208 47 
2021-01-03T19:38:13 0 0 경기75자8579 4 70 227000039 227000208 47 
2021-01-03T19:39:13 0 0 경기75자8579 4 70 227000039 227000311 49 
2021-01-03T19:40:13 0 0 경기75자8579 4 70 227000039 227000311 49 
2021-01-03T19:41:13 0 0 경기75자8579 4 71 227000039 227000665 51 
2021-01-03T19:42:13 0 0 경기75자8579 4 71 227000039 227000305 52 
2021-01-03T19:43:13 0 0 경기75자8579 4 71 227000039 227000306 54 
2021-01-03T19:44:13 0 0 경기75자8579 4 72 227000039 227000306 54 
2021-01-03T19:45:12 0 0 경기75자8579 4 72 227000039 227000334 55 
2021-01-03T19:46:12 0 0 경기75자8579 4 72 227000039 227000334 55 
2021-01-03T19:47:12 0 0 경기75자8579 4 72 227000039 227000260 56 
2021-01-03T20:50:47 0 0 경기75자8579 4 72 227000039 227000261 2 
2021-01-03T20:51:47 0 0 경기75자8579 4 72 227000039 227000677 3 
2021-01-03T20:52:46 0 0 경기75자8579 4 72 227000039 227000677 3 
2021-01-03T20:53:46 0 0 경기75자8579 4 72 227000039 227000308 4 
2021-01-03T20:54:46 0 0 경기75자8579 4 67 227000039 227000308 4 
2021-01-03T20:55:45 0 0 경기75자8579 4 67 227000039 227000304 5 
2021-01-03T20:56:45 0 0 경기75자8579 4 67 227000039 227000666 6 
2021-01-03T20:57:45 0 0 경기75자8579 4 67 227000039 227000310 7 
2021-01-03T20:58:45 0 0 경기75자8579 4 67 227000039 227000205 8 
2021-01-03T20:59:44 0 0 경기75자8579 4 67 227000039 227000207 9 
2021-01-03T21:00:44 0 0 경기75자8579 4 67 227000039 227000207 9 
2021-01-03T21:01:43 0 0 경기75자8579 4 70 227000039 227000209 10 
2021-01-03T21:02:43 0 0 경기75자8579 4 71 227000039 227000209 10 
2021-01-03T21:03:43 0 0 경기75자8579 4 71 227000039 227000209 10 
2021-01-03T21:04:43 0 0 경기75자8579 4 71 227000039 227000191 12 
2021-01-03T21:05:43 0 0 경기75자8579 4 71 227000039 227000257 13 
2021-01-03T21:06:42 0 0 경기75자8579 4 71 227000039 227000257 13 
2021-01-03T21:07:42 0 0 경기75자8579 4 71 227000039 227000072 14 
2021-01-03T21:08:41 0 0 경기75자8579 4 71 227000039 227000072 14 
2021-01-03T21:09:41 0 0 경기75자8579 4 71 227000039 227000678 15 
2021-01-03T21:10:41 0 0 경기75자8579 4 71 227000039 227000269 16 
2021-01-03T21:11:40 0 0 경기75자8579 4 71 227000039 227000269 16 
2021-01-03T21:12:40 0 0 경기75자8579 4 71 227000039 227000269 16 
2021-01-03T21:13:39 0 0 경기75자8579 4 71 227000039 227000230 18 
2021-01-03T21:14:39 0 0 경기75자8579 4 71 227000039 227000485 19 
2021-01-03T21:15:38 0 0 경기75자8579 4 71 227000039 227000291 20 
2021-01-03T21:16:38 0 0 경기75자8579 4 71 227000039 227000291 20 
2021-01-03T21:17:38 0 0 경기75자8579 4 72 227000039 227000282 21 
2021-01-03T21:18:38 0 0 경기75자8579 4 72 227000039 227000282 21 
2021-01-03T21:19:38 0 0 경기75자8579 4 72 227000039 227000282 21 
2021-01-03T21:20:37 0 0 경기75자8579 4 72 227000039 227000282 21 
2021-01-03T21:21:37 0 0 경기75자8579 4 72 227000039 227000282 21 
2021-01-03T21:22:37 0 0 경기75자8579 4 72 227000039 277103350 22 
2021-01-03T21:23:36 0 0 경기75자8579 4 72 227000039 277103350 22 
2021-01-03T21:24:36 0 0 경기75자8579 4 72 227000039 277103348 23 
2021-01-03T21:25:35 0 0 경기75자8579 4 72 227000039 277103348 23 
2021-01-03T21:26:35 0 0 경기75자8579 4 72 227000039 277103348 23 
2021-01-03T21:27:35 0 0 경기75자8579 4 72 227000039 277103352 24 
2021-01-03T21:28:34 0 0 경기75자8579 4 72 227000039 277103352 24 
2021-01-03T21:29:34 0 0 경기75자8579 4 72 227000039 277102840 25 
2021-01-03T21:30:33 0 0 경기75자8579 4 72 227000039 277102840 25 
2021-01-03T21:31:33 0 0 경기75자8579 4 72 227000039 277102840 25 
2021-01-03T21:32:33 0 0 경기75자8579 4 72 227000039 277102840 25 
2021-01-03T21:33:32 0 0 경기75자8579 4 72 227000039 123000048 26 
2021-01-03T21:34:32 0 0 경기75자8579 4 72 227000039 123000048 26 
2021-01-03T21:35:32 0 0 경기75자8579 4 72 227000039 277101950 27 
2021-01-03T21:36:31 0 0 경기75자8579 4 72 227000039 277101950 27 
2021-01-03T21:37:31 0 0 경기75자8579 4 72 227000039 277101950 27 
2021-01-03T21:38:31 0 0 경기75자8579 4 72 227000039 277101950 27 
2021-01-03T21:39:30 0 0 경기75자8579 4 72 227000039 277101950 27 
2021-01-03T21:40:30 0 0 경기75자8579 4 72 227000039 277102068 28 
2021-01-03T21:41:30 0 0 경기75자8579 4 72 227000039 123000511 29 
2021-01-03T21:42:29 0 0 경기75자8579 4 70 227000039 123000511 29 
2021-01-03T21:43:29 0 0 경기75자8579 4 70 227000039 123000511 29 
2021-01-03T21:44:29 0 0 경기75자8579 4 70 227000039 277102842 30 
2021-01-03T21:45:28 0 0 경기75자8579 4 70 227000039 277102842 30 
2021-01-03T21:46:28 0 0 경기75자8579 4 70 227000039 277103353 31 
2021-01-03T21:47:27 0 0 경기75자8579 4 70 227000039 277103353 31 
2021-01-03T21:48:27 0 0 경기75자8579 4 70 227000039 277103353 31 
2021-01-03T21:49:26 0 0 경기75자8579 4 70 227000039 277103349 32 
2021-01-03T21:50:26 0 0 경기75자8579 4 70 227000039 277103349 32 
2021-01-03T21:51:25 0 0 경기75자8579 4 70 227000039 277103351 33 
2021-01-03T21:52:24 0 0 경기75자8579 4 70 227000039 277103351 33 
2021-01-03T21:53:24 0 0 경기75자8579 4 70 227000039 277103351 33 
2021-01-03T21:54:24 0 0 경기75자8579 4 70 227000039 277103351 33 
2021-01-03T21:55:23 0 0 경기75자8579 4 70 227000039 227000284 34 
2021-01-03T21:56:23 0 0 경기75자8579 4 70 227000039 227000284 34 
2021-01-03T21:57:22 0 0 경기75자8579 4 72 227000039 227000656 35 
2021-01-03T21:58:22 0 0 경기75자8579 4 72 227000039 227000656 35 
2021-01-03T21:59:22 0 0 경기75자8579 4 72 227000039 227000656 35 
2021-01-03T22:00:21 0 0 경기75자8579 4 72 227000039 227000232 37 
2021-01-03T22:01:21 0 0 경기75자8579 4 72 227000039 227000232 37 
2021-01-03T22:02:20 0 0 경기75자8579 4 72 227000039 227000232 37 
2021-01-03T22:03:20 0 0 경기75자8579 4 72 227000039 227000281 38 
2021-01-03T22:04:20 0 0 경기75자8579 4 72 227000039 227000268 39 
2021-01-03T22:05:19 0 0 경기75자8579 4 72 227000039 227000268 39 
2021-01-03T22:06:19 0 0 경기75자8579 4 72 227000039 227000679 40 
2021-01-03T22:07:19 0 0 경기75자8579 4 72 227000039 227000679 40 
2021-01-03T22:08:18 0 0 경기75자8579 4 72 227000039 227000679 40 
2021-01-03T22:09:18 0 0 경기75자8579 4 72 227000039 227000192 43 
2021-01-03T22:10:18 0 0 경기75자8579 4 72 227000039 227000210 45 
2021-01-03T22:11:18 0 0 경기75자8579 4 72 227000039 227000208 47 
2021-01-03T22:12:17 0 0 경기75자8579 4 72 227000039 227000208 47 
2021-01-03T22:13:16 0 0 경기75자8579 4 72 227000039 227000311 49 
2021-01-03T22:14:15 0 0 경기75자8579 4 72 227000039 227000311 49 
2021-01-03T22:15:15 0 0 경기75자8579 4 72 227000039 227000665 51 
2021-01-03T22:16:14 0 0 경기75자8579 4 72 227000039 227000305 52 
2021-01-03T22:17:13 0 0 경기75자8579 4 72 227000039 227000306 54 
2021-01-03T22:18:13 0 0 경기75자8579 4 72 227000039 227000306 54 
2021-01-03T22:19:12 0 0 경기75자8579 4 72 227000039 227000334 55 
2021-01-03T22:20:12 0 0 경기75자8579 4 72 227000039 227000334 55 
2021-01-03T22:21:12 0 0 경기75자8579 4 72 227000039 227000334 55 
2021-01-03T22:22:11 0 0 경기75자8579 4 72 227000039 227000334 55 
2021-01-03T22:23:10 0 0 경기75자8579 4 72 227000039 227000260 56 
2021-01-03T23:14:47 0 0 경기75자8579 4 72 227000039 227000261 2 
2021-01-03T23:15:46 0 0 경기75자8579 4 72 227000039 227000677 3 
2021-01-03T23:16:46 0 0 경기75자8579 4 72 227000039 227000677 3 
2021-01-03T23:17:45 0 0 경기75자8579 4 72 227000039 227000677 3 
2021-01-03T23:18:45 0 0 경기75자8579 4 72 227000039 227000308 4 
2021-01-03T23:19:44 0 0 경기75자8579 4 72 227000039 227000308 4 
2021-01-03T23:20:43 0 0 경기75자8579 4 72 227000039 227000666 6 
2021-01-03T23:21:43 0 0 경기75자8579 4 72 227000039 227000310 7 
2021-01-03T23:22:42 0 0 경기75자8579 4 72 227000039 227000310 7 
2021-01-03T23:23:41 0 0 경기75자8579 4 72 227000039 227000310 7 
2021-01-03T23:24:41 0 0 경기75자8579 4 72 227000039 227000205 8 
2021-01-03T23:25:40 0 0 경기75자8579 4 72 227000039 227000209 10 
2021-01-03T23:26:40 0 0 경기75자8579 4 72 227000039 227000209 10 
2021-01-03T23:27:39 0 0 경기75자8579 4 72 227000039 227000211 11 
2021-01-03T23:28:39 0 0 경기75자8579 4 72 227000039 227000257 13 
2021-01-03T23:29:38 0 0 경기75자8579 4 72 227000039 227000072 14 
2021-01-03T23:30:37 0 0 경기75자8579 4 72 227000039 227000678 15 
2021-01-03T23:31:37 0 0 경기75자8579 4 72 227000039 227000678 15 
2021-01-03T23:32:37 0 0 경기75자8579 4 72 227000039 227000269 16 
2021-01-03T23:33:36 0 0 경기75자8579 4 72 227000039 227000269 16 
2021-01-03T23:34:35 0 0 경기75자8579 4 72 227000039 227000280 17 
2021-01-03T23:35:35 0 0 경기75자8579 4 72 227000039 227000230 18 
2021-01-03T23:36:34 0 0 경기75자8579 4 72 227000039 227000485 19 
2021-01-03T23:37:33 0 0 경기75자8579 4 72 227000039 227000485 19 
2021-01-03T23:38:33 0 0 경기75자8579 4 72 227000039 227000485 19 
2021-01-03T23:39:32 0 0 경기75자8579 4 72 227000039 227000291 20 
2021-01-03T23:40:31 0 0 경기75자8579 4 72 227000039 227000291 20 
2021-01-03T23:41:32 0 0 경기75자8579 4 72 227000039 227000282 21 
2021-01-03T23:42:31 0 0 경기75자8579 4 72 227000039 227000282 21 
2021-01-03T23:43:30 0 0 경기75자8579 4 72 227000039 227000282 21 
2021-01-03T23:44:30 0 0 경기75자8579 4 72 227000039 227000282 21 
2021-01-03T23:45:29 0 0 경기75자8579 4 72 227000039 277103350 22 
2021-01-03T23:46:28 0 0 경기75자8579 4 72 227000039 277103350 22 
2021-01-03T23:47:28 0 0 경기75자8579 4 72 227000039 277103350 22 
2021-01-03T23:48:27 0 0 경기75자8579 4 72 227000039 277103348 23 
2021-01-03T23:49:27 0 0 경기75자8579 4 72 227000039 277103348 23 
2021-01-03T23:50:26 0 0 경기75자8579 4 72 227000039 277103348 23 
2021-01-03T23:51:26 0 0 경기75자8579 4 72 227000039 277103352 24 
2021-01-03T23:52:25 0 0 경기75자8579 4 72 227000039 277103352 24 
2021-01-03T23:53:25 0 0 경기75자8579 4 72 227000039 277102840 25 
2021-01-03T23:54:25 0 0 경기75자8579 4 72 227000039 277102840 25 
2021-01-03T23:55:24 0 0 경기75자8579 4 72 227000039 277102840 25 
2021-01-03T23:56:24 0 0 경기75자8579 4 72 227000039 277102840 25 
2021-01-03T23:57:23 0 0 경기75자8579 4 72 227000039 277102840 25 
2021-01-03T23:58:22 0 0 경기75자8579 4 72 227000039 123000048 26 
2021-01-03T23:59:22 0 0 경기75자8579 4 72 227000039 277101950 27 
2021-01-04T00:00:21 0 0 경기75자8579 4 72 227000039 277101950 27 
2021-01-04T00:01:21 0 0 경기75자8579 4 72 227000039 277102068 28 
2021-01-04T00:02:21 0 0 경기75자8579 4 72 227000039 277102068 28 
2021-01-04T00:03:20 0 0 경기75자8579 4 72 227000039 277102068 28 
2021-01-04T00:04:19 0 0 경기75자8579 4 72 227000039 277102068 28 
2021-01-04T00:05:19 1 0 경기75자8579 4 72 227000039 123000511 29 
2021-01-04T00:06:18 0 0 경기75자8579 4 71 227000039 123000511 29 
2021-01-04T00:07:18 0 0 경기75자8579 4 71 227000039 123000511 29 
2021-01-04T00:08:17 0 0 경기75자8579 4 71 227000039 277102842 30 
2021-01-04T00:09:16 0 0 경기75자8579 4 71 227000039 277102842 30 
2021-01-04T00:10:15 0 0 경기75자8579 4 71 227000039 277103353 31 
2021-01-04T00:11:14 0 0 경기75자8579 4 71 227000039 277103353 31 
2021-01-04T00:12:13 0 0 경기75자8579 4 71 227000039 277103349 32 
2021-01-04T00:13:13 0 0 경기75자8579 4 71 227000039 277103349 32 
2021-01-04T00:14:12 0 0 경기75자8579 4 71 227000039 277103349 32 
2021-01-04T00:15:11 0 0 경기75자8579 4 71 227000039 277103351 33 
2021-01-04T00:16:11 0 0 경기75자8579 4 71 227000039 277103351 33 
2021-01-04T00:17:10 0 0 경기75자8579 4 71 227000039 277103351 33 
2021-01-04T00:18:10 0 0 경기75자8579 4 71 227000039 277103351 33 
2021-01-04T00:19:10 0 0 경기75자8579 4 71 227000039 227000284 34 
2021-01-04T00:20:09 0 0 경기75자8579 4 71 227000039 227000284 34 
2021-01-04T00:21:08 0 0 경기75자8579 4 71 227000039 227000656 35 
2021-01-04T00:22:08 0 0 경기75자8579 4 71 227000039 227000484 36 
2021-01-04T00:23:07 0 0 경기75자8579 4 71 227000039 227000484 36 
2021-01-04T00:24:06 0 0 경기75자8579 4 71 227000039 227000281 38 
2021-01-04T00:25:06 0 0 경기75자8579 4 72 227000039 227000268 39 
2021-01-04T00:26:06 0 0 경기75자8579 4 72 227000039 227000679 40 
2021-01-04T00:27:06 0 0 경기75자8579 4 72 227000039 227000679 40 
2021-01-04T00:28:05 0 0 경기75자8579 4 72 227000039 227000679 40 
2021-01-04T00:29:05 0 0 경기75자8579 4 72 227000039 227000679 40 
2021-01-04T00:30:04 0 0 경기75자8579 4 72 227000039 227000256 42 
2021-01-04T00:31:04 0 0 경기75자8579 4 72 227000039 227000210 45 
2021-01-04T00:32:03 0 0 경기75자8579 4 72 227000039 227000210 45 
2021-01-04T00:33:02 0 0 경기75자8579 4 72 227000039 227000630 46 
2021-01-04T00:34:02 0 0 경기75자8579 4 72 227000039 227000206 48 
2021-01-04T00:35:01 0 0 경기75자8579 4 72 227000039 227000206 48 
2021-01-04T00:36:00 0 0 경기75자8579 4 72 227000039 227000311 49 
2021-01-04T00:37:00 0 0 경기75자8579 4 72 227000039 227000311 49 
2021-01-04T00:38:00 0 0 경기75자8579 4 72 227000039 227000665 51 
2021-01-04T00:38:59 0 0 경기75자8579 4 72 227000039 227000305 52 
2021-01-04T00:39:59 0 0 경기75자8579 4 72 227000039 227000306 54 
2021-01-04T00:41:08 0 0 경기75자8579 4 72 227000039 227000306 54 
2021-01-04T00:41:58 0 0 경기75자8579 4 72 227000039 227000334 55 
2021-01-04T00:42:57 0 0 경기75자8579 4 72 227000039 227000334 55 
2021-01-04T00:44:02 0 0 경기75자8579 4 72 227000039 227000260 56 
