234001204 2020-12-30T19:42:54.658877+09:00
2020-12-31T17:30:41 0 0 경기77바2290 3 44 234001204 234000604 1 
2020-12-31T17:31:41 0 0 경기77바2290 3 44 234001204 234000946 2 
2020-12-31T17:32:41 0 0 경기77바2290 3 44 234001204 234000946 2 
2020-12-31T17:33:41 0 0 경기77바2290 3 44 234001204 234000348 3 
2020-12-31T17:34:41 0 0 경기77바2290 3 44 234001204 234000347 4 
2020-12-31T17:35:40 0 0 경기77바2290 3 44 234001204 234000346 5 
2020-12-31T17:36:40 0 0 경기77바2290 3 44 234001204 234000345 6 
2020-12-31T17:37:39 0 0 경기77바2290 3 43 234001204 234000345 6 
2020-12-31T17:38:39 0 0 경기77바2290 3 43 234001204 234001068 7 
2020-12-31T17:39:39 0 0 경기77바2290 3 40 234001204 234000343 9 
2020-12-31T17:40:39 0 0 경기77바2290 3 40 234001204 234000343 9 
2020-12-31T17:41:37 0 0 경기77바2290 3 40 234001204 234000343 9 
2020-12-31T17:42:37 0 0 경기77바2290 3 40 234001204 234000673 10 
2020-12-31T17:43:36 0 0 경기77바2290 3 40 234001204 234000673 10 
2020-12-31T17:44:36 0 0 경기77바2290 3 39 234001204 234000943 11 
2020-12-31T17:45:36 0 0 경기77바2290 3 38 234001204 234000089 12 
2020-12-31T17:46:36 0 0 경기77바2290 3 38 234001204 234000089 12 
2020-12-31T17:47:36 0 0 경기77바2290 3 37 234001204 234000089 12 
2020-12-31T17:48:35 0 0 경기77바2290 3 37 234001204 234000089 12 
2020-12-31T17:49:35 0 0 경기77바2290 3 37 234001204 234000089 12 
2020-12-31T17:50:34 0 0 경기77바2262 3 45 234001204 234000604 1 
2020-12-31T17:50:34 0 0 경기77바2290 3 37 234001204 234000089 12 
2020-12-31T17:51:34 0 0 경기77바2262 3 45 234001204 234000946 2 
2020-12-31T17:51:34 0 0 경기77바2290 3 37 234001204 234000342 13 
2020-12-31T17:52:33 0 0 경기77바2262 3 43 234001204 234000348 3 
2020-12-31T17:52:33 0 0 경기77바2290 3 38 234001204 234000341 14 
2020-12-31T17:53:34 0 0 경기77바2262 3 43 234001204 234000347 4 
2020-12-31T17:53:34 0 0 경기77바2290 3 36 234001204 234000341 14 
2020-12-31T17:54:33 0 0 경기77바2262 3 42 234001204 234000347 4 
2020-12-31T17:54:33 0 0 경기77바2290 3 36 234001204 277103604 15 
2020-12-31T17:55:33 0 0 경기77바2262 3 40 234001204 234000346 5 
2020-12-31T17:55:33 0 0 경기77바2290 3 36 234001204 277103604 15 
2020-12-31T17:56:32 0 0 경기77바2262 3 40 234001204 234000345 6 
2020-12-31T17:56:32 0 0 경기77바2290 3 36 234001204 277103604 15 
2020-12-31T17:57:31 0 0 경기77바2262 3 40 234001204 234001068 7 
2020-12-31T17:57:31 0 0 경기77바2290 3 36 234001204 277103604 15 
2020-12-31T17:58:31 0 0 경기77바2262 3 40 234001204 234000343 9 
2020-12-31T17:58:31 0 0 경기77바2290 3 36 234001204 277103604 15 
2020-12-31T17:59:31 0 0 경기77바2262 3 40 234001204 234000943 11 
2020-12-31T17:59:31 0 0 경기77바2290 3 36 234001204 277103604 15 
2020-12-31T18:00:29 0 0 경기77바2262 3 43 234001204 234000089 12 
2020-12-31T18:00:29 0 0 경기77바2290 3 36 234001204 277103604 15 
2020-12-31T18:01:29 0 0 경기77바2262 3 43 234001204 234000089 12 
2020-12-31T18:01:29 0 0 경기77바2290 3 36 234001204 277103604 15 
2020-12-31T18:02:30 0 0 경기77바2262 3 43 234001204 234000089 12 
2020-12-31T18:02:30 0 0 경기77바2290 3 36 234001204 277103263 16 
2020-12-31T18:03:29 0 0 경기77바2262 3 43 234001204 234000089 12 
2020-12-31T18:03:29 0 0 경기77바2290 3 36 234001204 277103263 16 
2020-12-31T18:04:28 0 0 경기77바2262 3 43 234001204 234000089 12 
2020-12-31T18:04:28 0 0 경기77바2290 3 36 234001204 277103263 16 
2020-12-31T18:05:27 0 0 경기77바2262 3 43 234001204 234000089 12 
2020-12-31T18:05:27 0 0 경기77바2290 3 36 234001204 277103263 16 
2020-12-31T18:06:26 0 0 경기77바2262 3 42 234001204 234000342 13 
2020-12-31T18:06:26 0 0 경기77바2290 3 36 234001204 277102517 17 
2020-12-31T18:07:27 0 0 경기77바2262 3 41 234001204 234000341 14 
2020-12-31T18:07:27 0 0 경기77바2290 3 36 234001204 277102517 17 
2020-12-31T18:08:26 0 0 경기77바2262 3 41 234001204 277103604 15 
2020-12-31T18:08:26 0 0 경기77바2290 3 36 234001204 277102517 17 
2020-12-31T18:09:27 0 0 경기77바2262 3 41 234001204 277103604 15 
2020-12-31T18:09:27 0 0 경기77바2290 3 36 234001204 277102517 17 
2020-12-31T18:10:25 0 0 경기77바2262 3 41 234001204 277103604 15 
2020-12-31T18:10:25 0 0 경기77바2290 3 36 234001204 277102517 17 
2020-12-31T18:11:25 0 0 경기77바2262 3 41 234001204 277103604 15 
2020-12-31T18:11:25 0 0 경기77바2290 3 36 234001204 277102517 17 
2020-12-31T18:12:25 0 0 경기77바2262 3 41 234001204 277103604 15 
2020-12-31T18:12:25 0 0 경기77바2290 3 36 234001204 277102517 17 
2020-12-31T18:13:24 0 0 경기77바2262 3 41 234001204 277103604 15 
2020-12-31T18:13:24 0 0 경기77바2290 3 36 234001204 277102818 18 
2020-12-31T18:14:24 0 0 경기77바2262 3 41 234001204 277103604 15 
2020-12-31T18:14:24 0 0 경기77바2290 3 36 234001204 277102818 18 
2020-12-31T18:15:24 0 0 경기77바2262 3 41 234001204 277103604 15 
2020-12-31T18:15:24 0 0 경기77바2290 3 36 234001204 277102818 18 
2020-12-31T18:16:23 0 0 경기77바2262 3 41 234001204 277103263 16 
2020-12-31T18:16:23 0 0 경기77바2290 3 36 234001204 277102818 18 
2020-12-31T18:17:23 0 0 경기77바2262 3 41 234001204 277103263 16 
2020-12-31T18:17:23 0 0 경기77바2290 3 36 234001204 277102818 18 
2020-12-31T18:18:23 0 0 경기77바2262 3 41 234001204 277103263 16 
2020-12-31T18:18:23 0 0 경기77바2290 3 36 234001204 277102818 18 
2020-12-31T18:19:22 0 0 경기77바2262 3 41 234001204 277102517 17 
2020-12-31T18:19:22 0 0 경기77바2290 3 36 234001204 277102818 18 
2020-12-31T18:20:22 0 0 경기77바2262 3 41 234001204 277102517 17 
2020-12-31T18:20:22 0 0 경기77바2290 3 36 234001204 277102818 18 
2020-12-31T18:21:22 0 0 경기77바2262 3 41 234001204 277102517 17 
2020-12-31T18:21:22 0 0 경기77바2290 3 36 234001204 277102818 18 
2020-12-31T18:22:21 0 0 경기77바2262 3 41 234001204 277102517 17 
2020-12-31T18:22:21 0 0 경기77바2290 3 36 234001204 277102818 18 
2020-12-31T18:23:21 0 0 경기77바2262 3 41 234001204 277102517 17 
2020-12-31T18:23:21 0 0 경기77바2290 3 36 234001204 277102818 18 
2020-12-31T18:23:21 0 0 경기77바2215 3 39 234001204 234000946 2 
2020-12-31T18:24:21 0 0 경기77바2262 3 41 234001204 277102517 17 
2020-12-31T18:24:21 0 0 경기77바2290 3 36 234001204 277102818 18 
2020-12-31T18:24:21 0 0 경기77바2215 3 39 234001204 234000946 2 
2020-12-31T18:25:21 0 0 경기77바2262 3 41 234001204 277102517 17 
2020-12-31T18:25:21 0 0 경기77바2290 3 36 234001204 277102818 18 
2020-12-31T18:25:21 0 0 경기77바2215 3 39 234001204 234000348 3 
2020-12-31T18:26:20 0 0 경기77바2262 3 41 234001204 277102517 17 
2020-12-31T18:26:20 0 0 경기77바2290 3 36 234001204 277102818 18 
2020-12-31T18:26:20 0 0 경기77바2215 3 38 234001204 234000347 4 
2020-12-31T18:27:20 0 0 경기77바2262 3 41 234001204 277102517 17 
2020-12-31T18:27:20 0 0 경기77바2290 3 36 234001204 277102818 18 
2020-12-31T18:27:20 0 0 경기77바2215 3 38 234001204 234000346 5 
2020-12-31T18:28:20 0 0 경기77바2262 3 41 234001204 277102517 17 
2020-12-31T18:28:20 0 0 경기77바2290 3 36 234001204 277102818 18 
2020-12-31T18:28:20 0 0 경기77바2215 3 37 234001204 234000345 6 
2020-12-31T18:29:20 0 0 경기77바2262 3 41 234001204 277102818 18 
2020-12-31T18:29:20 0 0 경기77바2290 3 36 234001204 277102818 18 
2020-12-31T18:29:20 0 0 경기77바2215 3 37 234001204 234000345 6 
2020-12-31T18:30:18 0 0 경기77바2262 3 41 234001204 277102818 18 
2020-12-31T18:30:18 0 0 경기77바2290 3 36 234001204 277102818 18 
2020-12-31T18:30:18 0 0 경기77바2215 3 37 234001204 234000344 8 
2020-12-31T18:31:18 0 0 경기77바2262 3 41 234001204 277102818 18 
2020-12-31T18:31:18 0 0 경기77바2290 3 36 234001204 277102818 18 
2020-12-31T18:31:18 0 0 경기77바2215 3 37 234001204 234000344 8 
2020-12-31T18:32:18 0 0 경기77바2262 3 41 234001204 277102818 18 
2020-12-31T18:32:18 0 0 경기77바2290 3 36 234001204 277102818 18 
2020-12-31T18:32:18 0 0 경기77바2215 3 36 234001204 234000343 9 
2020-12-31T18:33:17 0 0 경기77바2262 3 41 234001204 277102818 18 
2020-12-31T18:33:17 0 0 경기77바2215 3 36 234001204 234000343 9 
2020-12-31T18:33:17 0 0 경기77바2290 3 36 234001204 277102818 18 
2020-12-31T18:34:17 0 0 경기77바2262 3 41 234001204 277102818 18 
2020-12-31T18:34:17 0 0 경기77바2290 3 36 234001204 277102818 18 
2020-12-31T18:34:17 0 0 경기77바2215 3 36 234001204 234000673 10 
2020-12-31T18:35:17 0 0 경기77바2262 3 41 234001204 277102818 18 
2020-12-31T18:35:17 0 0 경기77바2290 3 36 234001204 277102818 18 
2020-12-31T18:35:17 0 0 경기77바2215 3 37 234001204 234000673 10 
2020-12-31T18:36:17 0 0 경기77바2262 3 41 234001204 277102818 18 
2020-12-31T18:36:17 0 0 경기77바2215 3 37 234001204 234000943 11 
2020-12-31T18:36:17 0 0 경기77바2290 3 36 234001204 277102518 19 
2020-12-31T18:37:16 0 0 경기77바2262 3 41 234001204 277102818 18 
2020-12-31T18:37:16 0 0 경기77바2290 3 36 234001204 277102518 19 
2020-12-31T18:37:16 0 0 경기77바2215 3 33 234001204 234000089 12 
2020-12-31T18:38:16 0 0 경기77바2262 3 41 234001204 277102818 18 
2020-12-31T18:38:16 0 0 경기77바2290 3 36 234001204 277102518 19 
2020-12-31T18:38:16 0 0 경기77바2215 3 33 234001204 234000089 12 
2020-12-31T18:39:16 0 0 경기77바2262 3 41 234001204 277102818 18 
2020-12-31T18:39:16 0 0 경기77바2290 3 36 234001204 277102518 19 
2020-12-31T18:39:16 0 0 경기77바2215 3 33 234001204 234000089 12 
2020-12-31T18:40:15 0 0 경기77바2262 3 41 234001204 277102818 18 
2020-12-31T18:40:15 0 0 경기77바2215 3 33 234001204 234000089 12 
2020-12-31T18:40:15 0 0 경기77바2290 3 36 234001204 277102518 19 
2020-12-31T18:41:15 0 0 경기77바2262 3 41 234001204 277102818 18 
2020-12-31T18:41:15 0 0 경기77바2290 3 36 234001204 277102518 19 
2020-12-31T18:41:15 0 0 경기77바2215 3 33 234001204 234000342 13 
2020-12-31T18:42:14 0 0 경기77바2262 3 41 234001204 277102818 18 
2020-12-31T18:42:14 0 0 경기77바2290 3 36 234001204 277102518 19 
2020-12-31T18:42:14 0 0 경기77바2215 3 33 234001204 234000341 14 
2020-12-31T18:43:14 0 0 경기77바2262 3 41 234001204 277102818 18 
2020-12-31T18:43:14 0 0 경기77바2290 3 36 234001204 277102518 19 
2020-12-31T18:43:14 0 0 경기77바2215 3 33 234001204 277103604 15 
2020-12-31T18:44:14 0 0 경기77바2262 3 41 234001204 277102818 18 
2020-12-31T18:44:14 0 0 경기77바2215 3 33 234001204 277103604 15 
2020-12-31T18:44:14 0 0 경기77바2290 3 36 234001204 277102518 19 
2020-12-31T18:45:14 0 0 경기77바2262 3 41 234001204 277102518 19 
2020-12-31T18:45:14 0 0 경기77바2215 3 33 234001204 277103604 15 
2020-12-31T18:45:14 0 0 경기77바2290 3 36 234001204 277102518 19 
2020-12-31T18:46:14 0 0 경기77바2262 3 41 234001204 277102518 19 
2020-12-31T18:46:14 0 0 경기77바2215 3 33 234001204 277103604 15 
2020-12-31T18:46:14 0 0 경기77바2290 3 36 234001204 277102518 19 
2020-12-31T18:47:14 0 0 경기77바2262 3 41 234001204 277102518 19 
2020-12-31T18:47:14 0 0 경기77바2215 3 33 234001204 277103604 15 
2020-12-31T18:47:14 0 0 경기77바2290 3 38 234001204 124000348 20 
2020-12-31T18:48:14 0 0 경기77바2262 3 41 234001204 277102518 19 
2020-12-31T18:48:14 0 0 경기77바2215 3 33 234001204 277103604 15 
2020-12-31T18:48:14 0 0 경기77바2290 3 40 234001204 124000348 20 
2020-12-31T18:49:14 0 0 경기77바2262 3 41 234001204 277102518 19 
2020-12-31T18:49:14 0 0 경기77바2215 3 33 234001204 277103604 15 
2020-12-31T18:49:14 0 0 경기77바2290 3 40 234001204 124000348 20 
2020-12-31T18:50:12 0 0 경기77바2262 3 41 234001204 277102518 19 
2020-12-31T18:50:12 0 0 경기77바2215 3 33 234001204 277103604 15 
2020-12-31T18:50:12 0 0 경기77바2290 3 40 234001204 124000369 21 
2020-12-31T18:51:12 0 0 경기77바2262 3 41 234001204 277102518 19 
2020-12-31T18:51:12 0 0 경기77바2215 3 33 234001204 277103604 15 
2020-12-31T18:51:12 0 0 경기77바2290 3 40 234001204 124000369 21 
2020-12-31T18:52:12 0 0 경기77바2262 3 42 234001204 277102518 19 
2020-12-31T18:52:12 0 0 경기77바2215 3 33 234001204 277103604 15 
2020-12-31T18:52:12 0 0 경기77바2290 3 40 234001204 124000360 22 
2020-12-31T18:53:12 0 0 경기77바2262 3 42 234001204 277102518 19 
2020-12-31T18:53:12 0 0 경기77바2290 3 41 234001204 124000359 23 
2020-12-31T18:53:12 0 0 경기77바2215 3 33 234001204 277103263 16 
2020-12-31T18:54:12 0 0 경기77바2262 3 42 234001204 124000348 20 
2020-12-31T18:54:12 0 0 경기77바2215 3 33 234001204 277103263 16 
2020-12-31T18:54:12 0 0 경기77바2290 3 41 234001204 124000359 23 
2020-12-31T18:55:11 0 0 경기77바2262 3 42 234001204 124000348 20 
2020-12-31T18:55:11 0 0 경기77바2215 3 33 234001204 277103263 16 
2020-12-31T18:55:11 0 0 경기77바2290 3 41 234001204 124000359 23 
2020-12-31T18:56:10 0 0 경기77바2262 3 42 234001204 124000348 20 
2020-12-31T18:56:10 0 0 경기77바2290 3 41 234001204 124000358 24 
2020-12-31T18:56:10 0 0 경기77바2215 3 33 234001204 277102517 17 
2020-12-31T18:57:10 0 0 경기77바2262 3 42 234001204 124000369 21 
2020-12-31T18:57:10 0 0 경기77바2290 3 41 234001204 124000358 24 
2020-12-31T18:57:10 0 0 경기77바2215 3 33 234001204 277102517 17 
2020-12-31T18:58:09 0 0 경기77바2262 3 42 234001204 124000369 21 
2020-12-31T18:58:09 0 0 경기77바2215 3 33 234001204 277102517 17 
2020-12-31T18:58:09 0 0 경기77바2290 3 42 234001204 124000358 24 
2020-12-31T18:59:09 0 0 경기77바2262 3 42 234001204 124000360 22 
2020-12-31T18:59:09 0 0 경기77바2215 3 33 234001204 277102517 17 
2020-12-31T18:59:09 0 0 경기77바2290 3 43 234001204 124000453 26 
2020-12-31T19:00:09 0 0 경기77바2262 3 43 234001204 124000359 23 
2020-12-31T19:00:09 0 0 경기77바2290 3 43 234001204 124000453 26 
2020-12-31T19:00:09 0 0 경기77바2215 3 33 234001204 277102818 18 
2020-12-31T19:01:08 0 0 경기77바2262 3 44 234001204 124000359 23 
2020-12-31T19:01:08 0 0 경기77바2215 3 33 234001204 277102818 18 
2020-12-31T19:01:08 0 0 경기77바2290 3 44 234001204 124000453 26 
2020-12-31T19:02:08 0 0 경기77바2262 3 44 234001204 124000358 24 
2020-12-31T19:02:08 0 0 경기77바2215 3 33 234001204 277102818 18 
2020-12-31T19:02:08 0 0 경기77바2290 3 44 234001204 124000453 26 
2020-12-31T19:03:08 0 0 경기77바2262 3 44 234001204 124000358 24 
2020-12-31T19:03:08 0 0 경기77바2215 3 33 234001204 277102818 18 
2020-12-31T19:03:08 0 0 경기77바2290 3 44 234001204 124000453 26 
2020-12-31T19:04:08 0 0 경기77바2262 3 44 234001204 124000357 25 
2020-12-31T19:04:08 0 0 경기77바2215 3 33 234001204 277102818 18 
2020-12-31T19:04:08 0 0 경기77바2290 3 44 234001204 124000453 26 
2020-12-31T19:05:08 0 0 경기77바2262 3 44 234001204 124000453 26 
2020-12-31T19:05:08 0 0 경기77바2215 3 33 234001204 277102818 18 
2020-12-31T19:05:08 0 0 경기77바2290 3 44 234001204 104000269 27 
2020-12-31T19:06:06 0 0 경기77바2262 3 44 234001204 124000453 26 
2020-12-31T19:06:06 0 0 경기77바2215 3 33 234001204 277102818 18 
2020-12-31T19:06:06 0 0 경기77바2290 3 44 234001204 104000269 27 
2020-12-31T19:07:07 0 0 경기77바2262 3 44 234001204 124000453 26 
2020-12-31T19:07:07 0 0 경기77바2290 3 44 234001204 104000269 27 
2020-12-31T19:07:07 0 0 경기77바2215 3 33 234001204 277102818 18 
2020-12-31T19:08:05 0 0 경기77바2262 3 44 234001204 124000453 26 
2020-12-31T19:08:05 0 0 경기77바2290 3 44 234001204 104000269 27 
2020-12-31T19:08:05 0 0 경기77바2215 3 33 234001204 277102818 18 
2020-12-31T19:09:05 0 0 경기77바2262 3 44 234001204 124000453 26 
2020-12-31T19:09:05 0 0 경기77바2290 3 44 234001204 104000269 27 
2020-12-31T19:09:05 0 0 경기77바2215 3 33 234001204 277102818 18 
2020-12-31T19:10:05 0 0 경기77바2262 3 44 234001204 124000453 26 
2020-12-31T19:10:05 0 0 경기77바2215 3 33 234001204 277102818 18 
2020-12-31T19:10:05 0 0 경기77바2290 3 44 234001204 104000269 27 
2020-12-31T19:11:05 0 0 경기77바2262 3 44 234001204 104000269 27 
2020-12-31T19:11:05 0 0 경기77바2215 3 33 234001204 277102818 18 
2020-12-31T19:11:05 0 0 경기77바2290 3 44 234001204 104000269 27 
2020-12-31T19:12:05 0 0 경기77바2262 3 44 234001204 104000269 27 
2020-12-31T19:12:05 0 0 경기77바2215 3 33 234001204 277102818 18 
2020-12-31T19:12:05 0 0 경기77바2290 3 44 234001204 277103309 49 
2020-12-31T19:13:05 0 0 경기77바2262 3 44 234001204 104000269 27 
2020-12-31T19:13:05 0 0 경기77바2215 3 33 234001204 277102518 19 
2020-12-31T19:14:05 0 0 경기77바2262 3 44 234001204 104000269 27 
2020-12-31T19:14:05 0 0 경기77바2215 3 33 234001204 277102518 19 
2020-12-31T19:15:04 0 0 경기77바2262 3 44 234001204 104000269 27 
2020-12-31T19:15:04 0 0 경기77바2215 3 33 234001204 277102518 19 
2020-12-31T19:16:03 0 0 경기77바2262 3 44 234001204 104000269 27 
2020-12-31T19:16:03 0 0 경기77바2215 3 33 234001204 277102518 19 
2020-12-31T19:17:03 0 0 경기77바2215 3 33 234001204 277102518 19 
2020-12-31T19:18:02 0 0 경기77바2215 3 33 234001204 277102518 19 
2020-12-31T19:19:02 0 0 경기77바2215 3 33 234001204 277102518 19 
2020-12-31T19:20:02 0 0 경기77바2215 3 33 234001204 277102518 19 
2020-12-31T19:21:02 0 0 경기77바2215 3 33 234001204 277102518 19 
2020-12-31T19:22:02 0 0 경기77바2215 3 33 234001204 124000348 20 
2020-12-31T19:23:01 0 0 경기77바2215 3 33 234001204 124000348 20 
2020-12-31T19:24:01 0 0 경기77바2215 3 33 234001204 124000348 20 
2020-12-31T19:25:01 0 0 경기77바2215 3 35 234001204 124000369 21 
2020-12-31T19:26:01 0 0 경기77바2215 3 35 234001204 124000369 21 
2020-12-31T19:27:01 0 0 경기77바2215 3 35 234001204 124000360 22 
2020-12-31T19:28:01 0 0 경기77바2215 3 35 234001204 124000359 23 
2020-12-31T19:29:00 0 0 경기77바2215 3 35 234001204 124000359 23 
2020-12-31T19:30:00 0 0 경기77바2215 3 35 234001204 124000358 24 
2020-12-31T19:30:58 0 0 경기77바2215 3 35 234001204 124000358 24 
2020-12-31T19:31:58 0 0 경기77바2215 3 35 234001204 124000358 24 
2020-12-31T19:32:58 0 0 경기77바2215 3 36 234001204 124000357 25 
2020-12-31T19:33:58 0 0 경기77바2215 3 37 234001204 124000453 26 
2020-12-31T19:34:58 0 0 경기77바2215 3 37 234001204 124000453 26 
2020-12-31T19:35:56 0 0 경기77바2215 3 37 234001204 124000453 26 
2020-12-31T19:36:56 0 0 경기77바2215 3 37 234001204 124000453 26 
2020-12-31T19:37:56 0 0 경기77바2215 3 37 234001204 124000453 26 
2020-12-31T19:38:56 0 0 경기77바2215 3 37 234001204 104000269 27 
2020-12-31T19:39:56 0 0 경기77바2215 3 37 234001204 104000269 27 
2020-12-31T19:40:56 0 0 경기77바2215 3 37 234001204 104000269 27 
2020-12-31T19:41:54 0 0 경기77바2215 3 37 234001204 104000269 27 
2020-12-31T19:42:54 0 0 경기77바2215 3 37 234001204 104000269 27 
2020-12-31T19:43:54 0 0 경기77바2215 3 37 234001204 104000269 27 
2020-12-31T19:44:54 0 0 경기77바2215 3 37 234001204 104000269 27 
