204000059 2020-12-30T22:27:49.743309+09:00
2020-12-31T04:47:33 0 0 경기70아1593 3 39 204000059 206000009 2 
2020-12-31T04:48:32 0 0 경기70아1593 3 38 204000059 206000658 3 
2020-12-31T04:49:31 0 0 경기70아1593 3 38 204000059 206000658 3 
2020-12-31T04:50:31 2 0 경기70아1593 3 38 204000059 206000558 4 
2020-12-31T04:51:32 2 0 경기70아1593 3 38 204000059 206000006 6 
2020-12-31T04:52:30 2 0 경기70아1593 3 38 204000059 206000005 7 
2020-12-31T04:53:29 2 0 경기70아1593 3 38 204000059 206000003 10 
2020-12-31T04:54:28 2 0 경기70아1593 3 38 204000059 206000002 11 
2020-12-31T04:55:28 2 0 경기70아1593 3 38 204000059 206000002 11 
2020-12-31T04:56:27 2 0 경기70아1593 3 38 204000059 206000534 12 
2020-12-31T04:57:26 2 0 경기70아1593 3 38 204000059 206000535 13 
2020-12-31T04:58:26 2 0 경기70아1593 3 38 204000059 206000535 13 
2020-12-31T04:59:26 2 0 경기70아1593 3 38 204000059 206000535 13 
2020-12-31T05:00:26 2 0 경기70아1593 3 38 204000059 206000617 14 
2020-12-31T05:01:25 2 0 경기70아1593 3 38 204000059 206000617 14 
2020-12-31T05:02:25 2 0 경기70아1593 3 38 204000059 206000615 15 
2020-12-31T05:03:24 2 0 경기70아1593 3 37 204000059 204000208 16 
2020-12-31T05:04:23 2 0 경기70아1593 3 37 204000059 206000309 18 
2020-12-31T05:05:23 2 0 경기70아1593 3 37 204000059 206000277 19 
2020-12-31T05:06:23 2 0 경기70아1593 3 38 204000059 206000277 19 
2020-12-31T05:07:22 2 0 경기70아1593 3 39 204000059 206000784 21 
2020-12-31T05:08:23 2 0 경기70아1593 3 37 204000059 206000784 21 
2020-12-31T05:09:22 2 0 경기70아1593 3 37 204000059 206000784 21 
2020-12-31T05:10:22 2 0 경기70아1593 3 37 204000059 205000029 22 
2020-12-31T05:11:21 2 0 경기70아1593 3 37 204000059 205000029 22 
2020-12-31T05:12:21 2 0 경기70아1593 3 36 204000059 205000069 23 
2020-12-31T05:13:20 2 0 경기70아1593 3 36 204000059 205000069 23 
2020-12-31T05:14:20 2 0 경기70아1593 3 36 204000059 205000069 23 
2020-12-31T05:15:19 2 0 경기70아1593 3 36 204000059 277102622 24 
2020-12-31T05:16:19 2 0 경기70아1593 3 36 204000059 277102622 24 
2020-12-31T05:17:18 2 0 경기70아1593 3 36 204000059 277102622 24 
2020-12-31T05:18:18 2 0 경기70아1593 3 36 204000059 277103419 25 
2020-12-31T05:19:17 2 0 경기70아1593 3 36 204000059 277103419 25 
2020-12-31T05:20:17 2 0 경기70아1593 3 36 204000059 277103419 25 
2020-12-31T05:21:17 2 0 경기70아1593 3 36 204000059 277103421 26 
2020-12-31T05:22:16 2 0 경기70아1593 3 37 204000059 122000287 27 
2020-12-31T05:23:16 2 0 경기70아1593 3 37 204000059 122000288 28 
2020-12-31T05:24:15 2 0 경기70아1593 3 37 204000059 122000258 29 
2020-12-31T05:25:15 2 0 경기70아1593 3 37 204000059 122000258 29 
2020-12-31T05:26:15 2 0 경기70아1593 3 37 204000059 122000258 29 
2020-12-31T05:27:15 2 0 경기70아1593 3 39 204000059 122000291 30 
2020-12-31T05:28:14 2 0 경기70아1593 3 39 204000059 122000137 31 
2020-12-31T05:29:14 2 0 경기70아1593 3 39 204000059 122000386 33 
2020-12-31T05:30:13 2 0 경기70아1593 3 39 204000059 122000386 33 
2020-12-31T05:31:13 2 0 경기70아1593 3 39 204000059 122000386 33 
2020-12-31T05:32:12 0 0 경기70아1593 3 39 204000059 122000094 35 
2020-12-31T05:33:12 0 0 경기70아1593 3 39 204000059 122000094 35 
2020-12-31T05:34:12 0 0 경기70아1593 3 39 204000059 122000089 36 
2020-12-31T05:35:11 0 0 경기70아1593 3 39 204000059 122000066 39 
2020-12-31T05:36:11 0 0 경기70아1593 3 39 204000059 122000064 40 
2020-12-31T05:37:10 0 0 경기70아1593 3 39 204000059 122000064 40 
2020-12-31T05:38:10 0 0 경기70아1593 3 39 204000059 122000559 41 
2020-12-31T05:39:10 0 0 경기70아1593 3 39 204000059 122000078 42 
2020-12-31T05:40:09 0 0 경기70아1593 3 39 204000059 122000078 42 
2020-12-31T05:41:09 0 0 경기70아1593 3 39 204000059 122000079 43 
2020-12-31T05:42:08 0 0 경기70아1593 3 39 204000059 122000065 44 
2020-12-31T05:43:08 0 0 경기70아1593 3 39 204000059 122000637 45 
2020-12-31T05:44:07 0 0 경기70아1593 3 39 204000059 122000068 46 
2020-12-31T05:45:07 0 0 경기70아1593 3 39 204000059 122000068 46 
2020-12-31T05:46:07 0 0 경기70아1593 3 39 204000059 122000086 47 
2020-12-31T05:47:06 0 0 경기70아1593 3 39 204000059 122000096 49 
2020-12-31T05:48:05 0 0 경기70아1593 3 39 204000059 122000096 49 
2020-12-31T05:49:05 0 0 경기70아1593 3 39 204000059 122000096 49 
2020-12-31T05:50:05 0 0 경기70아1593 3 39 204000059 122000142 51 
2020-12-31T05:51:05 0 0 경기70아1593 3 39 204000059 122000142 51 
2020-12-31T05:52:04 0 0 경기70아1593 3 39 204000059 122000133 52 
2020-12-31T05:53:04 0 0 경기70아1593 3 39 204000059 122000133 52 
2020-12-31T05:54:04 0 0 경기70아1593 3 39 204000059 122000256 53 
2020-12-31T05:55:04 0 0 경기70아1593 3 39 204000059 122000257 54 
2020-12-31T05:56:04 0 0 경기70아1593 3 39 204000059 122000257 54 
2020-12-31T05:57:03 0 0 경기70아1593 3 39 204000059 122000257 54 
2020-12-31T05:58:03 0 0 경기70아1593 3 39 204000059 122000257 54 
2020-12-31T05:59:02 0 0 경기70아1593 3 39 204000059 122000257 54 
2020-12-31T06:00:02 0 0 경기70아1593 3 39 204000059 122000285 56 
2020-12-31T06:01:02 0 0 경기70아1593 3 39 204000059 122000285 56 
2020-12-31T06:02:02 0 0 경기70아1593 3 39 204000059 277103420 57 
2020-12-31T06:03:01 0 0 경기70아1593 3 39 204000059 277103420 57 
2020-12-31T06:04:01 0 0 경기70아1593 3 39 204000059 277103420 57 
2020-12-31T06:05:01 0 0 경기70아1593 3 39 204000059 277103418 58 
2020-12-31T06:06:00 0 0 경기70아1593 3 39 204000059 277103418 58 
2020-12-31T06:07:00 0 0 경기70아1593 3 39 204000059 277103418 58 
2020-12-31T06:08:00 0 0 경기70아1593 3 39 204000059 277103418 58 
2020-12-31T06:09:00 0 0 경기70아1593 3 39 204000059 277103418 58 
2020-12-31T06:10:00 0 0 경기70아1593 3 39 204000059 277103418 58 
2020-12-31T06:10:59 0 0 경기70아1593 3 39 204000059 277103418 58 
2020-12-31T06:11:59 0 0 경기70아1593 3 39 204000059 205000207 59 
2020-12-31T06:12:58 0 0 경기70아1593 3 39 204000059 205000207 59 
2020-12-31T06:13:57 0 0 경기70아1593 3 39 204000059 205000207 59 
2020-12-31T06:14:57 0 0 경기70아1593 3 39 204000059 205000207 59 
2020-12-31T06:15:57 0 0 경기70아1593 3 39 204000059 206000361 61 
2020-12-31T06:16:57 0 0 경기70아1593 3 39 204000059 206000157 62 
2020-12-31T06:17:56 0 0 경기70아1593 3 39 204000059 206000157 62 
2020-12-31T06:18:55 0 0 경기70아1593 3 39 204000059 206000157 62 
2020-12-31T06:19:55 0 0 경기70아1593 3 39 204000059 206000298 64 
2020-12-31T06:20:55 0 0 경기70아1593 3 39 204000059 206000298 64 
2020-12-31T06:21:54 0 0 경기70아1593 3 39 204000059 206000298 64 
2020-12-31T06:22:53 0 0 경기70아1593 3 39 204000059 204000203 66 
2020-12-31T06:23:53 0 0 경기70아1593 3 39 204000059 204000207 67 
2020-12-31T06:24:53 0 0 경기70아1593 3 39 204000059 204000207 67 
2020-12-31T06:25:53 0 0 경기70아1593 3 39 204000059 206000614 68 
2020-12-31T06:26:52 0 0 경기70아1593 3 39 204000059 206000616 69 
2020-12-31T06:27:52 0 0 경기70아1593 3 39 204000059 206000532 71 
2020-12-31T06:28:51 0 0 경기70아1593 3 39 204000059 206000532 71 
2020-12-31T06:29:50 0 0 경기70아1593 3 39 204000059 206000532 71 
2020-12-31T06:30:50 0 0 경기70아1593 3 39 204000059 206000533 72 
2020-12-31T06:31:49 0 0 경기70아1593 3 39 204000059 206000018 73 
2020-12-31T06:32:49 0 0 경기70아1593 3 39 204000059 206000018 73 
2020-12-31T06:33:49 0 0 경기70아1593 3 39 204000059 206000016 76 
2020-12-31T06:34:48 0 0 경기70아1593 3 39 204000059 206000556 77 
2020-12-31T06:35:48 0 0 경기70아1593 3 39 204000059 206000556 77 
2020-12-31T06:36:48 0 0 경기70아1593 3 39 204000059 206000556 77 
2020-12-31T06:37:47 0 0 경기70아1593 3 39 204000059 206000014 79 
2020-12-31T06:38:47 0 0 경기70아1593 3 39 204000059 206000557 80 
2020-12-31T06:39:47 0 0 경기70아1593 3 39 204000059 206000012 82 
2020-12-31T07:28:22 0 0 경기70아1593 3 39 204000059 206000009 2 
2020-12-31T07:29:22 0 0 경기70아1593 3 39 204000059 206000658 3 
2020-12-31T07:30:21 0 0 경기70아1593 3 39 204000059 206000558 4 
2020-12-31T07:31:20 0 0 경기70아1593 3 39 204000059 206000007 5 
2020-12-31T07:32:20 0 0 경기70아1593 3 39 204000059 206000006 6 
2020-12-31T07:33:19 0 0 경기70아1593 3 39 204000059 206000005 7 
2020-12-31T07:34:19 0 0 경기70아1593 3 39 204000059 206000005 7 
2020-12-31T07:35:19 0 0 경기70아1593 3 39 204000059 206000004 8 
2020-12-31T07:36:19 0 0 경기70아1593 3 39 204000059 206000003 10 
2020-12-31T07:37:19 0 0 경기70아1593 3 39 204000059 206000002 11 
2020-12-31T07:38:18 0 0 경기70아1593 3 39 204000059 206000002 11 
2020-12-31T07:39:18 0 0 경기70아1593 3 39 204000059 206000534 12 
2020-12-31T07:40:18 0 0 경기70아1593 3 39 204000059 206000535 13 
2020-12-31T07:41:18 0 0 경기70아1593 3 39 204000059 206000535 13 
2020-12-31T07:42:17 0 0 경기70아1593 3 39 204000059 206000535 13 
2020-12-31T07:43:17 0 0 경기70아1593 3 39 204000059 206000617 14 
2020-12-31T07:44:16 0 0 경기70아1593 3 39 204000059 206000617 14 
2020-12-31T07:45:15 0 0 경기70아1593 3 39 204000059 206000617 14 
2020-12-31T07:46:14 0 0 경기70아1593 3 39 204000059 204000208 16 
2020-12-31T07:47:13 0 0 경기70아1593 3 39 204000059 204000208 16 
2020-12-31T07:48:13 0 0 경기70아1593 3 39 204000059 206000309 18 
2020-12-31T07:49:12 0 0 경기70아1593 3 39 204000059 206000277 19 
2020-12-31T07:50:11 0 0 경기70아1593 3 37 204000059 206000441 20 
2020-12-31T07:51:10 0 0 경기70아1593 3 37 204000059 206000441 20 
2020-12-31T07:52:09 0 0 경기70아1593 3 37 204000059 206000784 21 
2020-12-31T07:53:08 0 0 경기70아1593 3 36 204000059 205000029 22 
2020-12-31T07:54:08 0 0 경기70아1593 3 36 204000059 205000029 22 
2020-12-31T07:55:07 0 0 경기70아1593 3 36 204000059 205000029 22 
2020-12-31T07:56:06 0 0 경기70아1593 3 36 204000059 205000029 22 
2020-12-31T07:57:06 0 0 경기70아1593 3 36 204000059 205000029 22 
2020-12-31T07:58:06 0 0 경기70아1593 3 36 204000059 205000069 23 
2020-12-31T07:59:05 0 0 경기70아1593 3 35 204000059 205000069 23 
2020-12-31T08:00:04 0 0 경기70아1593 3 35 204000059 277102622 24 
2020-12-31T08:01:04 0 0 경기70아1593 3 35 204000059 277102622 24 
2020-12-31T08:02:03 0 0 경기70아1593 3 35 204000059 277102622 24 
2020-12-31T08:03:02 0 0 경기70아1593 3 35 204000059 277102622 24 
2020-12-31T08:04:02 0 0 경기70아1593 3 35 204000059 277102622 24 
2020-12-31T08:05:01 0 0 경기70아1593 3 35 204000059 277102622 24 
2020-12-31T08:06:01 0 0 경기70아1593 3 35 204000059 277103419 25 
2020-12-31T08:07:00 0 0 경기70아1593 3 35 204000059 277103419 25 
2020-12-31T08:08:00 0 0 경기70아1593 3 35 204000059 277103419 25 
2020-12-31T08:08:59 0 0 경기70아1593 3 35 204000059 277103419 25 
2020-12-31T08:09:59 0 0 경기70아1593 3 35 204000059 277103421 26 
2020-12-31T08:10:58 0 0 경기70아1593 3 35 204000059 277103421 26 
2020-12-31T08:11:57 0 0 경기70아1593 3 35 204000059 122000287 27 
2020-12-31T08:12:57 0 0 경기70아1593 3 35 204000059 122000288 28 
2020-12-31T08:13:56 0 0 경기70아1593 3 35 204000059 122000288 28 
2020-12-31T08:14:56 0 0 경기70아1593 3 35 204000059 122000258 29 
2020-12-31T08:15:55 0 0 경기70아1593 3 35 204000059 122000258 29 
2020-12-31T08:16:54 0 0 경기70아1593 3 35 204000059 122000291 30 
2020-12-31T08:17:54 0 0 경기70아1593 3 35 204000059 122000291 30 
2020-12-31T08:18:53 0 0 경기70아1593 3 35 204000059 122000137 31 
2020-12-31T08:19:53 0 0 경기70아1593 3 35 204000059 122000137 31 
2020-12-31T08:20:52 0 0 경기70아1593 3 36 204000059 122000386 33 
2020-12-31T08:21:51 0 0 경기70아1593 3 36 204000059 122000386 33 
2020-12-31T08:22:51 0 0 경기70아1593 3 37 204000059 122000139 34 
2020-12-31T08:23:51 0 0 경기70아1593 3 38 204000059 122000094 35 
2020-12-31T08:24:50 0 0 경기70아1593 3 38 204000059 122000094 35 
2020-12-31T08:25:49 0 0 경기70아1593 3 38 204000059 122000089 36 
2020-12-31T08:26:48 0 0 경기70아1593 3 38 204000059 122000069 38 
2020-12-31T08:27:47 0 0 경기70아1593 3 38 204000059 122000066 39 
2020-12-31T08:28:46 0 0 경기70아1593 3 38 204000059 122000066 39 
2020-12-31T08:29:47 0 0 경기70아1593 3 38 204000059 122000066 39 
2020-12-31T08:30:46 0 0 경기70아1593 3 38 204000059 122000066 39 
2020-12-31T08:31:45 0 0 경기70아1593 3 38 204000059 122000064 40 
2020-12-31T08:32:45 0 0 경기70아1593 3 38 204000059 122000559 41 
2020-12-31T08:33:44 0 0 경기70아1593 3 38 204000059 122000078 42 
2020-12-31T08:34:43 0 0 경기70아1593 3 38 204000059 122000078 42 
2020-12-31T08:35:43 0 0 경기70아1593 3 39 204000059 122000079 43 
2020-12-31T08:36:42 0 0 경기70아1593 3 39 204000059 122000065 44 
2020-12-31T08:37:42 0 0 경기70아1593 3 39 204000059 122000065 44 
2020-12-31T08:38:41 0 0 경기70아1593 3 39 204000059 122000068 46 
2020-12-31T08:39:40 0 0 경기70아1593 3 38 204000059 122000068 46 
2020-12-31T08:40:40 0 0 경기70아1593 3 38 204000059 122000068 46 
2020-12-31T08:41:39 0 0 경기70아1593 3 38 204000059 122000086 47 
2020-12-31T08:42:39 0 0 경기70아1593 3 38 204000059 122000095 48 
2020-12-31T08:43:38 0 0 경기70아1593 3 38 204000059 122000096 49 
2020-12-31T08:44:37 0 0 경기70아1593 3 38 204000059 122000096 49 
2020-12-31T08:45:36 0 0 경기70아1593 3 38 204000059 122000330 50 
2020-12-31T08:46:35 0 0 경기70아1593 3 38 204000059 122000330 50 
2020-12-31T08:47:34 0 0 경기70아1593 3 38 204000059 122000142 51 
2020-12-31T08:48:34 0 0 경기70아1593 3 39 204000059 122000142 51 
2020-12-31T08:49:34 0 0 경기70아1593 3 39 204000059 122000142 51 
2020-12-31T08:50:33 0 0 경기70아1593 3 39 204000059 122000133 52 
2020-12-31T08:51:33 0 0 경기70아1593 3 39 204000059 122000133 52 
2020-12-31T08:52:32 0 0 경기70아1593 3 39 204000059 122000133 52 
2020-12-31T08:53:31 0 0 경기70아1593 3 39 204000059 122000256 53 
2020-12-31T08:54:31 0 0 경기70아1593 3 39 204000059 122000257 54 
2020-12-31T08:55:30 0 0 경기70아1593 3 39 204000059 122000257 54 
2020-12-31T08:56:29 0 0 경기70아1593 3 39 204000059 122000286 55 
2020-12-31T08:57:29 0 0 경기70아1593 3 39 204000059 122000285 56 
2020-12-31T08:58:28 0 0 경기70아1593 3 39 204000059 277103420 57 
2020-12-31T08:59:27 0 0 경기70아1593 3 39 204000059 277103420 57 
2020-12-31T09:00:27 0 0 경기70아1593 3 39 204000059 277103420 57 
2020-12-31T09:01:27 0 0 경기70아1593 3 39 204000059 277103418 58 
2020-12-31T09:02:26 0 0 경기70아1593 3 39 204000059 277103418 58 
2020-12-31T09:03:25 0 0 경기70아1593 3 39 204000059 277103418 58 
2020-12-31T09:04:25 0 0 경기70아1593 3 39 204000059 277103418 58 
2020-12-31T09:05:25 0 0 경기70아1593 3 39 204000059 277103418 58 
2020-12-31T09:06:24 0 0 경기70아1593 3 39 204000059 277103418 58 
2020-12-31T09:07:24 0 0 경기70아1593 3 39 204000059 205000207 59 
2020-12-31T09:08:24 0 0 경기70아1593 3 39 204000059 205000207 59 
2020-12-31T09:09:23 0 0 경기70아1593 3 39 204000059 205000207 59 
2020-12-31T09:10:22 0 0 경기70아1593 3 39 204000059 205000245 60 
2020-12-31T09:11:21 0 0 경기70아1593 3 39 204000059 205000245 60 
2020-12-31T09:12:20 0 0 경기70아1593 3 39 204000059 205000245 60 
2020-12-31T09:13:20 0 0 경기70아1593 3 39 204000059 206000157 62 
2020-12-31T09:14:19 0 0 경기70아1593 3 39 204000059 206000392 63 
2020-12-31T09:15:18 0 0 경기70아1593 3 39 204000059 206000298 64 
2020-12-31T09:16:18 0 0 경기70아1593 3 39 204000059 206000310 65 
2020-12-31T09:17:18 0 0 경기70아1593 3 39 204000059 206000310 65 
2020-12-31T09:18:18 0 0 경기70아1593 3 39 204000059 206000310 65 
2020-12-31T09:19:17 0 0 경기70아1593 3 39 204000059 204000203 66 
2020-12-31T09:20:17 0 0 경기70아1593 3 39 204000059 204000203 66 
2020-12-31T09:21:17 0 0 경기70아1593 3 39 204000059 206000614 68 
2020-12-31T09:22:16 0 0 경기70아1593 3 39 204000059 206000614 68 
2020-12-31T09:23:15 0 0 경기70아1593 3 39 204000059 206000616 69 
2020-12-31T09:24:15 0 0 경기70아1593 3 39 204000059 206000531 70 
2020-12-31T09:25:15 0 0 경기70아1593 3 39 204000059 206000532 71 
2020-12-31T09:26:14 0 0 경기70아1593 3 39 204000059 206000532 71 
2020-12-31T09:27:13 0 0 경기70아1593 3 39 204000059 206000532 71 
2020-12-31T09:28:13 0 0 경기70아1593 3 39 204000059 206000533 72 
2020-12-31T09:29:12 0 0 경기70아1593 3 39 204000059 206000017 74 
2020-12-31T09:30:12 0 0 경기70아1593 3 39 204000059 206000017 74 
2020-12-31T09:31:11 0 0 경기70아1593 3 39 204000059 206000016 76 
2020-12-31T09:32:10 0 0 경기70아1593 3 39 204000059 206000556 77 
2020-12-31T09:33:10 0 0 경기70아1593 3 39 204000059 206000014 79 
2020-12-31T09:34:09 0 0 경기70아1593 3 39 204000059 206000657 81 
2020-12-31T09:35:09 0 0 경기70아1593 3 39 204000059 206000470 83 
2020-12-31T11:28:10 0 0 경기70아1593 3 39 204000059 206000009 2 
2020-12-31T11:29:10 0 0 경기70아1593 3 39 204000059 206000658 3 
2020-12-31T11:30:10 0 0 경기70아1593 3 39 204000059 206000558 4 
2020-12-31T11:31:09 0 0 경기70아1593 3 39 204000059 206000007 5 
2020-12-31T11:32:09 0 0 경기70아1593 3 39 204000059 206000007 5 
2020-12-31T11:33:08 0 0 경기70아1593 3 39 204000059 206000006 6 
2020-12-31T11:34:08 0 0 경기70아1593 3 39 204000059 206000006 6 
2020-12-31T11:35:08 0 0 경기70아1593 3 39 204000059 206000005 7 
2020-12-31T11:36:07 0 0 경기70아1593 3 39 204000059 206000555 9 
2020-12-31T11:37:07 0 0 경기70아1593 3 39 204000059 206000003 10 
2020-12-31T11:38:07 0 0 경기70아1593 3 39 204000059 206000003 10 
2020-12-31T11:39:07 0 0 경기70아1593 3 39 204000059 206000002 11 
2020-12-31T11:40:06 0 0 경기70아1593 3 39 204000059 206000534 12 
2020-12-31T11:41:05 0 0 경기70아1593 3 39 204000059 206000535 13 
2020-12-31T11:42:05 0 0 경기70아1593 3 39 204000059 206000535 13 
2020-12-31T11:43:04 0 0 경기70아1593 3 39 204000059 206000535 13 
2020-12-31T11:44:04 0 0 경기70아1593 3 39 204000059 206000617 14 
2020-12-31T11:45:04 0 0 경기70아1593 3 39 204000059 206000617 14 
2020-12-31T11:46:03 0 0 경기70아1593 3 39 204000059 206000615 15 
2020-12-31T11:47:02 0 0 경기70아1593 3 39 204000059 204000208 16 
2020-12-31T11:48:01 0 0 경기70아1593 3 39 204000059 204000208 16 
2020-12-31T11:49:01 0 0 경기70아1593 3 39 204000059 206000309 18 
2020-12-31T11:50:01 0 0 경기70아1593 3 39 204000059 206000277 19 
2020-12-31T11:51:01 0 0 경기70아1593 3 39 204000059 206000277 19 
2020-12-31T11:52:01 0 0 경기70아1593 3 39 204000059 206000277 19 
2020-12-31T11:53:00 0 0 경기70아1593 3 39 204000059 206000441 20 
2020-12-31T11:54:00 0 0 경기70아1593 3 39 204000059 206000441 20 
2020-12-31T11:55:00 0 0 경기70아1593 3 39 204000059 206000784 21 
2020-12-31T11:55:58 0 0 경기70아1593 3 39 204000059 206000784 21 
2020-12-31T11:56:59 0 0 경기70아1593 3 39 204000059 206000784 21 
2020-12-31T11:57:58 0 0 경기70아1593 3 39 204000059 205000029 22 
2020-12-31T11:58:57 0 0 경기70아1593 3 39 204000059 205000029 22 
2020-12-31T11:59:57 0 0 경기70아1593 3 39 204000059 205000069 23 
2020-12-31T12:00:56 0 0 경기70아1593 3 39 204000059 205000069 23 
2020-12-31T12:01:56 0 0 경기70아1593 3 39 204000059 205000069 23 
2020-12-31T12:02:55 0 0 경기70아1593 3 39 204000059 277102622 24 
2020-12-31T12:03:55 0 0 경기70아1593 3 39 204000059 277102622 24 
2020-12-31T12:04:54 0 0 경기70아1593 3 39 204000059 277102622 24 
2020-12-31T12:05:54 0 0 경기70아1593 3 39 204000059 277102622 24 
2020-12-31T12:06:53 0 0 경기70아1593 3 39 204000059 277102622 24 
2020-12-31T12:07:53 0 0 경기70아1593 3 39 204000059 277103419 25 
2020-12-31T12:08:52 0 0 경기70아1593 3 39 204000059 277103419 25 
2020-12-31T12:09:52 0 0 경기70아1593 3 39 204000059 277103419 25 
2020-12-31T12:10:51 0 0 경기70아1593 3 39 204000059 277103419 25 
2020-12-31T12:11:51 0 0 경기70아1593 3 39 204000059 277103419 25 
2020-12-31T12:12:51 0 0 경기70아1593 3 39 204000059 277103421 26 
2020-12-31T12:13:50 0 0 경기70아1593 3 39 204000059 122000287 27 
2020-12-31T12:14:50 0 0 경기70아1593 3 39 204000059 122000288 28 
2020-12-31T12:15:49 0 0 경기70아1593 3 39 204000059 122000258 29 
2020-12-31T12:16:49 0 0 경기70아1593 3 39 204000059 122000258 29 
2020-12-31T12:17:49 0 0 경기70아1593 3 39 204000059 122000258 29 
2020-12-31T12:18:48 0 0 경기70아1593 3 39 204000059 122000291 30 
2020-12-31T12:19:48 0 0 경기70아1593 3 39 204000059 122000291 30 
2020-12-31T12:20:48 0 0 경기70아1593 3 39 204000059 122000137 31 
2020-12-31T12:21:48 0 0 경기70아1593 3 39 204000059 122000137 31 
2020-12-31T12:22:48 0 0 경기70아1593 3 39 204000059 122000388 32 
2020-12-31T12:23:48 0 0 경기70아1593 3 39 204000059 122000386 33 
2020-12-31T12:24:47 0 0 경기70아1593 3 39 204000059 122000139 34 
2020-12-31T12:25:47 0 0 경기70아1593 3 39 204000059 122000139 34 
2020-12-31T12:26:46 0 0 경기70아1593 3 39 204000059 122000094 35 
2020-12-31T12:27:46 0 0 경기70아1593 3 39 204000059 122000094 35 
2020-12-31T12:28:46 0 0 경기70아1593 3 39 204000059 122000094 35 
2020-12-31T12:29:46 0 0 경기70아1593 3 39 204000059 122000085 37 
2020-12-31T12:30:46 0 0 경기70아1593 3 39 204000059 122000066 39 
2020-12-31T12:31:46 0 0 경기70아1593 3 39 204000059 122000066 39 
2020-12-31T12:32:46 0 0 경기70아1593 3 39 204000059 122000066 39 
2020-12-31T12:33:45 0 0 경기70아1593 3 39 204000059 122000064 40 
2020-12-31T12:34:44 0 0 경기70아1593 3 39 204000059 122000064 40 
2020-12-31T12:35:44 0 0 경기70아1593 3 39 204000059 122000064 40 
2020-12-31T12:36:43 0 0 경기70아1593 3 39 204000059 122000559 41 
2020-12-31T12:37:43 0 0 경기70아1593 3 39 204000059 122000559 41 
2020-12-31T12:38:42 0 0 경기70아1593 3 39 204000059 122000078 42 
2020-12-31T12:39:41 0 0 경기70아1593 3 39 204000059 122000078 42 
2020-12-31T12:40:41 0 0 경기70아1593 3 39 204000059 122000078 42 
2020-12-31T12:41:40 0 0 경기70아1593 3 39 204000059 122000079 43 
2020-12-31T12:42:40 0 0 경기70아1593 3 39 204000059 122000079 43 
2020-12-31T12:43:39 0 0 경기70아1593 3 39 204000059 122000065 44 
2020-12-31T12:44:39 0 0 경기70아1593 3 39 204000059 122000637 45 
2020-12-31T12:45:39 0 0 경기70아1593 3 39 204000059 122000068 46 
2020-12-31T12:46:38 0 0 경기70아1593 3 39 204000059 122000068 46 
2020-12-31T12:47:38 0 0 경기70아1593 3 38 204000059 122000086 47 
2020-12-31T12:48:37 0 0 경기70아1593 3 38 204000059 122000086 47 
2020-12-31T12:49:37 0 0 경기70아1593 3 38 204000059 122000086 47 
2020-12-31T12:50:36 0 0 경기70아1593 3 38 204000059 122000095 48 
2020-12-31T12:51:35 0 0 경기70아1593 3 38 204000059 122000096 49 
2020-12-31T12:52:34 0 0 경기70아1593 3 38 204000059 122000096 49 
2020-12-31T12:53:34 0 0 경기70아1593 3 38 204000059 122000330 50 
2020-12-31T12:54:34 0 0 경기70아1593 3 38 204000059 122000330 50 
2020-12-31T12:55:35 0 0 경기70아1593 3 38 204000059 122000142 51 
2020-12-31T12:56:34 0 0 경기70아1593 3 38 204000059 122000142 51 
2020-12-31T12:57:34 0 0 경기70아1593 3 38 204000059 122000142 51 
2020-12-31T12:58:33 0 0 경기70아1593 3 38 204000059 122000133 52 
2020-12-31T12:59:33 0 0 경기70아1593 3 38 204000059 122000133 52 
2020-12-31T13:00:33 0 0 경기70아1593 3 38 204000059 122000256 53 
2020-12-31T13:01:33 0 0 경기70아1593 3 38 204000059 122000256 53 
2020-12-31T13:02:33 0 0 경기70아1593 3 38 204000059 122000256 53 
2020-12-31T13:03:32 0 0 경기70아1593 3 38 204000059 122000257 54 
2020-12-31T13:04:31 0 0 경기70아1593 3 38 204000059 122000257 54 
2020-12-31T13:05:32 0 0 경기70아1593 3 38 204000059 122000257 54 
2020-12-31T13:06:30 0 0 경기70아1593 3 38 204000059 122000257 54 
2020-12-31T13:07:30 0 0 경기70아1593 3 38 204000059 122000286 55 
2020-12-31T13:08:29 0 0 경기70아1593 3 38 204000059 122000285 56 
2020-12-31T13:09:28 0 0 경기70아1593 3 38 204000059 122000285 56 
2020-12-31T13:10:29 0 0 경기70아1593 3 38 204000059 277103420 57 
2020-12-31T13:11:28 0 0 경기70아1593 3 38 204000059 277103420 57 
2020-12-31T13:12:27 0 0 경기70아1593 3 38 204000059 277103418 58 
2020-12-31T13:13:26 0 0 경기70아1593 3 38 204000059 277103418 58 
2020-12-31T13:14:26 0 0 경기70아1593 3 38 204000059 277103418 58 
2020-12-31T13:15:25 0 0 경기70아1593 3 38 204000059 277103418 58 
2020-12-31T13:16:24 0 0 경기70아1593 3 38 204000059 277103418 58 
2020-12-31T13:17:24 0 0 경기70아1593 3 38 204000059 277103418 58 
2020-12-31T13:18:24 0 0 경기70아1593 3 38 204000059 277103418 58 
2020-12-31T13:19:23 0 0 경기70아1593 3 38 204000059 205000207 59 
2020-12-31T13:20:22 0 0 경기70아1593 3 38 204000059 205000207 59 
2020-12-31T13:21:22 0 0 경기70아1593 3 38 204000059 205000207 59 
2020-12-31T13:22:21 0 0 경기70아1593 3 38 204000059 205000207 59 
2020-12-31T13:23:20 0 0 경기70아1593 3 38 204000059 206000361 61 
2020-12-31T13:24:19 0 0 경기70아1593 3 38 204000059 206000361 61 
2020-12-31T13:25:18 0 0 경기70아1593 3 38 204000059 206000361 61 
2020-12-31T13:26:18 0 0 경기70아1593 3 38 204000059 206000392 63 
2020-12-31T13:27:17 0 0 경기70아1593 3 38 204000059 206000298 64 
2020-12-31T13:28:17 0 0 경기70아1593 3 38 204000059 206000298 64 
2020-12-31T13:29:16 0 0 경기70아1593 3 38 204000059 206000310 65 
2020-12-31T13:30:15 0 0 경기70아1593 3 38 204000059 206000310 65 
2020-12-31T13:31:14 0 0 경기70아1593 3 38 204000059 206000310 65 
2020-12-31T13:32:14 0 0 경기70아1593 3 38 204000059 204000203 66 
2020-12-31T13:33:13 0 0 경기70아1593 3 38 204000059 204000203 66 
2020-12-31T13:34:13 0 0 경기70아1593 3 38 204000059 204000203 66 
2020-12-31T13:35:12 0 0 경기70아1593 3 38 204000059 204000207 67 
2020-12-31T13:36:12 0 0 경기70아1593 3 39 204000059 206000614 68 
2020-12-31T13:37:12 0 0 경기70아1593 3 39 204000059 206000614 68 
2020-12-31T13:38:12 0 0 경기70아1593 3 39 204000059 206000616 69 
2020-12-31T13:39:11 0 0 경기70아1593 3 39 204000059 206000532 71 
2020-12-31T13:40:11 0 0 경기70아1593 3 39 204000059 206000532 71 
2020-12-31T13:41:10 0 0 경기70아1593 3 39 204000059 206000532 71 
2020-12-31T13:42:10 0 0 경기70아1593 3 39 204000059 206000533 72 
2020-12-31T13:43:10 0 0 경기70아1593 3 39 204000059 206000018 73 
2020-12-31T13:44:09 0 0 경기70아1593 3 39 204000059 206000554 75 
2020-12-31T13:45:09 0 0 경기70아1593 3 39 204000059 206000554 75 
2020-12-31T13:46:08 0 0 경기70아1593 3 39 204000059 206000016 76 
2020-12-31T13:47:08 0 0 경기70아1593 3 39 204000059 206000556 77 
2020-12-31T13:48:08 0 0 경기70아1593 3 39 204000059 206000014 79 
2020-12-31T13:49:08 0 0 경기70아1593 3 39 204000059 206000657 81 
2020-12-31T13:50:07 0 0 경기70아1593 3 39 204000059 206000657 81 
2020-12-31T13:51:06 0 0 경기70아1593 3 39 204000059 206000470 83 
2020-12-31T13:52:06 0 0 경기70아1593 3 39 204000059 206000470 83 
2020-12-31T13:53:05 0 0 경기70아1593 3 39 204000059 206000470 83 
2020-12-31T13:54:05 0 0 경기70아1593 3 39 204000059 206000470 83 
2020-12-31T13:55:04 0 0 경기70아1593 3 39 204000059 206000470 83 
2020-12-31T13:56:03 0 0 경기70아1593 3 39 204000059 206000470 83 
2020-12-31T13:57:03 0 0 경기70아1593 3 39 204000059 206000470 83 
2020-12-31T13:58:03 0 0 경기70아1593 3 39 204000059 206000470 83 
2020-12-31T13:59:03 0 0 경기70아1593 3 39 204000059 206000470 83 
2020-12-31T14:00:02 0 0 경기70아1593 3 39 204000059 206000470 83 
2020-12-31T14:01:02 0 0 경기70아1593 3 39 204000059 206000470 83 
2020-12-31T14:02:01 0 0 경기70아1593 3 39 204000059 206000470 83 
2020-12-31T14:03:01 0 0 경기70아1593 3 39 204000059 206000470 83 
2020-12-31T14:04:00 0 0 경기70아1593 3 39 204000059 206000470 83 
2020-12-31T14:04:59 0 0 경기70아1593 3 39 204000059 206000470 83 
2020-12-31T16:34:00 0 0 경기70아1593 3 39 204000059 206000009 2 
2020-12-31T16:35:00 0 0 경기70아1593 3 39 204000059 206000658 3 
2020-12-31T16:36:00 0 0 경기70아1593 3 39 204000059 206000558 4 
2020-12-31T16:37:00 0 0 경기70아1593 3 39 204000059 206000007 5 
2020-12-31T16:37:59 0 0 경기70아1593 3 39 204000059 206000005 7 
2020-12-31T16:38:59 0 0 경기70아1593 3 39 204000059 206000005 7 
2020-12-31T16:39:59 0 0 경기70아1593 3 39 204000059 206000004 8 
2020-12-31T16:40:59 0 0 경기70아1593 3 39 204000059 206000555 9 
2020-12-31T16:41:59 0 0 경기70아1593 3 39 204000059 206000003 10 
2020-12-31T16:42:58 0 0 경기70아1593 3 39 204000059 206000003 10 
2020-12-31T16:43:57 0 0 경기70아1593 3 39 204000059 206000002 11 
2020-12-31T16:44:56 0 0 경기70아1593 3 39 204000059 206000534 12 
2020-12-31T16:45:56 0 0 경기70아1593 3 39 204000059 206000534 12 
2020-12-31T16:46:55 0 0 경기70아1593 3 39 204000059 206000534 12 
2020-12-31T16:47:54 0 0 경기70아1593 3 38 204000059 206000535 13 
2020-12-31T16:48:53 0 0 경기70아1593 3 38 204000059 206000535 13 
2020-12-31T16:49:52 0 0 경기70아1593 3 38 204000059 206000617 14 
2020-12-31T16:50:52 0 0 경기70아1593 3 38 204000059 206000617 14 
2020-12-31T16:51:52 0 0 경기70아1593 3 38 204000059 204000208 16 
2020-12-31T16:52:51 0 0 경기70아1593 3 38 204000059 204000208 16 
2020-12-31T16:53:50 0 0 경기70아1593 3 38 204000059 204000204 17 
2020-12-31T16:54:50 0 0 경기70아1593 3 38 204000059 206000309 18 
2020-12-31T16:55:50 0 0 경기70아1593 3 38 204000059 206000277 19 
2020-12-31T16:56:49 0 0 경기70아1593 3 38 204000059 206000277 19 
2020-12-31T16:57:49 0 0 경기70아1593 3 38 204000059 206000277 19 
2020-12-31T16:58:49 0 0 경기70아1593 3 38 204000059 206000441 20 
2020-12-31T16:59:49 0 0 경기70아1593 3 38 204000059 206000441 20 
2020-12-31T17:00:48 0 0 경기70아1593 3 39 204000059 206000784 21 
2020-12-31T17:01:48 0 0 경기70아1593 3 39 204000059 205000029 22 
2020-12-31T17:02:47 0 0 경기70아1593 3 39 204000059 205000029 22 
2020-12-31T17:03:47 0 0 경기70아1593 3 39 204000059 205000029 22 
2020-12-31T17:04:46 0 0 경기70아1593 3 39 204000059 205000029 22 
2020-12-31T17:05:46 0 0 경기70아1593 3 39 204000059 205000029 22 
2020-12-31T17:06:45 0 0 경기70아1593 3 39 204000059 205000029 22 
2020-12-31T17:07:45 0 0 경기70아1593 3 39 204000059 205000029 22 
2020-12-31T17:08:45 0 0 경기70아1593 3 39 204000059 205000069 23 
2020-12-31T17:09:44 0 0 경기70아1593 3 39 204000059 205000069 23 
2020-12-31T17:10:44 0 0 경기70아1593 3 39 204000059 205000069 23 
2020-12-31T17:11:44 0 0 경기70아1593 3 39 204000059 205000069 23 
2020-12-31T17:12:43 0 0 경기70아1593 3 39 204000059 277102622 24 
2020-12-31T17:13:43 0 0 경기70아1593 3 39 204000059 277102622 24 
2020-12-31T17:14:42 0 0 경기70아1593 3 39 204000059 277102622 24 
2020-12-31T17:15:42 0 0 경기70아1593 3 39 204000059 277102622 24 
2020-12-31T17:16:41 0 0 경기70아1593 3 39 204000059 277102622 24 
2020-12-31T17:17:40 0 0 경기70아1593 3 39 204000059 277102622 24 
2020-12-31T17:18:40 0 0 경기70아1593 3 39 204000059 277102622 24 
2020-12-31T17:19:40 0 0 경기70아1593 3 39 204000059 277102622 24 
2020-12-31T17:20:39 0 0 경기70아1593 3 39 204000059 277102622 24 
2020-12-31T17:21:39 0 0 경기70아1593 3 39 204000059 277102622 24 
2020-12-31T17:22:39 0 0 경기70아1593 3 39 204000059 277102622 24 
2020-12-31T17:23:39 0 0 경기70아1593 3 39 204000059 277103419 25 
2020-12-31T17:24:38 0 0 경기70아1593 3 39 204000059 277103419 25 
2020-12-31T17:25:38 0 0 경기70아1593 3 39 204000059 277103419 25 
2020-12-31T17:26:37 0 0 경기70아1593 3 39 204000059 277103419 25 
2020-12-31T17:27:37 0 0 경기70아1593 3 39 204000059 277103419 25 
2020-12-31T17:28:36 0 0 경기70아1593 3 39 204000059 277103419 25 
2020-12-31T17:29:36 0 0 경기70아1593 3 39 204000059 277103419 25 
2020-12-31T17:30:36 0 0 경기70아1593 3 39 204000059 277103419 25 
2020-12-31T17:31:35 0 0 경기70아1593 3 39 204000059 277103419 25 
2020-12-31T17:32:36 0 0 경기70아1593 3 39 204000059 277103419 25 
2020-12-31T17:33:35 0 0 경기70아1593 3 39 204000059 277103419 25 
2020-12-31T17:34:35 0 0 경기70아1593 3 39 204000059 277103419 25 
2020-12-31T17:35:35 0 0 경기70아1593 3 39 204000059 277103419 25 
2020-12-31T17:36:35 0 0 경기70아1593 3 39 204000059 277103419 25 
2020-12-31T17:37:34 0 0 경기70아1593 3 39 204000059 277103419 25 
2020-12-31T17:38:34 0 0 경기70아1593 3 39 204000059 277103421 26 
2020-12-31T17:39:33 0 0 경기70아1593 3 39 204000059 277103421 26 
2020-12-31T17:40:33 0 0 경기70아1593 3 39 204000059 122000288 28 
2020-12-31T17:41:32 0 0 경기70아1593 3 39 204000059 122000288 28 
2020-12-31T17:42:32 0 0 경기70아1593 3 39 204000059 122000258 29 
2020-12-31T17:43:31 0 0 경기70아1593 3 39 204000059 122000258 29 
2020-12-31T17:44:31 0 0 경기70아1593 3 39 204000059 122000258 29 
2020-12-31T17:45:31 0 0 경기70아1593 3 39 204000059 122000291 30 
2020-12-31T17:46:31 0 0 경기70아1593 3 39 204000059 122000291 30 
2020-12-31T17:47:31 0 0 경기70아1593 3 39 204000059 122000137 31 
2020-12-31T17:48:30 0 0 경기70아1593 3 39 204000059 122000137 31 
2020-12-31T17:49:29 0 0 경기70아1593 3 39 204000059 122000388 32 
2020-12-31T17:50:30 0 0 경기70아1593 3 39 204000059 122000139 34 
2020-12-31T17:51:29 0 0 경기70아1593 3 39 204000059 122000139 34 
2020-12-31T17:52:28 0 0 경기70아1593 3 39 204000059 122000094 35 
2020-12-31T17:53:28 0 0 경기70아1593 3 39 204000059 122000094 35 
2020-12-31T17:54:27 0 0 경기70아1593 3 39 204000059 122000094 35 
2020-12-31T17:55:27 0 0 경기70아1593 3 39 204000059 122000094 35 
2020-12-31T17:56:26 0 0 경기70아1593 3 39 204000059 122000094 35 
2020-12-31T17:57:26 0 0 경기70아1593 3 39 204000059 122000094 35 
2020-12-31T17:58:26 0 0 경기70아1593 3 39 204000059 122000094 35 
2020-12-31T17:59:25 0 0 경기70아1593 3 39 204000059 122000089 36 
2020-12-31T18:00:24 0 0 경기70아1593 3 39 204000059 122000085 37 
2020-12-31T18:01:24 0 0 경기70아1593 3 39 204000059 122000066 39 
2020-12-31T18:02:24 0 0 경기70아1593 3 39 204000059 122000064 40 
2020-12-31T18:03:23 0 0 경기70아1593 3 39 204000059 122000064 40 
2020-12-31T18:04:22 0 0 경기70아1593 3 39 204000059 122000064 40 
2020-12-31T18:05:21 0 0 경기70아1593 3 38 204000059 122000559 41 
2020-12-31T18:06:21 0 0 경기70아1593 3 38 204000059 122000559 41 
2020-12-31T18:07:21 0 0 경기70아1593 3 38 204000059 122000559 41 
2020-12-31T18:08:21 0 0 경기70아1593 3 37 204000059 122000078 42 
2020-12-31T18:09:21 0 0 경기70아1593 3 37 204000059 122000079 43 
2020-12-31T18:10:20 0 0 경기70아1593 3 37 204000059 122000079 43 
2020-12-31T18:11:20 0 0 경기70아1593 3 37 204000059 122000079 43 
2020-12-31T18:12:20 0 0 경기70아1593 3 37 204000059 122000065 44 
2020-12-31T18:13:19 0 0 경기70아1593 3 37 204000059 122000065 44 
2020-12-31T18:14:19 0 0 경기70아1593 3 37 204000059 122000637 45 
2020-12-31T18:15:19 0 0 경기70아1593 3 37 204000059 122000637 45 
2020-12-31T18:16:18 0 0 경기70아1593 3 36 204000059 122000068 46 
2020-12-31T18:17:18 0 0 경기70아1593 3 36 204000059 122000068 46 
2020-12-31T18:18:18 0 0 경기70아1593 3 35 204000059 122000086 47 
2020-12-31T18:19:17 0 0 경기70아1593 3 35 204000059 122000095 48 
2020-12-31T18:20:17 0 0 경기70아1593 3 31 204000059 122000096 49 
2020-12-31T18:21:17 0 0 경기70아1593 3 31 204000059 122000330 50 
2020-12-31T18:22:16 0 0 경기70아1593 3 28 204000059 122000330 50 
2020-12-31T18:23:16 0 0 경기70아1593 3 28 204000059 122000330 50 
2020-12-31T18:24:16 0 0 경기70아1593 3 28 204000059 122000142 51 
2020-12-31T18:25:16 0 0 경기70아1593 3 28 204000059 122000142 51 
2020-12-31T18:26:16 0 0 경기70아1593 3 27 204000059 122000133 52 
2020-12-31T18:27:15 0 0 경기70아1593 3 28 204000059 122000133 52 
2020-12-31T18:28:14 0 0 경기70아1593 3 28 204000059 122000133 52 
2020-12-31T18:29:14 0 0 경기70아1593 3 28 204000059 122000133 52 
2020-12-31T18:30:13 0 0 경기70아1593 3 28 204000059 122000256 53 
2020-12-31T18:31:13 0 0 경기70아1593 3 28 204000059 122000257 54 
2020-12-31T18:32:13 0 0 경기70아1593 3 28 204000059 122000257 54 
2020-12-31T18:33:12 0 0 경기70아1593 3 28 204000059 122000257 54 
2020-12-31T18:34:12 0 0 경기70아1593 3 28 204000059 122000257 54 
2020-12-31T18:35:11 0 0 경기70아1593 3 28 204000059 122000257 54 
2020-12-31T18:36:11 0 0 경기70아1593 3 28 204000059 122000257 54 
2020-12-31T18:37:10 0 0 경기70아1593 3 27 204000059 122000286 55 
2020-12-31T18:38:10 0 0 경기70아1593 3 25 204000059 122000285 56 
2020-12-31T18:39:10 0 0 경기70아1593 3 25 204000059 122000285 56 
2020-12-31T18:40:10 0 0 경기70아1593 3 25 204000059 122000285 56 
2020-12-31T18:41:09 0 0 경기70아1593 3 25 204000059 122000285 56 
2020-12-31T18:42:09 0 0 경기70아1593 3 25 204000059 122000285 56 
2020-12-31T18:43:09 0 0 경기70아1593 3 25 204000059 277103420 57 
2020-12-31T18:44:09 0 0 경기70아1593 3 25 204000059 277103420 57 
2020-12-31T18:45:09 0 0 경기70아1593 3 25 204000059 277103420 57 
2020-12-31T18:46:09 0 0 경기70아1593 3 25 204000059 277103420 57 
2020-12-31T18:47:08 0 0 경기70아1593 3 25 204000059 277103420 57 
2020-12-31T18:48:08 0 0 경기70아1593 3 25 204000059 277103420 57 
2020-12-31T18:49:08 0 0 경기70아1593 3 25 204000059 277103420 57 
2020-12-31T18:50:07 0 0 경기70아1593 3 25 204000059 277103420 57 
2020-12-31T18:51:07 0 0 경기70아1593 3 25 204000059 277103420 57 
2020-12-31T18:52:07 0 0 경기70아1593 3 25 204000059 277103420 57 
2020-12-31T18:53:07 0 0 경기70아1593 3 25 204000059 277103420 57 
2020-12-31T18:54:07 0 0 경기70아1593 3 25 204000059 277103420 57 
2020-12-31T18:55:06 0 0 경기70아1593 3 25 204000059 277103420 57 
2020-12-31T18:56:05 0 0 경기70아1593 3 25 204000059 277103420 57 
2020-12-31T18:57:05 0 0 경기70아1593 3 25 204000059 277103420 57 
2020-12-31T18:58:04 0 0 경기70아1593 3 25 204000059 277103420 57 
2020-12-31T18:59:04 0 0 경기70아1593 3 25 204000059 277103420 57 
2020-12-31T19:00:03 0 0 경기70아1593 3 25 204000059 277103420 57 
2020-12-31T19:01:03 0 0 경기70아1593 3 25 204000059 277103420 57 
2020-12-31T19:02:03 0 0 경기70아1593 3 25 204000059 277103420 57 
2020-12-31T19:20:56 0 0 경기70아1593 3 39 204000059 206000554 75 
2020-12-31T19:21:57 0 0 경기70아1593 3 37 204000059 206000556 77 
2020-12-31T19:22:56 0 0 경기70아1593 3 37 204000059 206000556 77 
2020-12-31T19:23:56 0 0 경기70아1593 3 37 204000059 206000556 77 
2020-12-31T19:24:56 0 0 경기70아1593 3 38 204000059 206000015 78 
2020-12-31T19:25:56 0 0 경기70아1593 3 38 204000059 206000557 80 
2020-12-31T19:26:55 0 0 경기70아1593 3 38 204000059 206000657 81 
2020-12-31T19:27:55 0 0 경기70아1593 3 38 204000059 206000012 82 
2020-12-31T19:28:55 0 0 경기70아1593 3 38 204000059 206000470 83 
2020-12-31T19:29:54 0 0 경기70아1593 3 38 204000059 206000470 83 
2020-12-31T19:30:53 0 0 경기70아1593 3 38 204000059 206000470 83 
2020-12-31T19:31:53 0 0 경기70아1593 3 38 204000059 206000470 83 
2020-12-31T19:32:53 0 0 경기70아1593 3 38 204000059 206000470 83 
2020-12-31T19:33:53 0 0 경기70아1593 3 38 204000059 206000470 83 
2020-12-31T19:34:53 0 0 경기70아1593 3 38 204000059 206000470 83 
2020-12-31T19:35:52 0 0 경기70아1593 3 38 204000059 206000470 83 
2020-12-31T19:36:51 0 0 경기70아1593 3 38 204000059 206000470 83 
2020-12-31T19:37:51 0 0 경기70아1593 3 38 204000059 206000470 83 
2020-12-31T19:38:51 0 0 경기70아1593 3 38 204000059 206000470 83 
2020-12-31T19:39:51 0 0 경기70아1593 3 38 204000059 206000470 83 
2020-12-31T19:40:50 0 0 경기70아1593 3 38 204000059 206000470 83 
2020-12-31T19:41:49 0 0 경기70아1593 3 38 204000059 206000470 83 
2020-12-31T19:42:49 0 0 경기70아1593 3 38 204000059 206000470 83 
2020-12-31T19:58:45 0 0 경기70아1593 3 39 204000059 206000009 2 
2020-12-31T19:59:45 0 0 경기70아1593 3 39 204000059 206000658 3 
2020-12-31T20:00:45 0 0 경기70아1593 3 39 204000059 206000007 5 
2020-12-31T20:01:44 0 0 경기70아1593 3 39 204000059 206000007 5 
2020-12-31T20:02:44 0 0 경기70아1593 3 39 204000059 206000005 7 
2020-12-31T20:03:44 0 0 경기70아1593 3 39 204000059 206000005 7 
2020-12-31T20:04:43 0 0 경기70아1593 3 39 204000059 206000005 7 
2020-12-31T20:05:43 0 0 경기70아1593 3 39 204000059 206000003 10 
2020-12-31T20:06:43 0 0 경기70아1593 3 39 204000059 206000002 11 
2020-12-31T20:07:43 0 0 경기70아1593 3 39 204000059 206000002 11 
2020-12-31T20:08:42 0 0 경기70아1593 3 39 204000059 206000534 12 
2020-12-31T20:09:42 0 0 경기70아1593 3 39 204000059 206000534 12 
2020-12-31T20:10:41 0 0 경기70아1593 3 39 204000059 206000535 13 
2020-12-31T20:11:41 0 0 경기70아1593 3 39 204000059 206000535 13 
2020-12-31T20:12:41 0 0 경기70아1593 3 39 204000059 206000535 13 
2020-12-31T20:13:40 0 0 경기70아1593 3 39 204000059 206000535 13 
2020-12-31T20:14:40 0 0 경기70아1593 3 39 204000059 206000615 15 
2020-12-31T20:15:39 0 0 경기70아1593 3 39 204000059 206000615 15 
2020-12-31T20:16:39 0 0 경기70아1593 3 39 204000059 204000208 16 
2020-12-31T20:17:38 0 0 경기70아1593 3 39 204000059 204000204 17 
2020-12-31T20:18:38 0 0 경기70아1593 3 39 204000059 206000309 18 
2020-12-31T20:19:38 0 0 경기70아1593 3 39 204000059 206000277 19 
2020-12-31T20:20:37 0 0 경기70아1593 3 39 204000059 206000441 20 
2020-12-31T20:21:37 0 0 경기70아1593 3 39 204000059 206000441 20 
2020-12-31T20:22:37 0 0 경기70아1593 3 39 204000059 206000784 21 
2020-12-31T20:23:37 0 0 경기70아1593 3 39 204000059 206000784 21 
2020-12-31T20:24:37 0 0 경기70아1593 3 39 204000059 206000784 21 
2020-12-31T20:25:37 0 0 경기70아1593 3 39 204000059 205000029 22 
2020-12-31T20:26:37 0 0 경기70아1593 3 39 204000059 205000029 22 
2020-12-31T20:27:36 0 0 경기70아1593 3 39 204000059 205000029 22 
2020-12-31T20:28:36 0 0 경기70아1593 3 39 204000059 205000029 22 
2020-12-31T20:29:35 0 0 경기70아1593 3 39 204000059 205000069 23 
2020-12-31T20:30:35 0 0 경기70아1593 3 39 204000059 205000069 23 
2020-12-31T20:31:35 0 0 경기70아1593 3 39 204000059 205000069 23 
2020-12-31T20:32:34 0 0 경기70아1593 3 39 204000059 205000069 23 
2020-12-31T20:33:34 0 0 경기70아1593 3 39 204000059 277102622 24 
2020-12-31T20:34:33 0 0 경기70아1593 3 39 204000059 277102622 24 
2020-12-31T20:35:33 0 0 경기70아1593 3 39 204000059 277102622 24 
2020-12-31T20:36:33 0 0 경기70아1593 3 39 204000059 277102622 24 
2020-12-31T20:37:33 0 0 경기70아1593 3 39 204000059 277103419 25 
2020-12-31T20:38:32 0 0 경기70아1593 3 39 204000059 277103419 25 
2020-12-31T20:39:32 0 0 경기70아1593 3 39 204000059 277103419 25 
2020-12-31T20:40:31 0 0 경기70아1593 3 39 204000059 277103421 26 
2020-12-31T20:41:31 0 0 경기70아1593 3 39 204000059 277103421 26 
2020-12-31T20:42:31 0 0 경기70아1593 3 39 204000059 122000287 27 
2020-12-31T20:43:30 0 0 경기70아1593 3 39 204000059 122000288 28 
2020-12-31T20:44:30 0 0 경기70아1593 3 39 204000059 122000258 29 
2020-12-31T20:45:29 0 0 경기70아1593 3 39 204000059 122000291 30 
2020-12-31T20:46:28 0 0 경기70아1593 3 39 204000059 122000291 30 
2020-12-31T20:47:27 0 0 경기70아1593 3 39 204000059 122000137 31 
2020-12-31T20:48:26 0 0 경기70아1593 3 39 204000059 122000137 31 
2020-12-31T20:49:25 0 0 경기70아1593 3 39 204000059 122000386 33 
2020-12-31T20:50:25 0 0 경기70아1593 3 39 204000059 122000139 34 
2020-12-31T20:51:24 0 0 경기70아1593 3 39 204000059 122000139 34 
2020-12-31T20:52:24 0 0 경기70아1593 3 39 204000059 122000089 36 
2020-12-31T20:53:24 0 0 경기70아1593 3 39 204000059 122000069 38 
2020-12-31T20:54:23 0 0 경기70아1593 3 39 204000059 122000066 39 
2020-12-31T20:55:23 0 0 경기70아1593 3 39 204000059 122000064 40 
2020-12-31T20:56:23 0 0 경기70아1593 3 38 204000059 122000559 41 
2020-12-31T20:57:23 0 0 경기70아1593 3 38 204000059 122000559 41 
2020-12-31T20:58:22 0 0 경기70아1593 3 38 204000059 122000078 42 
2020-12-31T20:59:21 0 0 경기70아1593 3 38 204000059 122000078 42 
2020-12-31T21:00:20 1 0 경기70아1593 3 38 204000059 122000079 43 
2020-12-31T21:01:20 1 0 경기70아1593 3 38 204000059 122000079 43 
2020-12-31T21:02:20 0 0 경기70아1593 3 38 204000059 122000065 44 
2020-12-31T21:03:20 0 0 경기70아1593 3 38 204000059 122000637 45 
2020-12-31T21:04:19 0 0 경기70아1593 3 38 204000059 122000068 46 
2020-12-31T21:05:18 0 0 경기70아1593 3 38 204000059 122000086 47 
2020-12-31T21:06:18 0 0 경기70아1593 3 38 204000059 122000095 48 
2020-12-31T21:07:18 0 0 경기70아1593 3 37 204000059 122000096 49 
2020-12-31T21:08:18 0 0 경기70아1593 3 36 204000059 122000330 50 
2020-12-31T21:09:17 0 0 경기70아1593 3 36 204000059 122000330 50 
2020-12-31T21:10:17 0 0 경기70아1593 3 36 204000059 122000330 50 
2020-12-31T21:11:16 0 0 경기70아1593 3 36 204000059 122000133 52 
2020-12-31T21:12:16 0 0 경기70아1593 3 36 204000059 122000133 52 
2020-12-31T21:13:15 0 0 경기70아1593 3 36 204000059 122000256 53 
2020-12-31T21:14:14 0 0 경기70아1593 3 36 204000059 122000257 54 
2020-12-31T21:15:14 0 0 경기70아1593 3 36 204000059 122000257 54 
2020-12-31T21:16:14 0 0 경기70아1593 3 36 204000059 122000257 54 
2020-12-31T21:17:14 0 0 경기70아1593 3 36 204000059 122000286 55 
2020-12-31T21:18:14 0 0 경기70아1593 3 36 204000059 122000285 56 
2020-12-31T21:19:14 0 0 경기70아1593 3 36 204000059 122000285 56 
2020-12-31T21:20:13 0 0 경기70아1593 3 36 204000059 122000285 56 
2020-12-31T21:21:13 0 0 경기70아1593 3 36 204000059 277103420 57 
2020-12-31T21:22:12 0 0 경기70아1593 3 36 204000059 277103420 57 
2020-12-31T21:23:12 0 0 경기70아1593 3 36 204000059 277103420 57 
2020-12-31T21:24:12 0 0 경기70아1593 3 36 204000059 277103418 58 
2020-12-31T21:25:12 0 0 경기70아1593 3 36 204000059 277103418 58 
2020-12-31T21:26:12 0 0 경기70아1593 3 36 204000059 277103418 58 
2020-12-31T21:27:12 0 0 경기70아1593 3 36 204000059 277103418 58 
2020-12-31T21:28:11 0 0 경기70아1593 3 36 204000059 277103418 58 
2020-12-31T21:29:11 0 0 경기70아1593 3 36 204000059 277103418 58 
2020-12-31T21:30:11 0 0 경기70아1593 3 36 204000059 205000207 59 
2020-12-31T21:31:10 0 0 경기70아1593 3 36 204000059 205000207 59 
2020-12-31T21:32:09 0 0 경기70아1593 3 36 204000059 205000207 59 
2020-12-31T21:33:09 0 0 경기70아1593 3 36 204000059 205000207 59 
2020-12-31T21:34:09 0 0 경기70아1593 3 36 204000059 205000245 60 
2020-12-31T21:35:09 0 0 경기70아1593 3 36 204000059 205000245 60 
2020-12-31T21:36:09 0 0 경기70아1593 3 36 204000059 205000245 60 
2020-12-31T21:37:08 0 0 경기70아1593 3 37 204000059 206000157 62 
2020-12-31T21:38:08 0 0 경기70아1593 3 37 204000059 206000298 64 
2020-12-31T21:39:07 0 0 경기70아1593 3 37 204000059 206000298 64 
2020-12-31T21:40:06 0 0 경기70아1593 3 37 204000059 206000298 64 
2020-12-31T21:41:06 0 0 경기70아1593 3 37 204000059 204000203 66 
2020-12-31T21:42:05 0 0 경기70아1593 3 37 204000059 204000203 66 
2020-12-31T21:43:05 0 0 경기70아1593 3 37 204000059 204000203 66 
2020-12-31T21:44:04 0 0 경기70아1593 3 37 204000059 204000203 66 
2020-12-31T21:45:03 0 0 경기70아1593 3 37 204000059 204000207 67 
2020-12-31T21:46:03 0 0 경기70아1593 3 37 204000059 206000614 68 
2020-12-31T21:47:02 0 0 경기70아1593 3 37 204000059 206000614 68 
2020-12-31T21:48:02 0 0 경기70아1593 3 38 204000059 206000616 69 
2020-12-31T21:49:02 0 0 경기70아1593 3 38 204000059 206000531 70 
2020-12-31T21:50:01 0 0 경기70아1593 3 38 204000059 206000531 70 
2020-12-31T21:51:01 0 0 경기70아1593 3 38 204000059 206000532 71 
2020-12-31T21:52:01 0 0 경기70아1593 3 38 204000059 206000533 72 
2020-12-31T21:53:00 0 0 경기70아1593 3 38 204000059 206000018 73 
2020-12-31T21:54:00 0 0 경기70아1593 3 38 204000059 206000554 75 
2020-12-31T21:54:59 0 0 경기70아1593 3 38 204000059 206000554 75 
2020-12-31T21:55:59 0 0 경기70아1593 3 38 204000059 206000016 76 
2020-12-31T21:56:59 0 0 경기70아1593 3 38 204000059 206000556 77 
2020-12-31T21:57:58 0 0 경기70아1593 3 39 204000059 206000014 79 
2020-12-31T21:58:57 0 0 경기70아1593 3 39 204000059 206000557 80 
2020-12-31T21:59:57 0 0 경기70아1593 3 39 204000059 206000012 82 
