204000059 2020-12-31T22:00:57.045340+09:00
2021-01-01T05:25:26 0 0 경기70아1593 3 39 204000059 122000287 27 
2021-01-01T05:26:26 0 0 경기70아1593 3 39 204000059 122000288 28 
2021-01-01T05:27:25 0 0 경기70아1593 3 39 204000059 122000258 29 
2021-01-01T05:28:25 0 0 경기70아1593 3 39 204000059 122000291 30 
2021-01-01T05:29:24 0 0 경기70아1593 3 39 204000059 122000137 31 
2021-01-01T05:30:24 0 0 경기70아1593 3 39 204000059 122000137 31 
2021-01-01T05:31:23 0 0 경기70아1593 3 39 204000059 122000137 31 
2021-01-01T05:32:23 0 0 경기70아1593 3 39 204000059 122000139 34 
2021-01-01T05:33:23 0 0 경기70아1593 3 39 204000059 122000139 34 
2021-01-01T05:34:23 0 0 경기70아1593 3 39 204000059 122000089 36 
2021-01-01T05:35:22 0 0 경기70아1593 3 39 204000059 122000085 37 
2021-01-01T05:36:22 0 0 경기70아1593 3 39 204000059 122000066 39 
2021-01-01T05:37:21 0 0 경기70아1593 3 39 204000059 122000559 41 
2021-01-01T05:38:21 0 0 경기70아1593 3 39 204000059 122000559 41 
2021-01-01T05:39:21 0 0 경기70아1593 3 39 204000059 122000078 42 
2021-01-01T05:40:20 0 0 경기70아1593 3 39 204000059 122000078 42 
2021-01-01T05:41:20 0 0 경기70아1593 3 39 204000059 122000079 43 
2021-01-01T05:42:20 0 0 경기70아1593 3 39 204000059 122000079 43 
2021-01-01T05:43:19 0 0 경기70아1593 3 39 204000059 122000065 44 
2021-01-01T05:44:19 0 0 경기70아1593 3 39 204000059 122000637 45 
2021-01-01T05:45:19 0 0 경기70아1593 3 39 204000059 122000068 46 
2021-01-01T05:46:18 0 0 경기70아1593 3 39 204000059 122000095 48 
2021-01-01T05:47:17 0 0 경기70아1593 3 39 204000059 122000096 49 
2021-01-01T05:48:17 0 0 경기70아1593 3 39 204000059 122000330 50 
2021-01-01T05:49:16 0 0 경기70아1593 3 39 204000059 122000142 51 
2021-01-01T05:50:16 0 0 경기70아1593 3 39 204000059 122000133 52 
2021-01-01T05:51:15 0 0 경기70아1593 3 39 204000059 122000256 53 
2021-01-01T05:52:15 0 0 경기70아1593 3 39 204000059 122000257 54 
2021-01-01T05:53:15 0 0 경기70아1593 3 39 204000059 122000257 54 
2021-01-01T05:54:15 0 0 경기70아1593 3 39 204000059 122000257 54 
2021-01-01T05:55:14 0 0 경기70아1593 3 39 204000059 122000285 56 
2021-01-01T05:56:14 0 0 경기70아1593 3 39 204000059 277103420 57 
2021-01-01T05:57:13 0 0 경기70아1593 3 39 204000059 277103420 57 
2021-01-01T05:58:13 0 0 경기70아1593 3 39 204000059 277103420 57 
2021-01-01T05:59:12 0 0 경기70아1593 3 39 204000059 277103418 58 
2021-01-01T06:00:12 0 0 경기70아1593 3 39 204000059 277103418 58 
2021-01-01T06:01:11 0 0 경기70아1593 3 39 204000059 277103418 58 
2021-01-01T06:02:11 0 0 경기70아1593 3 39 204000059 277103418 58 
2021-01-01T06:03:11 0 0 경기70아1593 3 39 204000059 277103418 58 
2021-01-01T06:04:10 0 0 경기70아1593 3 39 204000059 205000207 59 
2021-01-01T06:05:09 0 0 경기70아1593 3 39 204000059 205000207 59 
2021-01-01T06:06:09 0 0 경기70아1593 3 39 204000059 205000207 59 
2021-01-01T06:07:09 0 0 경기70아1593 3 39 204000059 206000361 61 
2021-01-01T06:08:08 0 0 경기70아1593 3 39 204000059 206000392 63 
2021-01-01T06:09:08 0 0 경기70아1593 3 39 204000059 206000298 64 
2021-01-01T06:10:08 0 0 경기70아1593 3 39 204000059 206000310 65 
2021-01-01T06:11:07 0 0 경기70아1593 3 39 204000059 204000203 66 
2021-01-01T06:12:07 0 0 경기70아1593 3 38 204000059 204000207 67 
2021-01-01T06:13:07 0 0 경기70아1593 3 38 204000059 206000614 68 
2021-01-01T06:14:06 0 0 경기70아1593 3 38 204000059 206000614 68 
2021-01-01T06:15:06 0 0 경기70아1593 3 38 204000059 206000616 69 
2021-01-01T06:16:06 0 0 경기70아1593 3 38 204000059 206000532 71 
2021-01-01T06:17:06 0 0 경기70아1593 3 38 204000059 206000532 71 
2021-01-01T06:18:06 0 0 경기70아1593 3 38 204000059 206000533 72 
2021-01-01T06:19:05 0 0 경기70아1593 3 38 204000059 206000018 73 
2021-01-01T06:20:05 0 0 경기70아1593 3 38 204000059 206000018 73 
2021-01-01T06:21:05 0 0 경기70아1593 3 38 204000059 206000554 75 
2021-01-01T06:22:04 0 0 경기70아1593 3 38 204000059 206000556 77 
2021-01-01T06:23:04 0 0 경기70아1593 3 38 204000059 206000014 79 
2021-01-01T06:24:03 0 0 경기70아1593 3 38 204000059 206000557 80 
2021-01-01T06:25:03 0 0 경기70아1593 3 38 204000059 206000012 82 
2021-01-01T07:29:33 0 0 경기70아1593 3 39 204000059 206000658 3 
2021-01-01T07:30:33 0 0 경기70아1593 3 39 204000059 206000558 4 
2021-01-01T07:31:32 0 0 경기70아1593 3 39 204000059 206000007 5 
2021-01-01T07:32:32 0 0 경기70아1593 3 39 204000059 206000005 7 
2021-01-01T07:33:31 0 0 경기70아1593 3 38 204000059 206000555 9 
2021-01-01T07:34:31 0 0 경기70아1593 3 38 204000059 206000003 10 
2021-01-01T07:35:31 0 0 경기70아1593 3 38 204000059 206000003 10 
2021-01-01T07:36:31 0 0 경기70아1593 3 38 204000059 206000002 11 
2021-01-01T07:37:30 0 0 경기70아1593 3 38 204000059 206000002 11 
2021-01-01T07:38:29 0 0 경기70아1593 3 38 204000059 206000534 12 
2021-01-01T07:39:29 0 0 경기70아1593 3 39 204000059 206000534 12 
2021-01-01T07:40:28 0 0 경기70아1593 3 39 204000059 206000535 13 
2021-01-01T07:41:28 0 0 경기70아1593 3 39 204000059 206000535 13 
2021-01-01T07:42:27 0 0 경기70아1593 3 39 204000059 206000535 13 
2021-01-01T07:43:26 0 0 경기70아1593 3 39 204000059 206000617 14 
2021-01-01T07:44:26 0 0 경기70아1593 3 38 204000059 206000617 14 
2021-01-01T07:45:25 0 0 경기70아1593 3 38 204000059 206000615 15 
2021-01-01T07:46:24 0 0 경기70아1593 3 38 204000059 204000208 16 
2021-01-01T07:47:24 0 0 경기70아1593 3 38 204000059 204000208 16 
2021-01-01T07:48:24 0 0 경기70아1593 3 38 204000059 206000309 18 
2021-01-01T07:49:23 0 0 경기70아1593 3 39 204000059 206000441 20 
2021-01-01T07:50:22 0 0 경기70아1593 3 39 204000059 206000441 20 
2021-01-01T07:51:22 0 0 경기70아1593 3 39 204000059 206000441 20 
2021-01-01T07:52:21 0 0 경기70아1593 3 39 204000059 205000029 22 
2021-01-01T07:53:21 0 0 경기70아1593 3 39 204000059 205000029 22 
2021-01-01T07:54:21 0 0 경기70아1593 3 39 204000059 205000029 22 
2021-01-01T07:55:20 0 0 경기70아1593 3 39 204000059 205000029 22 
2021-01-01T07:56:20 0 0 경기70아1593 3 39 204000059 205000069 23 
2021-01-01T07:57:20 0 0 경기70아1593 3 39 204000059 205000069 23 
2021-01-01T07:58:20 0 0 경기70아1593 3 39 204000059 205000069 23 
2021-01-01T07:59:19 0 0 경기70아1593 3 39 204000059 277102622 24 
2021-01-01T08:00:19 0 0 경기70아1593 3 39 204000059 277102622 24 
2021-01-01T08:01:19 0 0 경기70아1593 3 39 204000059 277102622 24 
2021-01-01T08:02:19 0 0 경기70아1593 3 39 204000059 277103419 25 
2021-01-01T08:03:19 0 0 경기70아1593 3 39 204000059 277103419 25 
2021-01-01T08:04:18 0 0 경기70아1593 3 39 204000059 277103419 25 
2021-01-01T08:05:17 0 0 경기70아1593 3 39 204000059 277103421 26 
2021-01-01T08:06:17 0 0 경기70아1593 3 39 204000059 277103421 26 
2021-01-01T08:07:17 0 0 경기70아1593 3 39 204000059 122000287 27 
2021-01-01T08:08:16 0 0 경기70아1593 3 39 204000059 122000288 28 
2021-01-01T08:09:16 0 0 경기70아1593 3 39 204000059 122000258 29 
2021-01-01T08:10:16 0 0 경기70아1593 3 39 204000059 122000258 29 
2021-01-01T08:11:16 0 0 경기70아1593 3 39 204000059 122000291 30 
2021-01-01T08:12:15 0 0 경기70아1593 3 39 204000059 122000137 31 
2021-01-01T08:13:15 0 0 경기70아1593 3 39 204000059 122000386 33 
2021-01-01T08:14:14 0 0 경기70아1593 3 39 204000059 122000139 34 
2021-01-01T08:15:14 0 0 경기70아1593 3 39 204000059 122000094 35 
2021-01-01T08:16:14 0 0 경기70아1593 3 39 204000059 122000085 37 
2021-01-01T08:17:14 0 0 경기70아1593 3 39 204000059 122000066 39 
2021-01-01T08:18:13 0 0 경기70아1593 3 39 204000059 122000066 39 
2021-01-01T08:19:13 0 0 경기70아1593 3 39 204000059 122000064 40 
2021-01-01T08:20:11 0 0 경기70아1593 3 39 204000059 122000559 41 
2021-01-01T08:21:12 0 0 경기70아1593 3 39 204000059 122000078 42 
2021-01-01T08:22:11 0 0 경기70아1593 3 39 204000059 122000078 42 
2021-01-01T08:23:11 0 0 경기70아1593 3 39 204000059 122000078 42 
2021-01-01T08:24:10 0 0 경기70아1593 3 39 204000059 122000079 43 
2021-01-01T08:25:10 0 0 경기70아1593 3 39 204000059 122000079 43 
2021-01-01T08:26:10 0 0 경기70아1593 3 39 204000059 122000065 44 
2021-01-01T08:27:10 0 0 경기70아1593 3 39 204000059 122000068 46 
2021-01-01T08:28:09 0 0 경기70아1593 3 39 204000059 122000068 46 
2021-01-01T08:29:09 0 0 경기70아1593 3 39 204000059 122000068 46 
2021-01-01T08:30:09 0 0 경기70아1593 3 39 204000059 122000095 48 
2021-01-01T08:31:08 0 0 경기70아1593 3 39 204000059 122000096 49 
2021-01-01T08:32:08 0 0 경기70아1593 3 39 204000059 122000142 51 
2021-01-01T08:33:07 0 0 경기70아1593 3 39 204000059 122000133 52 
2021-01-01T08:34:07 0 0 경기70아1593 3 39 204000059 122000256 53 
2021-01-01T08:35:06 0 0 경기70아1593 3 39 204000059 122000256 53 
2021-01-01T08:36:05 0 0 경기70아1593 3 39 204000059 122000257 54 
2021-01-01T08:37:04 0 0 경기70아1593 3 39 204000059 122000257 54 
2021-01-01T08:38:04 0 0 경기70아1593 3 39 204000059 122000257 54 
2021-01-01T08:39:03 0 0 경기70아1593 3 39 204000059 122000257 54 
2021-01-01T08:40:03 0 0 경기70아1593 3 39 204000059 122000285 56 
2021-01-01T08:41:03 0 0 경기70아1593 3 39 204000059 277103420 57 
2021-01-01T08:42:03 0 0 경기70아1593 3 39 204000059 277103420 57 
2021-01-01T08:43:02 0 0 경기70아1593 3 39 204000059 277103420 57 
2021-01-01T08:44:02 0 0 경기70아1593 3 39 204000059 277103418 58 
2021-01-01T08:45:01 0 0 경기70아1593 3 39 204000059 277103418 58 
2021-01-01T08:46:00 0 0 경기70아1593 3 39 204000059 277103418 58 
2021-01-01T08:46:59 0 0 경기70아1593 3 39 204000059 277103418 58 
2021-01-01T08:47:59 0 0 경기70아1593 3 39 204000059 277103418 58 
2021-01-01T08:48:58 0 0 경기70아1593 3 39 204000059 277103418 58 
2021-01-01T08:49:58 0 0 경기70아1593 3 39 204000059 205000207 59 
2021-01-01T08:50:57 0 0 경기70아1593 3 39 204000059 205000207 59 
2021-01-01T08:51:57 0 0 경기70아1593 3 39 204000059 205000245 60 
2021-01-01T08:52:56 0 0 경기70아1593 3 39 204000059 206000361 61 
2021-01-01T08:53:56 0 0 경기70아1593 3 39 204000059 206000361 61 
2021-01-01T08:54:56 0 0 경기70아1593 3 39 204000059 206000157 62 
2021-01-01T08:55:56 0 0 경기70아1593 3 39 204000059 206000298 64 
2021-01-01T08:56:55 0 0 경기70아1593 3 39 204000059 206000298 64 
2021-01-01T08:57:55 0 0 경기70아1593 3 39 204000059 206000310 65 
2021-01-01T08:58:54 0 0 경기70아1593 3 39 204000059 204000203 66 
2021-01-01T08:59:54 0 0 경기70아1593 3 39 204000059 204000207 67 
2021-01-01T09:00:53 0 0 경기70아1593 3 39 204000059 206000614 68 
2021-01-01T09:01:52 0 0 경기70아1593 3 39 204000059 206000614 68 
2021-01-01T09:02:52 0 0 경기70아1593 3 39 204000059 206000616 69 
2021-01-01T09:03:51 0 0 경기70아1593 3 39 204000059 206000532 71 
2021-01-01T09:04:51 0 0 경기70아1593 3 39 204000059 206000532 71 
2021-01-01T09:05:50 0 0 경기70아1593 3 39 204000059 206000532 71 
2021-01-01T09:06:50 0 0 경기70아1593 3 39 204000059 206000533 72 
2021-01-01T09:07:49 0 0 경기70아1593 3 39 204000059 206000018 73 
2021-01-01T09:08:49 0 0 경기70아1593 3 39 204000059 206000016 76 
2021-01-01T09:09:48 0 0 경기70아1593 3 39 204000059 206000015 78 
2021-01-01T09:10:48 0 0 경기70아1593 3 39 204000059 206000014 79 
2021-01-01T09:11:48 0 0 경기70아1593 3 39 204000059 206000657 81 
2021-01-01T09:12:48 0 0 경기70아1593 3 39 204000059 206000470 83 
2021-01-01T11:29:40 0 0 경기70아1593 3 39 204000059 206000009 2 
2021-01-01T11:30:40 0 0 경기70아1593 3 39 204000059 206000658 3 
2021-01-01T11:31:40 0 0 경기70아1593 3 39 204000059 206000658 3 
2021-01-01T11:32:39 0 0 경기70아1593 3 39 204000059 206000558 4 
2021-01-01T11:33:39 0 0 경기70아1593 3 39 204000059 206000007 5 
2021-01-01T11:34:38 0 0 경기70아1593 3 39 204000059 206000006 6 
2021-01-01T11:35:38 0 0 경기70아1593 3 39 204000059 206000005 7 
2021-01-01T11:36:37 0 0 경기70아1593 3 39 204000059 206000005 7 
2021-01-01T11:37:37 0 0 경기70아1593 3 39 204000059 206000004 8 
2021-01-01T11:38:36 0 0 경기70아1593 3 39 204000059 206000003 10 
2021-01-01T11:39:36 0 0 경기70아1593 3 39 204000059 206000002 11 
2021-01-01T11:40:35 0 0 경기70아1593 3 39 204000059 206000002 11 
2021-01-01T11:41:35 0 0 경기70아1593 3 39 204000059 206000002 11 
2021-01-01T11:42:35 0 0 경기70아1593 3 39 204000059 206000534 12 
2021-01-01T11:43:34 0 0 경기70아1593 3 39 204000059 206000534 12 
2021-01-01T11:44:33 0 0 경기70아1593 3 39 204000059 206000535 13 
2021-01-01T11:45:33 0 0 경기70아1593 3 39 204000059 206000535 13 
2021-01-01T11:46:33 0 0 경기70아1593 3 39 204000059 206000535 13 
2021-01-01T11:47:33 0 0 경기70아1593 3 39 204000059 206000535 13 
2021-01-01T11:48:33 0 0 경기70아1593 3 39 204000059 206000615 15 
2021-01-01T11:49:32 0 0 경기70아1593 3 39 204000059 206000615 15 
2021-01-01T11:50:31 0 0 경기70아1593 3 39 204000059 204000208 16 
2021-01-01T11:51:31 0 0 경기70아1593 3 39 204000059 204000204 17 
2021-01-01T11:52:31 0 0 경기70아1593 3 39 204000059 204000204 17 
2021-01-01T11:53:31 0 0 경기70아1593 3 39 204000059 204000204 17 
2021-01-01T11:54:30 0 0 경기70아1593 3 39 204000059 206000309 18 
2021-01-01T11:55:30 0 0 경기70아1593 3 39 204000059 206000277 19 
2021-01-01T11:56:29 0 0 경기70아1593 3 39 204000059 206000441 20 
2021-01-01T11:57:28 0 0 경기70아1593 3 39 204000059 206000441 20 
2021-01-01T11:58:27 0 0 경기70아1593 3 39 204000059 206000784 21 
2021-01-01T11:59:26 0 0 경기70아1593 3 39 204000059 206000784 21 
2021-01-01T12:00:25 0 0 경기70아1593 3 39 204000059 206000784 21 
2021-01-01T12:01:24 0 0 경기70아1593 3 39 204000059 205000029 22 
2021-01-01T12:02:23 0 0 경기70아1593 3 39 204000059 205000029 22 
2021-01-01T12:03:22 0 0 경기70아1593 3 39 204000059 205000029 22 
2021-01-01T12:04:22 0 0 경기70아1593 3 39 204000059 205000029 22 
2021-01-01T12:05:22 0 0 경기70아1593 3 39 204000059 205000069 23 
2021-01-01T12:06:22 0 0 경기70아1593 3 39 204000059 205000069 23 
2021-01-01T12:07:21 0 0 경기70아1593 3 39 204000059 205000069 23 
2021-01-01T12:08:21 0 0 경기70아1593 3 39 204000059 205000069 23 
2021-01-01T12:09:21 0 0 경기70아1593 3 39 204000059 277102622 24 
2021-01-01T12:10:21 0 0 경기70아1593 3 39 204000059 277102622 24 
2021-01-01T12:11:20 0 0 경기70아1593 3 39 204000059 277102622 24 
2021-01-01T12:12:19 0 0 경기70아1593 3 39 204000059 277103419 25 
2021-01-01T12:13:18 0 0 경기70아1593 3 39 204000059 277103419 25 
2021-01-01T12:14:18 0 0 경기70아1593 3 39 204000059 277103419 25 
2021-01-01T12:15:17 0 0 경기70아1593 3 39 204000059 277103419 25 
2021-01-01T12:16:17 0 0 경기70아1593 3 39 204000059 277103421 26 
2021-01-01T12:17:17 0 0 경기70아1593 3 39 204000059 122000287 27 
2021-01-01T12:18:16 0 0 경기70아1593 3 39 204000059 122000288 28 
2021-01-01T12:19:16 0 0 경기70아1593 3 39 204000059 122000288 28 
2021-01-01T12:20:16 0 0 경기70아1593 3 39 204000059 122000258 29 
2021-01-01T12:21:15 0 0 경기70아1593 3 39 204000059 122000258 29 
2021-01-01T12:22:14 0 0 경기70아1593 3 39 204000059 122000291 30 
2021-01-01T12:23:14 0 0 경기70아1593 3 39 204000059 122000291 30 
2021-01-01T12:24:13 0 0 경기70아1593 3 39 204000059 122000137 31 
2021-01-01T12:25:12 0 0 경기70아1593 3 39 204000059 122000137 31 
2021-01-01T12:26:12 0 0 경기70아1593 3 39 204000059 122000388 32 
2021-01-01T12:27:11 0 0 경기70아1593 3 39 204000059 122000386 33 
2021-01-01T12:28:11 0 0 경기70아1593 3 39 204000059 122000386 33 
2021-01-01T12:29:10 0 0 경기70아1593 3 39 204000059 122000139 34 
2021-01-01T12:30:10 0 0 경기70아1593 3 39 204000059 122000139 34 
2021-01-01T12:31:09 0 0 경기70아1593 3 39 204000059 122000139 34 
2021-01-01T12:32:09 0 0 경기70아1593 3 39 204000059 122000094 35 
2021-01-01T12:33:08 0 0 경기70아1593 3 39 204000059 122000094 35 
2021-01-01T12:34:07 0 0 경기70아1593 3 39 204000059 122000089 36 
2021-01-01T12:35:07 0 0 경기70아1593 3 39 204000059 122000085 37 
2021-01-01T12:36:06 0 0 경기70아1593 3 39 204000059 122000066 39 
2021-01-01T12:37:06 0 0 경기70아1593 3 39 204000059 122000066 39 
2021-01-01T12:38:06 0 0 경기70아1593 3 39 204000059 122000066 39 
2021-01-01T12:39:05 0 0 경기70아1593 3 39 204000059 122000064 40 
2021-01-01T12:40:04 0 0 경기70아1593 3 39 204000059 122000064 40 
2021-01-01T12:41:03 0 0 경기70아1593 3 39 204000059 122000064 40 
2021-01-01T12:42:03 0 0 경기70아1593 3 39 204000059 122000559 41 
2021-01-01T12:43:02 0 0 경기70아1593 3 39 204000059 122000078 42 
2021-01-01T12:44:02 0 0 경기70아1593 3 39 204000059 122000078 42 
2021-01-01T12:45:01 0 0 경기70아1593 3 39 204000059 122000079 43 
2021-01-01T12:46:01 0 0 경기70아1593 3 39 204000059 122000079 43 
2021-01-01T12:47:00 0 0 경기70아1593 3 39 204000059 122000065 44 
2021-01-01T12:48:00 0 0 경기70아1593 3 39 204000059 122000637 45 
2021-01-01T12:49:00 0 0 경기70아1593 3 39 204000059 122000068 46 
2021-01-01T12:49:59 0 0 경기70아1593 3 39 204000059 122000086 47 
2021-01-01T12:50:58 0 0 경기70아1593 3 39 204000059 122000095 48 
2021-01-01T12:51:57 0 0 경기70아1593 3 37 204000059 122000096 49 
2021-01-01T12:52:56 0 0 경기70아1593 3 37 204000059 122000096 49 
2021-01-01T12:53:56 0 0 경기70아1593 3 37 204000059 122000142 51 
2021-01-01T12:54:56 0 0 경기70아1593 3 37 204000059 122000142 51 
2021-01-01T12:55:55 0 0 경기70아1593 3 37 204000059 122000133 52 
2021-01-01T12:56:54 0 0 경기70아1593 3 37 204000059 122000133 52 
2021-01-01T12:57:54 0 0 경기70아1593 3 37 204000059 122000133 52 
2021-01-01T12:58:54 0 0 경기70아1593 3 37 204000059 122000256 53 
2021-01-01T12:59:53 0 0 경기70아1593 3 37 204000059 122000257 54 
2021-01-01T13:00:52 0 0 경기70아1593 3 37 204000059 122000257 54 
2021-01-01T13:01:52 0 0 경기70아1593 3 37 204000059 122000257 54 
2021-01-01T13:02:52 0 0 경기70아1593 3 37 204000059 122000257 54 
2021-01-01T13:03:52 0 0 경기70아1593 3 37 204000059 122000286 55 
2021-01-01T13:04:51 0 0 경기70아1593 3 36 204000059 122000285 56 
2021-01-01T13:05:51 0 0 경기70아1593 3 36 204000059 277103420 57 
2021-01-01T13:06:51 0 0 경기70아1593 3 36 204000059 277103420 57 
2021-01-01T13:07:51 0 0 경기70아1593 3 36 204000059 277103420 57 
2021-01-01T13:08:50 0 0 경기70아1593 3 36 204000059 277103420 57 
2021-01-01T13:09:50 0 0 경기70아1593 3 36 204000059 277103418 58 
2021-01-01T13:10:50 0 0 경기70아1593 3 36 204000059 277103418 58 
2021-01-01T13:11:50 0 0 경기70아1593 3 36 204000059 277103418 58 
2021-01-01T13:12:49 0 0 경기70아1593 3 36 204000059 277103418 58 
2021-01-01T13:13:48 0 0 경기70아1593 3 36 204000059 277103418 58 
2021-01-01T13:14:48 0 0 경기70아1593 3 36 204000059 277103418 58 
2021-01-01T13:15:47 0 0 경기70아1593 3 36 204000059 205000207 59 
2021-01-01T13:16:46 0 0 경기70아1593 3 36 204000059 205000207 59 
2021-01-01T13:17:46 0 0 경기70아1593 3 36 204000059 205000245 60 
2021-01-01T13:18:45 0 0 경기70아1593 3 36 204000059 205000245 60 
2021-01-01T13:19:44 0 0 경기70아1593 3 36 204000059 206000361 61 
2021-01-01T13:20:44 0 0 경기70아1593 3 37 204000059 206000157 62 
2021-01-01T13:21:43 0 0 경기70아1593 3 37 204000059 206000157 62 
2021-01-01T13:22:43 0 0 경기70아1593 3 37 204000059 206000157 62 
2021-01-01T13:23:42 0 0 경기70아1593 3 37 204000059 206000392 63 
2021-01-01T13:24:42 0 0 경기70아1593 3 37 204000059 206000298 64 
2021-01-01T13:25:42 0 0 경기70아1593 3 37 204000059 206000310 65 
2021-01-01T13:26:42 0 0 경기70아1593 3 37 204000059 204000203 66 
2021-01-01T13:27:41 0 0 경기70아1593 3 37 204000059 204000203 66 
2021-01-01T13:28:40 0 0 경기70아1593 3 37 204000059 204000203 66 
2021-01-01T13:29:40 0 0 경기70아1593 3 37 204000059 204000203 66 
2021-01-01T13:30:40 0 0 경기70아1593 3 37 204000059 204000207 67 
2021-01-01T13:31:40 0 0 경기70아1593 3 37 204000059 206000614 68 
2021-01-01T13:32:40 0 0 경기70아1593 3 37 204000059 206000614 68 
2021-01-01T13:33:40 0 0 경기70아1593 3 37 204000059 206000616 69 
2021-01-01T13:34:39 0 0 경기70아1593 3 37 204000059 206000531 70 
2021-01-01T13:35:39 0 0 경기70아1593 3 37 204000059 206000531 70 
2021-01-01T13:36:39 0 0 경기70아1593 3 37 204000059 206000532 71 
2021-01-01T13:37:39 0 0 경기70아1593 3 37 204000059 206000532 71 
2021-01-01T13:38:39 0 0 경기70아1593 3 37 204000059 206000532 71 
2021-01-01T13:39:39 0 0 경기70아1593 3 37 204000059 206000533 72 
2021-01-01T13:40:38 0 0 경기70아1593 3 37 204000059 206000018 73 
2021-01-01T13:41:37 0 0 경기70아1593 3 37 204000059 206000554 75 
2021-01-01T13:42:37 0 0 경기70아1593 3 37 204000059 206000554 75 
2021-01-01T13:43:37 0 0 경기70아1593 3 37 204000059 206000016 76 
2021-01-01T13:44:36 0 0 경기70아1593 3 37 204000059 206000556 77 
2021-01-01T13:45:36 0 0 경기70아1593 3 37 204000059 206000556 77 
2021-01-01T13:46:35 0 0 경기70아1593 3 37 204000059 206000556 77 
2021-01-01T13:47:35 0 0 경기70아1593 3 39 204000059 206000015 78 
2021-01-01T13:48:35 0 0 경기70아1593 3 39 204000059 206000557 80 
2021-01-01T13:49:33 0 0 경기70아1593 3 39 204000059 206000657 81 
2021-01-01T13:50:33 0 0 경기70아1593 3 39 204000059 206000012 82 
2021-01-01T16:38:29 0 0 경기70아1593 3 39 204000059 206000009 2 
2021-01-01T16:39:28 0 0 경기70아1593 3 39 204000059 206000658 3 
2021-01-01T16:40:28 0 0 경기70아1593 3 39 204000059 206000558 4 
2021-01-01T16:41:27 0 0 경기70아1593 3 39 204000059 206000007 5 
2021-01-01T16:42:27 0 0 경기70아1593 3 39 204000059 206000006 6 
2021-01-01T16:43:27 0 0 경기70아1593 3 39 204000059 206000005 7 
2021-01-01T16:44:27 0 0 경기70아1593 3 39 204000059 206000005 7 
2021-01-01T16:45:26 0 0 경기70아1593 3 39 204000059 206000004 8 
2021-01-01T16:46:25 0 0 경기70아1593 3 39 204000059 206000003 10 
2021-01-01T16:47:25 0 0 경기70아1593 3 39 204000059 206000003 10 
2021-01-01T16:48:24 0 0 경기70아1593 3 39 204000059 206000002 11 
2021-01-01T16:49:24 0 0 경기70아1593 3 39 204000059 206000002 11 
2021-01-01T16:50:23 0 0 경기70아1593 3 39 204000059 206000534 12 
2021-01-01T16:51:22 0 0 경기70아1593 3 39 204000059 206000535 13 
2021-01-01T16:52:21 0 0 경기70아1593 3 39 204000059 206000535 13 
2021-01-01T16:53:21 0 0 경기70아1593 3 39 204000059 206000617 14 
2021-01-01T16:54:21 0 0 경기70아1593 3 39 204000059 206000615 15 
2021-01-01T16:55:20 0 0 경기70아1593 3 39 204000059 206000615 15 
2021-01-01T16:56:20 0 0 경기70아1593 3 39 204000059 204000204 17 
2021-01-01T16:57:19 0 0 경기70아1593 3 39 204000059 204000204 17 
2021-01-01T16:58:18 0 0 경기70아1593 3 39 204000059 206000277 19 
2021-01-01T16:59:18 0 0 경기70아1593 3 39 204000059 206000441 20 
2021-01-01T17:00:18 0 0 경기70아1593 3 39 204000059 206000441 20 
2021-01-01T17:01:18 0 0 경기70아1593 3 39 204000059 206000784 21 
2021-01-01T17:02:17 0 0 경기70아1593 3 39 204000059 205000029 22 
2021-01-01T17:03:17 0 0 경기70아1593 3 39 204000059 205000029 22 
2021-01-01T17:04:16 0 0 경기70아1593 3 39 204000059 205000029 22 
2021-01-01T17:05:15 0 0 경기70아1593 3 39 204000059 205000029 22 
2021-01-01T17:06:15 0 0 경기70아1593 3 39 204000059 205000069 23 
2021-01-01T17:07:15 0 0 경기70아1593 3 39 204000059 205000069 23 
2021-01-01T17:08:14 0 0 경기70아1593 3 39 204000059 205000069 23 
2021-01-01T17:09:13 0 0 경기70아1593 3 39 204000059 205000069 23 
2021-01-01T17:10:13 0 0 경기70아1593 3 39 204000059 277102622 24 
2021-01-01T17:11:12 0 0 경기70아1593 3 39 204000059 277102622 24 
2021-01-01T17:12:11 0 0 경기70아1593 3 39 204000059 277103419 25 
2021-01-01T17:13:11 0 0 경기70아1593 3 39 204000059 277103419 25 
2021-01-01T17:14:11 0 0 경기70아1593 3 39 204000059 277103419 25 
2021-01-01T17:15:11 0 0 경기70아1593 3 39 204000059 277103419 25 
2021-01-01T17:16:10 0 0 경기70아1593 3 39 204000059 277103421 26 
2021-01-01T17:17:10 0 0 경기70아1593 3 39 204000059 122000287 27 
2021-01-01T17:18:10 0 0 경기70아1593 3 39 204000059 122000288 28 
2021-01-01T17:19:09 0 0 경기70아1593 3 39 204000059 122000288 28 
2021-01-01T17:20:08 0 0 경기70아1593 3 39 204000059 122000258 29 
2021-01-01T17:21:08 0 0 경기70아1593 3 39 204000059 122000291 30 
2021-01-01T17:22:07 0 0 경기70아1593 3 39 204000059 122000137 31 
2021-01-01T17:23:07 0 0 경기70아1593 3 39 204000059 122000388 32 
2021-01-01T17:24:06 0 0 경기70아1593 3 39 204000059 122000386 33 
2021-01-01T17:25:05 0 0 경기70아1593 3 39 204000059 122000139 34 
2021-01-01T17:26:04 0 0 경기70아1593 3 39 204000059 122000094 35 
2021-01-01T17:27:04 0 0 경기70아1593 3 39 204000059 122000094 35 
2021-01-01T17:28:04 0 0 경기70아1593 3 39 204000059 122000085 37 
2021-01-01T17:29:04 0 0 경기70아1593 3 39 204000059 122000066 39 
2021-01-01T17:30:04 0 0 경기70아1593 3 39 204000059 122000064 40 
2021-01-01T17:31:03 0 0 경기70아1593 3 39 204000059 122000064 40 
2021-01-01T17:32:02 0 0 경기70아1593 3 39 204000059 122000559 41 
2021-01-01T17:33:01 0 0 경기70아1593 3 39 204000059 122000078 42 
2021-01-01T17:34:01 0 0 경기70아1593 3 39 204000059 122000078 42 
2021-01-01T17:35:01 0 0 경기70아1593 3 39 204000059 122000079 43 
2021-01-01T17:36:01 0 0 경기70아1593 3 39 204000059 122000079 43 
2021-01-01T17:37:01 0 0 경기70아1593 3 39 204000059 122000065 44 
2021-01-01T17:38:00 0 0 경기70아1593 3 39 204000059 122000637 45 
2021-01-01T17:39:00 0 0 경기70아1593 3 39 204000059 122000068 46 
2021-01-01T17:40:00 0 0 경기70아1593 3 39 204000059 122000086 47 
2021-01-01T17:40:59 0 0 경기70아1593 3 39 204000059 122000095 48 
2021-01-01T17:41:59 0 0 경기70아1593 3 39 204000059 122000095 48 
2021-01-01T17:42:59 0 0 경기70아1593 3 39 204000059 122000096 49 
2021-01-01T17:43:58 0 0 경기70아1593 3 39 204000059 122000330 50 
2021-01-01T17:44:58 0 0 경기70아1593 3 38 204000059 122000330 50 
2021-01-01T17:45:57 0 0 경기70아1593 3 38 204000059 122000330 50 
2021-01-01T17:46:57 0 0 경기70아1593 3 38 204000059 122000133 52 
2021-01-01T17:47:56 0 0 경기70아1593 3 38 204000059 122000133 52 
2021-01-01T17:48:56 0 0 경기70아1593 3 38 204000059 122000133 52 
2021-01-01T17:49:55 0 0 경기70아1593 3 38 204000059 122000257 54 
2021-01-01T17:50:55 0 0 경기70아1593 3 38 204000059 122000257 54 
2021-01-01T17:51:54 0 0 경기70아1593 3 38 204000059 122000286 55 
2021-01-01T17:52:53 0 0 경기70아1593 3 38 204000059 122000285 56 
2021-01-01T17:53:53 0 0 경기70아1593 3 38 204000059 277103420 57 
2021-01-01T17:54:52 0 0 경기70아1593 3 38 204000059 277103420 57 
2021-01-01T17:55:51 0 0 경기70아1593 3 38 204000059 277103420 57 
2021-01-01T17:56:51 0 0 경기70아1593 3 38 204000059 277103418 58 
2021-01-01T17:57:50 0 0 경기70아1593 3 38 204000059 277103418 58 
2021-01-01T17:58:50 0 0 경기70아1593 3 38 204000059 277103418 58 
2021-01-01T17:59:49 0 0 경기70아1593 3 38 204000059 277103418 58 
2021-01-01T18:00:49 0 0 경기70아1593 3 38 204000059 277103418 58 
2021-01-01T18:01:48 0 0 경기70아1593 3 38 204000059 277103418 58 
2021-01-01T18:02:48 0 0 경기70아1593 3 38 204000059 205000207 59 
2021-01-01T18:03:48 0 0 경기70아1593 3 38 204000059 205000207 59 
2021-01-01T18:04:47 0 0 경기70아1593 3 39 204000059 205000207 59 
2021-01-01T18:05:47 0 0 경기70아1593 3 39 204000059 205000207 59 
2021-01-01T18:06:46 0 0 경기70아1593 3 39 204000059 205000207 59 
2021-01-01T18:07:46 0 0 경기70아1593 3 39 204000059 205000245 60 
2021-01-01T18:08:46 0 0 경기70아1593 3 39 204000059 205000245 60 
2021-01-01T18:09:45 0 0 경기70아1593 3 39 204000059 206000361 61 
2021-01-01T18:10:44 0 0 경기70아1593 3 39 204000059 206000157 62 
2021-01-01T18:11:44 0 0 경기70아1593 3 39 204000059 206000298 64 
2021-01-01T18:12:44 0 0 경기70아1593 3 39 204000059 206000298 64 
2021-01-01T18:13:44 0 0 경기70아1593 3 39 204000059 206000310 65 
2021-01-01T18:14:44 0 0 경기70아1593 3 39 204000059 204000203 66 
2021-01-01T18:15:43 0 0 경기70아1593 3 39 204000059 204000203 66 
2021-01-01T18:16:43 0 0 경기70아1593 3 39 204000059 204000203 66 
2021-01-01T18:17:43 0 0 경기70아1593 3 39 204000059 204000207 67 
2021-01-01T18:18:42 0 0 경기70아1593 3 39 204000059 206000614 68 
2021-01-01T18:19:41 0 0 경기70아1593 3 39 204000059 206000614 68 
2021-01-01T18:20:41 0 0 경기70아1593 3 39 204000059 206000616 69 
2021-01-01T18:21:41 0 0 경기70아1593 3 39 204000059 206000531 70 
2021-01-01T18:22:41 0 0 경기70아1593 3 39 204000059 206000532 71 
2021-01-01T18:23:40 0 0 경기70아1593 3 39 204000059 206000532 71 
2021-01-01T18:24:40 0 0 경기70아1593 3 39 204000059 206000533 72 
2021-01-01T18:25:39 0 0 경기70아1593 3 39 204000059 206000533 72 
2021-01-01T18:26:39 0 0 경기70아1593 3 39 204000059 206000017 74 
2021-01-01T18:27:38 0 0 경기70아1593 3 39 204000059 206000017 74 
2021-01-01T18:28:39 0 0 경기70아1593 3 39 204000059 206000554 75 
2021-01-01T18:29:39 0 0 경기70아1593 3 39 204000059 206000016 76 
2021-01-01T18:30:38 0 0 경기70아1593 3 39 204000059 206000016 76 
2021-01-01T18:31:37 0 0 경기70아1593 3 39 204000059 206000556 77 
2021-01-01T18:32:37 0 0 경기70아1593 3 39 204000059 206000015 78 
2021-01-01T18:33:37 0 0 경기70아1593 3 39 204000059 206000014 79 
2021-01-01T18:34:37 0 0 경기70아1593 3 39 204000059 206000014 79 
2021-01-01T18:35:37 0 0 경기70아1593 3 39 204000059 206000557 80 
2021-01-01T18:36:36 0 0 경기70아1593 3 39 204000059 206000657 81 
2021-01-01T18:37:36 0 0 경기70아1593 3 39 204000059 206000470 83 
2021-01-01T19:58:10 0 0 경기70아1593 3 39 204000059 206000009 2 
2021-01-01T19:59:10 0 0 경기70아1593 3 39 204000059 206000658 3 
2021-01-01T20:00:10 0 0 경기70아1593 3 39 204000059 206000558 4 
2021-01-01T20:01:09 0 0 경기70아1593 3 39 204000059 206000007 5 
2021-01-01T20:02:08 0 0 경기70아1593 3 39 204000059 206000006 6 
2021-01-01T20:03:08 0 0 경기70아1593 3 39 204000059 206000005 7 
2021-01-01T20:04:07 0 0 경기70아1593 3 39 204000059 206000005 7 
2021-01-01T20:05:07 0 0 경기70아1593 3 39 204000059 206000004 8 
2021-01-01T20:06:07 0 0 경기70아1593 3 39 204000059 206000002 11 
2021-01-01T20:07:07 0 0 경기70아1593 3 39 204000059 206000002 11 
2021-01-01T20:08:06 0 0 경기70아1593 3 39 204000059 206000002 11 
2021-01-01T20:09:06 0 0 경기70아1593 3 39 204000059 206000535 13 
2021-01-01T20:10:05 0 0 경기70아1593 3 39 204000059 206000535 13 
2021-01-01T20:11:05 0 0 경기70아1593 3 39 204000059 206000617 14 
2021-01-01T20:12:05 0 0 경기70아1593 3 39 204000059 206000615 15 
2021-01-01T20:13:04 0 0 경기70아1593 3 39 204000059 204000208 16 
2021-01-01T20:14:04 0 0 경기70아1593 3 39 204000059 204000208 16 
2021-01-01T20:15:03 0 0 경기70아1593 3 39 204000059 204000204 17 
2021-01-01T20:16:03 0 0 경기70아1593 3 39 204000059 206000309 18 
2021-01-01T20:17:03 0 0 경기70아1593 3 39 204000059 206000441 20 
2021-01-01T20:18:02 0 0 경기70아1593 3 39 204000059 206000441 20 
2021-01-01T20:19:02 0 0 경기70아1593 3 38 204000059 206000784 21 
2021-01-01T20:20:01 0 0 경기70아1593 3 38 204000059 205000029 22 
2021-01-01T20:21:01 0 0 경기70아1593 3 38 204000059 205000029 22 
2021-01-01T20:22:00 0 0 경기70아1593 3 38 204000059 205000029 22 
2021-01-01T20:23:00 0 0 경기70아1593 3 38 204000059 205000029 22 
2021-01-01T20:24:00 0 0 경기70아1593 3 38 204000059 205000029 22 
2021-01-01T20:25:00 0 0 경기70아1593 3 38 204000059 205000029 22 
2021-01-01T20:25:59 0 0 경기70아1593 3 37 204000059 205000069 23 
2021-01-01T20:26:59 0 0 경기70아1593 3 37 204000059 277102622 24 
2021-01-01T20:27:59 0 0 경기70아1593 3 37 204000059 277102622 24 
2021-01-01T20:28:59 0 0 경기70아1593 3 37 204000059 277102622 24 
2021-01-01T20:29:59 0 0 경기70아1593 3 37 204000059 277102622 24 
2021-01-01T20:30:58 0 0 경기70아1593 3 37 204000059 277103419 25 
2021-01-01T20:31:58 0 0 경기70아1593 3 37 204000059 277103419 25 
2021-01-01T20:32:58 0 0 경기70아1593 3 37 204000059 277103421 26 
2021-01-01T20:33:59 0 0 경기70아1593 3 38 204000059 122000287 27 
2021-01-01T20:34:58 0 0 경기70아1593 3 38 204000059 122000288 28 
2021-01-01T20:35:57 0 0 경기70아1593 3 38 204000059 122000258 29 
2021-01-01T20:36:56 0 0 경기70아1593 3 38 204000059 122000258 29 
2021-01-01T20:37:56 0 0 경기70아1593 3 38 204000059 122000291 30 
2021-01-01T20:38:56 0 0 경기70아1593 3 38 204000059 122000388 32 
2021-01-01T20:39:56 0 0 경기70아1593 3 38 204000059 122000139 34 
2021-01-01T20:40:55 0 0 경기70아1593 3 38 204000059 122000139 34 
2021-01-01T20:41:56 0 0 경기70아1593 3 38 204000059 122000094 35 
2021-01-01T20:42:55 0 0 경기70아1593 3 38 204000059 122000094 35 
2021-01-01T20:43:54 0 0 경기70아1593 3 38 204000059 122000089 36 
2021-01-01T20:44:54 0 0 경기70아1593 3 38 204000059 122000066 39 
2021-01-01T20:45:53 0 0 경기70아1593 3 38 204000059 122000066 39 
2021-01-01T20:46:53 0 0 경기70아1593 3 39 204000059 122000064 40 
2021-01-01T20:47:52 0 0 경기70아1593 3 39 204000059 122000064 40 
2021-01-01T20:48:51 0 0 경기70아1593 3 39 204000059 122000559 41 
2021-01-01T20:49:51 0 0 경기70아1593 3 39 204000059 122000559 41 
2021-01-01T20:50:50 0 0 경기70아1593 3 39 204000059 122000078 42 
2021-01-01T20:51:50 0 0 경기70아1593 3 39 204000059 122000078 42 
2021-01-01T20:52:50 0 0 경기70아1593 3 39 204000059 122000078 42 
2021-01-01T20:53:50 0 0 경기70아1593 3 39 204000059 122000079 43 
2021-01-01T20:54:49 0 0 경기70아1593 3 39 204000059 122000079 43 
2021-01-01T20:55:49 0 0 경기70아1593 3 39 204000059 122000637 45 
2021-01-01T20:56:49 0 0 경기70아1593 3 39 204000059 122000068 46 
2021-01-01T20:57:48 0 0 경기70아1593 3 39 204000059 122000068 46 
2021-01-01T20:58:47 0 0 경기70아1593 3 39 204000059 122000086 47 
2021-01-01T20:59:47 0 0 경기70아1593 3 39 204000059 122000096 49 
2021-01-01T21:00:47 0 0 경기70아1593 3 39 204000059 122000096 49 
2021-01-01T21:01:46 0 0 경기70아1593 3 39 204000059 122000330 50 
2021-01-01T21:02:46 0 0 경기70아1593 3 39 204000059 122000330 50 
2021-01-01T21:03:46 0 0 경기70아1593 3 39 204000059 122000142 51 
2021-01-01T21:04:46 0 0 경기70아1593 3 39 204000059 122000133 52 
2021-01-01T21:05:45 0 0 경기70아1593 3 39 204000059 122000133 52 
2021-01-01T21:06:45 0 0 경기70아1593 3 39 204000059 122000256 53 
2021-01-01T21:07:45 0 0 경기70아1593 3 39 204000059 122000257 54 
2021-01-01T21:08:45 0 0 경기70아1593 3 39 204000059 122000257 54 
2021-01-01T21:09:45 0 0 경기70아1593 3 39 204000059 122000286 55 
2021-01-01T21:10:44 0 0 경기70아1593 3 39 204000059 122000285 56 
2021-01-01T21:11:44 0 0 경기70아1593 3 39 204000059 122000285 56 
2021-01-01T21:12:44 0 0 경기70아1593 3 39 204000059 277103420 57 
2021-01-01T21:13:43 0 0 경기70아1593 3 39 204000059 277103420 57 
2021-01-01T21:14:43 0 0 경기70아1593 3 39 204000059 277103418 58 
2021-01-01T21:15:43 0 0 경기70아1593 3 39 204000059 277103418 58 
2021-01-01T21:16:43 0 0 경기70아1593 3 39 204000059 277103418 58 
2021-01-01T21:17:43 0 0 경기70아1593 3 39 204000059 277103418 58 
2021-01-01T21:18:42 0 0 경기70아1593 3 39 204000059 277103418 58 
2021-01-01T21:19:42 0 0 경기70아1593 3 39 204000059 277103418 58 
2021-01-01T21:20:42 0 0 경기70아1593 3 39 204000059 205000207 59 
2021-01-01T21:21:41 0 0 경기70아1593 3 39 204000059 205000245 60 
2021-01-01T21:22:41 0 0 경기70아1593 3 39 204000059 206000361 61 
2021-01-01T21:23:40 0 0 경기70아1593 3 39 204000059 206000361 61 
2021-01-01T21:24:40 0 0 경기70아1593 3 39 204000059 206000157 62 
2021-01-01T21:25:39 0 0 경기70아1593 3 39 204000059 206000298 64 
2021-01-01T21:26:39 0 0 경기70아1593 3 39 204000059 206000298 64 
2021-01-01T21:27:39 0 0 경기70아1593 3 39 204000059 206000298 64 
2021-01-01T21:28:39 0 0 경기70아1593 3 39 204000059 206000310 65 
2021-01-01T21:29:38 0 0 경기70아1593 3 39 204000059 204000203 66 
2021-01-01T21:30:38 0 0 경기70아1593 3 39 204000059 204000203 66 
2021-01-01T21:31:38 0 0 경기70아1593 3 39 204000059 206000614 68 
2021-01-01T21:32:38 0 0 경기70아1593 3 39 204000059 206000614 68 
2021-01-01T21:33:37 0 0 경기70아1593 3 39 204000059 206000616 69 
2021-01-01T21:34:37 0 0 경기70아1593 3 39 204000059 206000531 70 
2021-01-01T21:35:37 0 0 경기70아1593 3 39 204000059 206000531 70 
2021-01-01T21:36:37 0 0 경기70아1593 3 39 204000059 206000532 71 
2021-01-01T21:37:36 0 0 경기70아1593 3 39 204000059 206000533 72 
2021-01-01T21:38:36 0 0 경기70아1593 3 39 204000059 206000554 75 
2021-01-01T21:39:36 0 0 경기70아1593 3 39 204000059 206000554 75 
2021-01-01T21:40:35 0 0 경기70아1593 3 39 204000059 206000554 75 
2021-01-01T21:41:35 0 0 경기70아1593 3 39 204000059 206000556 77 
2021-01-01T21:42:35 0 0 경기70아1593 3 39 204000059 206000014 79 
2021-01-01T21:43:34 0 0 경기70아1593 3 39 204000059 206000657 81 
2021-01-01T21:44:34 0 0 경기70아1593 3 39 204000059 206000470 83 
2021-01-01T21:45:33 0 0 경기70아1593 3 39 204000059 206000470 83 
2021-01-01T21:46:33 0 0 경기70아1593 3 39 204000059 206000470 83 
2021-01-01T21:47:33 0 0 경기70아1593 3 39 204000059 206000470 83 
2021-01-01T21:48:32 0 0 경기70아1593 3 39 204000059 206000470 83 
2021-01-01T21:49:32 0 0 경기70아1593 3 39 204000059 206000470 83 
2021-01-01T21:50:32 0 0 경기70아1593 3 39 204000059 206000470 83 
2021-01-01T21:51:31 0 0 경기70아1593 3 39 204000059 206000470 83 
2021-01-01T21:52:30 0 0 경기70아1593 3 39 204000059 206000470 83 
2021-01-01T21:53:30 0 0 경기70아1593 3 39 204000059 206000470 83 
2021-01-01T21:54:30 0 0 경기70아1593 3 39 204000059 206000470 83 
2021-01-01T21:55:30 0 0 경기70아1593 3 39 204000059 206000470 83 
2021-01-01T21:56:29 0 0 경기70아1593 3 39 204000059 206000470 83 
2021-01-01T21:57:29 0 0 경기70아1593 3 39 204000059 206000470 83 
2021-01-01T21:58:28 0 0 경기70아1593 3 39 204000059 206000470 83 
2021-01-01T21:59:28 0 0 경기70아1593 3 39 204000059 206000470 83 
