204000059 2021-01-02T20:00:02.310788+09:00
2021-01-03T04:48:40 0 0 경기70아1593 3 39 204000059 206000009 2 
2021-01-03T04:49:40 2 0 경기70아1593 3 39 204000059 206000658 3 
2021-01-03T04:50:39 2 0 경기70아1593 3 39 204000059 206000558 4 
2021-01-03T04:51:39 2 0 경기70아1593 3 37 204000059 206000007 5 
2021-01-03T04:52:38 2 0 경기70아1593 3 37 204000059 206000005 7 
2021-01-03T04:53:37 2 0 경기70아1593 3 36 204000059 206000555 9 
2021-01-03T04:54:37 2 0 경기70아1593 3 36 204000059 206000003 10 
2021-01-03T04:55:36 2 0 경기70아1593 3 36 204000059 206000002 11 
2021-01-03T04:56:36 2 0 경기70아1593 3 36 204000059 206000002 11 
2021-01-03T04:57:39 2 0 경기70아1593 3 36 204000059 206000002 11 
2021-01-03T04:58:35 2 0 경기70아1593 3 36 204000059 206000534 12 
2021-01-03T04:59:34 2 0 경기70아1593 3 36 204000059 206000534 12 
2021-01-03T05:00:33 2 0 경기70아1593 3 37 204000059 206000535 13 
2021-01-03T05:01:33 2 0 경기70아1593 3 37 204000059 206000535 13 
2021-01-03T05:02:32 2 0 경기70아1593 3 37 204000059 206000617 14 
2021-01-03T05:03:31 2 0 경기70아1593 3 37 204000059 206000617 14 
2021-01-03T05:04:31 2 0 경기70아1593 3 37 204000059 206000615 15 
2021-01-03T05:05:31 2 0 경기70아1593 3 37 204000059 204000208 16 
2021-01-03T05:06:31 2 0 경기70아1593 3 37 204000059 204000204 17 
2021-01-03T05:07:30 2 0 경기70아1593 3 37 204000059 206000277 19 
2021-01-03T05:08:30 2 0 경기70아1593 3 37 204000059 206000441 20 
2021-01-03T05:09:30 2 0 경기70아1593 3 37 204000059 206000441 20 
2021-01-03T05:10:29 2 0 경기70아1593 3 38 204000059 206000784 21 
2021-01-03T05:11:28 2 0 경기70아1593 3 38 204000059 205000029 22 
2021-01-03T05:12:28 2 0 경기70아1593 3 38 204000059 205000029 22 
2021-01-03T05:13:27 2 0 경기70아1593 3 38 204000059 205000029 22 
2021-01-03T05:14:26 2 0 경기70아1593 3 38 204000059 205000069 23 
2021-01-03T05:15:26 2 0 경기70아1593 3 38 204000059 277102622 24 
2021-01-03T05:16:26 2 0 경기70아1593 3 38 204000059 277102622 24 
2021-01-03T05:17:25 2 0 경기70아1593 3 38 204000059 277102622 24 
2021-01-03T05:18:25 2 0 경기70아1593 3 38 204000059 277103419 25 
2021-01-03T05:19:25 2 0 경기70아1593 3 38 204000059 277103419 25 
2021-01-03T05:20:24 2 0 경기70아1593 3 38 204000059 277103419 25 
2021-01-03T05:21:24 2 0 경기70아1593 3 38 204000059 277103421 26 
2021-01-03T05:22:23 2 0 경기70아1593 3 39 204000059 122000288 28 
2021-01-03T05:23:23 2 0 경기70아1593 3 39 204000059 122000288 28 
2021-01-03T05:24:23 2 0 경기70아1593 3 39 204000059 122000258 29 
2021-01-03T05:25:23 2 0 경기70아1593 3 39 204000059 122000258 29 
2021-01-03T05:26:22 2 0 경기70아1593 3 39 204000059 122000291 30 
2021-01-03T05:27:22 2 0 경기70아1593 3 39 204000059 122000137 31 
2021-01-03T05:28:21 2 0 경기70아1593 3 39 204000059 122000388 32 
2021-01-03T05:29:21 2 0 경기70아1593 3 39 204000059 122000386 33 
2021-01-03T05:30:21 2 0 경기70아1593 3 39 204000059 122000139 34 
2021-01-03T05:31:20 0 0 경기70아1593 3 39 204000059 122000094 35 
2021-01-03T05:32:20 0 0 경기70아1593 3 39 204000059 122000089 36 
2021-01-03T05:33:19 0 0 경기70아1593 3 39 204000059 122000066 39 
2021-01-03T05:34:19 0 0 경기70아1593 3 39 204000059 122000064 40 
2021-01-03T05:35:19 0 0 경기70아1593 3 39 204000059 122000559 41 
2021-01-03T05:36:18 0 0 경기70아1593 3 39 204000059 122000559 41 
2021-01-03T05:37:18 0 0 경기70아1593 3 39 204000059 122000078 42 
2021-01-03T05:38:17 0 0 경기70아1593 3 39 204000059 122000079 43 
2021-01-03T05:39:17 0 0 경기70아1593 3 39 204000059 122000065 44 
2021-01-03T05:40:17 0 0 경기70아1593 3 39 204000059 122000637 45 
2021-01-03T05:41:16 0 0 경기70아1593 3 39 204000059 122000086 47 
2021-01-03T05:42:16 0 0 경기70아1593 3 39 204000059 122000096 49 
2021-01-03T05:43:16 0 0 경기70아1593 3 39 204000059 122000096 49 
2021-01-03T05:44:16 0 0 경기70아1593 3 39 204000059 122000096 49 
2021-01-03T05:45:15 0 0 경기70아1593 3 39 204000059 122000096 49 
2021-01-03T05:46:15 0 0 경기70아1593 3 39 204000059 122000133 52 
2021-01-03T05:47:14 0 0 경기70아1593 3 39 204000059 122000256 53 
2021-01-03T05:48:14 0 0 경기70아1593 3 39 204000059 122000257 54 
2021-01-03T05:49:13 0 0 경기70아1593 3 39 204000059 122000257 54 
2021-01-03T05:50:13 0 0 경기70아1593 3 39 204000059 122000286 55 
2021-01-03T05:51:13 0 0 경기70아1593 3 39 204000059 122000285 56 
2021-01-03T05:52:13 0 0 경기70아1593 3 39 204000059 277103420 57 
2021-01-03T05:53:12 0 0 경기70아1593 3 39 204000059 277103420 57 
2021-01-03T05:54:12 0 0 경기70아1593 3 39 204000059 277103420 57 
2021-01-03T05:55:12 0 0 경기70아1593 3 39 204000059 277103418 58 
2021-01-03T05:56:11 0 0 경기70아1593 3 39 204000059 277103418 58 
2021-01-03T05:57:11 0 0 경기70아1593 3 39 204000059 277103418 58 
2021-01-03T05:58:10 0 0 경기70아1593 3 39 204000059 277103418 58 
2021-01-03T05:59:10 0 0 경기70아1593 3 39 204000059 277103418 58 
2021-01-03T06:00:10 0 0 경기70아1593 3 39 204000059 277103418 58 
2021-01-03T06:01:09 0 0 경기70아1593 3 39 204000059 205000207 59 
2021-01-03T06:02:09 0 0 경기70아1593 3 39 204000059 205000207 59 
2021-01-03T06:03:09 0 0 경기70아1593 3 39 204000059 205000207 59 
2021-01-03T06:04:08 0 0 경기70아1593 3 39 204000059 206000361 61 
2021-01-03T06:05:08 0 0 경기70아1593 3 39 204000059 206000157 62 
2021-01-03T06:06:08 0 0 경기70아1593 3 39 204000059 206000157 62 
2021-01-03T06:07:08 0 0 경기70아1593 3 39 204000059 206000392 63 
2021-01-03T06:08:08 0 0 경기70아1593 3 39 204000059 206000298 64 
2021-01-03T06:09:07 0 0 경기70아1593 3 39 204000059 206000298 64 
2021-01-03T06:10:07 0 0 경기70아1593 3 39 204000059 204000203 66 
2021-01-03T06:11:07 0 0 경기70아1593 3 39 204000059 204000203 66 
2021-01-03T06:12:07 0 0 경기70아1593 3 39 204000059 204000207 67 
2021-01-03T06:13:06 0 0 경기70아1593 3 39 204000059 206000614 68 
2021-01-03T06:14:06 0 0 경기70아1593 3 39 204000059 206000614 68 
2021-01-03T06:15:06 0 0 경기70아1593 3 39 204000059 206000616 69 
2021-01-03T06:16:06 0 0 경기70아1593 3 39 204000059 206000532 71 
2021-01-03T06:17:05 0 0 경기70아1593 3 39 204000059 206000532 71 
2021-01-03T06:18:05 0 0 경기70아1593 3 39 204000059 206000532 71 
2021-01-03T06:19:05 0 0 경기70아1593 3 39 204000059 206000533 72 
2021-01-03T06:20:04 0 0 경기70아1593 3 39 204000059 206000018 73 
2021-01-03T06:21:04 0 0 경기70아1593 3 39 204000059 206000016 76 
2021-01-03T06:22:04 0 0 경기70아1593 3 39 204000059 206000556 77 
2021-01-03T06:23:04 0 0 경기70아1593 3 39 204000059 206000014 79 
2021-01-03T06:24:04 0 0 경기70아1593 3 39 204000059 206000657 81 
2021-01-03T06:25:03 0 0 경기70아1593 3 39 204000059 206000470 83 
2021-01-03T06:26:03 0 0 경기70아1593 3 39 204000059 206000470 83 
2021-01-03T06:27:02 0 0 경기70아1593 3 39 204000059 206000470 83 
2021-01-03T06:28:02 0 0 경기70아1593 3 39 204000059 206000470 83 
2021-01-03T06:29:02 0 0 경기70아1593 3 39 204000059 206000470 83 
2021-01-03T06:30:01 0 0 경기70아1593 3 39 204000059 206000470 83 
2021-01-03T06:31:01 0 0 경기70아1593 3 39 204000059 206000470 83 
2021-01-03T06:32:01 0 0 경기70아1593 3 39 204000059 206000470 83 
2021-01-03T06:33:00 0 0 경기70아1593 3 39 204000059 206000470 83 
2021-01-03T06:34:00 0 0 경기70아1593 3 39 204000059 206000470 83 
2021-01-03T06:35:00 0 0 경기70아1593 3 39 204000059 206000470 83 
2021-01-03T06:35:59 0 0 경기70아1593 3 39 204000059 206000470 83 
2021-01-03T06:36:59 0 0 경기70아1593 3 39 204000059 206000470 83 
2021-01-03T06:37:58 0 0 경기70아1593 3 39 204000059 206000470 83 
2021-01-03T06:38:57 0 0 경기70아1593 3 39 204000059 206000470 83 
2021-01-03T06:39:57 0 0 경기70아1593 3 39 204000059 206000470 83 
2021-01-03T08:08:12 0 0 경기70아1593 3 39 204000059 122000288 28 
2021-01-03T08:09:12 0 0 경기70아1593 3 39 204000059 122000258 29 
2021-01-03T08:10:12 0 0 경기70아1593 3 39 204000059 122000258 29 
2021-01-03T08:11:12 0 0 경기70아1593 3 39 204000059 122000291 30 
2021-01-03T08:12:12 0 0 경기70아1593 3 39 204000059 122000137 31 
2021-01-03T08:13:11 0 0 경기70아1593 3 39 204000059 122000388 32 
2021-01-03T08:14:11 0 0 경기70아1593 3 39 204000059 122000386 33 
2021-01-03T08:15:11 0 0 경기70아1593 3 39 204000059 122000386 33 
2021-01-03T08:16:10 0 0 경기70아1593 3 39 204000059 122000139 34 
2021-01-03T08:17:09 0 0 경기70아1593 3 39 204000059 122000094 35 
2021-01-03T08:18:08 0 0 경기70아1593 3 39 204000059 122000089 36 
2021-01-03T08:19:08 0 0 경기70아1593 3 39 204000059 122000066 39 
2021-01-03T08:20:07 0 0 경기70아1593 3 39 204000059 122000066 39 
2021-01-03T08:21:07 0 0 경기70아1593 3 39 204000059 122000064 40 
2021-01-03T08:22:06 0 0 경기70아1593 3 39 204000059 122000559 41 
2021-01-03T08:23:06 0 0 경기70아1593 3 39 204000059 122000559 41 
2021-01-03T08:24:05 0 0 경기70아1593 3 39 204000059 122000078 42 
2021-01-03T08:25:04 0 0 경기70아1593 3 39 204000059 122000078 42 
2021-01-03T08:26:03 0 0 경기70아1593 3 39 204000059 122000079 43 
2021-01-03T08:27:03 0 0 경기70아1593 3 39 204000059 122000079 43 
2021-01-03T08:28:02 0 0 경기70아1593 3 39 204000059 122000079 43 
2021-01-03T08:29:01 0 0 경기70아1593 3 39 204000059 122000065 44 
2021-01-03T08:30:01 0 0 경기70아1593 3 39 204000059 122000068 46 
2021-01-03T08:31:01 0 0 경기70아1593 3 39 204000059 122000068 46 
2021-01-03T08:32:00 0 0 경기70아1593 3 39 204000059 122000086 47 
2021-01-03T08:33:00 0 0 경기70아1593 3 39 204000059 122000086 47 
2021-01-03T08:34:00 0 0 경기70아1593 3 39 204000059 122000086 47 
2021-01-03T08:35:00 0 0 경기70아1593 3 39 204000059 122000096 49 
2021-01-03T08:35:59 0 0 경기70아1593 3 39 204000059 122000096 49 
2021-01-03T08:36:59 0 0 경기70아1593 3 39 204000059 122000142 51 
2021-01-03T08:37:59 0 0 경기70아1593 3 39 204000059 122000142 51 
2021-01-03T08:38:59 0 0 경기70아1593 3 39 204000059 122000133 52 
2021-01-03T08:39:58 0 0 경기70아1593 3 39 204000059 122000256 53 
2021-01-03T08:40:57 0 0 경기70아1593 3 39 204000059 122000257 54 
2021-01-03T08:41:56 0 0 경기70아1593 3 39 204000059 122000286 55 
2021-01-03T08:42:56 0 0 경기70아1593 3 39 204000059 122000285 56 
2021-01-03T08:43:56 0 0 경기70아1593 3 39 204000059 277103420 57 
2021-01-03T08:44:55 0 0 경기70아1593 3 39 204000059 277103420 57 
2021-01-03T08:45:54 0 0 경기70아1593 3 39 204000059 277103420 57 
2021-01-03T08:46:54 0 0 경기70아1593 3 39 204000059 277103418 58 
2021-01-03T08:47:53 0 0 경기70아1593 3 39 204000059 277103418 58 
2021-01-03T08:48:52 0 0 경기70아1593 3 39 204000059 277103418 58 
2021-01-03T08:49:51 0 0 경기70아1593 3 39 204000059 277103418 58 
2021-01-03T08:50:51 0 0 경기70아1593 3 39 204000059 277103418 58 
2021-01-03T08:51:50 0 0 경기70아1593 3 39 204000059 277103418 58 
2021-01-03T08:52:50 0 0 경기70아1593 3 39 204000059 277103418 58 
2021-01-03T08:53:49 0 0 경기70아1593 3 39 204000059 205000207 59 
2021-01-03T08:54:48 0 0 경기70아1593 3 39 204000059 205000207 59 
2021-01-03T08:55:48 0 0 경기70아1593 3 39 204000059 205000245 60 
2021-01-03T08:56:47 0 0 경기70아1593 3 39 204000059 205000245 60 
2021-01-03T08:57:47 0 0 경기70아1593 3 39 204000059 206000157 62 
2021-01-03T08:58:46 0 0 경기70아1593 3 39 204000059 206000298 64 
2021-01-03T08:59:45 0 0 경기70아1593 3 39 204000059 206000298 64 
2021-01-03T09:00:44 0 0 경기70아1593 3 39 204000059 206000298 64 
2021-01-03T09:01:44 0 0 경기70아1593 3 38 204000059 204000203 66 
2021-01-03T09:02:43 0 0 경기70아1593 3 38 204000059 204000203 66 
2021-01-03T09:03:42 0 0 경기70아1593 3 38 204000059 204000203 66 
2021-01-03T09:04:41 0 0 경기70아1593 3 38 204000059 204000207 67 
2021-01-03T09:05:41 0 0 경기70아1593 3 38 204000059 206000614 68 
2021-01-03T09:06:41 0 0 경기70아1593 3 38 204000059 206000614 68 
2021-01-03T09:07:40 0 0 경기70아1593 3 38 204000059 206000616 69 
2021-01-03T09:08:40 0 0 경기70아1593 3 38 204000059 206000531 70 
2021-01-03T09:09:39 0 0 경기70아1593 3 39 204000059 206000532 71 
2021-01-03T09:10:38 0 0 경기70아1593 3 39 204000059 206000532 71 
2021-01-03T09:11:38 0 0 경기70아1593 3 39 204000059 206000532 71 
2021-01-03T09:12:37 0 0 경기70아1593 3 39 204000059 206000533 72 
2021-01-03T09:13:37 0 0 경기70아1593 3 39 204000059 206000017 74 
2021-01-03T09:14:37 0 0 경기70아1593 3 39 204000059 206000554 75 
2021-01-03T09:15:37 0 0 경기70아1593 3 39 204000059 206000554 75 
2021-01-03T09:16:37 0 0 경기70아1593 3 39 204000059 206000016 76 
2021-01-03T09:17:36 0 0 경기70아1593 3 39 204000059 206000015 78 
2021-01-03T09:18:35 0 0 경기70아1593 3 39 204000059 206000557 80 
2021-01-03T09:19:35 0 0 경기70아1593 3 39 204000059 206000657 81 
2021-01-03T09:20:34 0 0 경기70아1593 3 39 204000059 206000012 82 
2021-01-03T11:29:31 0 0 경기70아1593 3 39 204000059 206000658 3 
2021-01-03T11:30:31 0 0 경기70아1593 3 39 204000059 206000558 4 
2021-01-03T11:31:31 0 0 경기70아1593 3 39 204000059 206000007 5 
2021-01-03T11:32:30 0 0 경기70아1593 3 39 204000059 206000006 6 
2021-01-03T11:33:29 0 0 경기70아1593 3 39 204000059 206000005 7 
2021-01-03T11:34:30 0 0 경기70아1593 3 39 204000059 206000005 7 
2021-01-03T11:35:29 0 0 경기70아1593 3 39 204000059 206000555 9 
2021-01-03T11:36:29 0 0 경기70아1593 3 39 204000059 206000002 11 
2021-01-03T11:37:28 0 0 경기70아1593 3 38 204000059 206000002 11 
2021-01-03T11:38:28 0 0 경기70아1593 3 38 204000059 206000002 11 
2021-01-03T11:39:28 0 0 경기70아1593 3 38 204000059 206000534 12 
2021-01-03T11:40:27 0 0 경기70아1593 3 38 204000059 206000535 13 
2021-01-03T11:41:26 0 0 경기70아1593 3 38 204000059 206000535 13 
2021-01-03T11:42:25 0 0 경기70아1593 3 38 204000059 206000535 13 
2021-01-03T11:43:25 0 0 경기70아1593 3 38 204000059 206000617 14 
2021-01-03T11:44:24 0 0 경기70아1593 3 38 204000059 206000617 14 
2021-01-03T11:45:24 0 0 경기70아1593 3 38 204000059 206000617 14 
2021-01-03T11:46:24 0 0 경기70아1593 3 38 204000059 206000615 15 
2021-01-03T11:47:23 0 0 경기70아1593 3 38 204000059 206000615 15 
2021-01-03T11:48:22 0 0 경기70아1593 3 38 204000059 204000208 16 
2021-01-03T11:49:21 0 0 경기70아1593 3 38 204000059 204000204 17 
2021-01-03T11:50:20 0 0 경기70아1593 3 38 204000059 204000204 17 
2021-01-03T11:51:20 0 0 경기70아1593 3 38 204000059 206000309 18 
2021-01-03T11:52:19 0 0 경기70아1593 3 38 204000059 206000277 19 
2021-01-03T11:53:19 0 0 경기70아1593 3 38 204000059 206000441 20 
2021-01-03T11:54:18 0 0 경기70아1593 3 38 204000059 206000441 20 
2021-01-03T11:55:18 0 0 경기70아1593 3 38 204000059 206000784 21 
2021-01-03T11:56:18 0 0 경기70아1593 3 38 204000059 206000784 21 
2021-01-03T11:57:17 0 0 경기70아1593 3 38 204000059 206000784 21 
2021-01-03T11:58:17 0 0 경기70아1593 3 38 204000059 205000029 22 
2021-01-03T11:59:16 0 0 경기70아1593 3 38 204000059 205000029 22 
2021-01-03T12:00:16 0 0 경기70아1593 3 38 204000059 205000069 23 
2021-01-03T12:01:15 0 0 경기70아1593 3 38 204000059 205000069 23 
2021-01-03T12:02:14 0 0 경기70아1593 3 38 204000059 205000069 23 
2021-01-03T12:03:13 0 0 경기70아1593 3 38 204000059 277102622 24 
2021-01-03T12:04:12 0 0 경기70아1593 3 38 204000059 277102622 24 
2021-01-03T12:05:12 0 0 경기70아1593 3 38 204000059 277102622 24 
2021-01-03T12:06:12 0 0 경기70아1593 3 38 204000059 277103419 25 
2021-01-03T12:07:11 0 0 경기70아1593 3 38 204000059 277103419 25 
2021-01-03T12:08:11 0 0 경기70아1593 3 38 204000059 277103419 25 
2021-01-03T12:09:11 0 0 경기70아1593 3 38 204000059 277103421 26 
2021-01-03T12:10:10 0 0 경기70아1593 3 38 204000059 277103421 26 
2021-01-03T12:11:09 0 0 경기70아1593 3 38 204000059 122000287 27 
2021-01-03T12:12:08 0 0 경기70아1593 3 38 204000059 122000288 28 
2021-01-03T12:13:08 0 0 경기70아1593 3 38 204000059 122000258 29 
2021-01-03T12:14:07 0 0 경기70아1593 3 38 204000059 122000291 30 
2021-01-03T12:15:07 0 0 경기70아1593 3 38 204000059 122000291 30 
2021-01-03T12:16:06 0 0 경기70아1593 3 38 204000059 122000388 32 
2021-01-03T12:17:06 0 0 경기70아1593 3 38 204000059 122000386 33 
2021-01-03T12:18:05 0 0 경기70아1593 3 38 204000059 122000386 33 
2021-01-03T12:19:05 0 0 경기70아1593 3 39 204000059 122000139 34 
2021-01-03T12:20:04 0 0 경기70아1593 3 39 204000059 122000094 35 
2021-01-03T12:21:04 0 0 경기70아1593 3 39 204000059 122000089 36 
2021-01-03T12:22:04 0 0 경기70아1593 3 39 204000059 122000069 38 
2021-01-03T12:23:04 0 0 경기70아1593 3 39 204000059 122000066 39 
2021-01-03T12:24:03 0 0 경기70아1593 3 39 204000059 122000064 40 
2021-01-03T12:25:02 0 0 경기70아1593 3 39 204000059 122000064 40 
2021-01-03T12:26:02 0 0 경기70아1593 3 39 204000059 122000559 41 
2021-01-03T12:27:02 0 0 경기70아1593 3 39 204000059 122000078 42 
2021-01-03T12:28:01 0 0 경기70아1593 3 39 204000059 122000078 42 
2021-01-03T12:29:00 0 0 경기70아1593 3 39 204000059 122000078 42 
2021-01-03T12:29:59 0 0 경기70아1593 3 39 204000059 122000079 43 
2021-01-03T12:30:59 0 0 경기70아1593 3 39 204000059 122000079 43 
2021-01-03T12:31:58 0 0 경기70아1593 3 39 204000059 122000079 43 
2021-01-03T12:32:57 0 0 경기70아1593 3 39 204000059 122000065 44 
2021-01-03T12:33:56 0 0 경기70아1593 3 39 204000059 122000637 45 
2021-01-03T12:34:56 0 0 경기70아1593 3 39 204000059 122000068 46 
2021-01-03T12:35:55 0 0 경기70아1593 3 39 204000059 122000068 46 
2021-01-03T12:36:54 0 0 경기70아1593 3 39 204000059 122000086 47 
2021-01-03T12:37:53 0 0 경기70아1593 3 39 204000059 122000096 49 
2021-01-03T12:38:53 0 0 경기70아1593 3 38 204000059 122000096 49 
2021-01-03T12:39:53 0 0 경기70아1593 3 38 204000059 122000330 50 
2021-01-03T12:40:52 0 0 경기70아1593 3 38 204000059 122000330 50 
2021-01-03T12:41:51 0 0 경기70아1593 3 38 204000059 122000142 51 
2021-01-03T12:42:51 0 0 경기70아1593 3 38 204000059 122000133 52 
2021-01-03T12:43:50 0 0 경기70아1593 3 38 204000059 122000133 52 
2021-01-03T12:44:49 0 0 경기70아1593 3 38 204000059 122000133 52 
2021-01-03T12:45:48 0 0 경기70아1593 3 38 204000059 122000256 53 
2021-01-03T12:46:48 0 0 경기70아1593 3 38 204000059 122000257 54 
2021-01-03T12:47:48 0 0 경기70아1593 3 38 204000059 122000257 54 
2021-01-03T12:48:47 0 0 경기70아1593 3 38 204000059 122000257 54 
2021-01-03T12:49:47 0 0 경기70아1593 3 38 204000059 122000257 54 
2021-01-03T12:50:46 0 0 경기70아1593 3 38 204000059 122000257 54 
2021-01-03T12:51:46 0 0 경기70아1593 3 38 204000059 122000285 56 
2021-01-03T12:52:46 0 0 경기70아1593 3 37 204000059 122000285 56 
2021-01-03T12:53:45 0 0 경기70아1593 3 37 204000059 277103420 57 
2021-01-03T12:54:44 0 0 경기70아1593 3 37 204000059 277103420 57 
2021-01-03T12:55:44 0 0 경기70아1593 3 37 204000059 277103420 57 
2021-01-03T12:56:43 0 0 경기70아1593 3 37 204000059 277103418 58 
2021-01-03T12:57:43 0 0 경기70아1593 3 37 204000059 277103418 58 
2021-01-03T12:58:43 0 0 경기70아1593 3 37 204000059 277103418 58 
2021-01-03T12:59:43 0 0 경기70아1593 3 37 204000059 277103418 58 
2021-01-03T13:00:42 0 0 경기70아1593 3 38 204000059 277103418 58 
2021-01-03T13:01:42 0 0 경기70아1593 3 38 204000059 277103418 58 
2021-01-03T13:02:42 0 0 경기70아1593 3 38 204000059 277103418 58 
2021-01-03T13:03:42 0 0 경기70아1593 3 38 204000059 205000207 59 
2021-01-03T13:04:42 0 0 경기70아1593 3 38 204000059 205000207 59 
2021-01-03T13:05:41 0 0 경기70아1593 3 38 204000059 205000207 59 
2021-01-03T13:06:40 0 0 경기70아1593 3 38 204000059 205000207 59 
2021-01-03T13:07:40 0 0 경기70아1593 3 38 204000059 205000245 60 
2021-01-03T13:08:39 0 0 경기70아1593 3 38 204000059 205000245 60 
2021-01-03T13:09:38 0 0 경기70아1593 3 38 204000059 206000361 61 
2021-01-03T13:10:37 0 0 경기70아1593 3 38 204000059 206000392 63 
2021-01-03T13:11:37 0 0 경기70아1593 3 38 204000059 206000298 64 
2021-01-03T13:12:37 0 0 경기70아1593 3 38 204000059 206000298 64 
2021-01-03T13:13:36 0 0 경기70아1593 3 38 204000059 206000310 65 
2021-01-03T13:14:35 0 0 경기70아1593 3 38 204000059 204000203 66 
2021-01-03T13:15:35 0 0 경기70아1593 3 38 204000059 204000203 66 
2021-01-03T13:16:35 0 0 경기70아1593 3 38 204000059 204000203 66 
2021-01-03T13:17:35 0 0 경기70아1593 3 38 204000059 204000207 67 
2021-01-03T13:18:34 0 0 경기70아1593 3 38 204000059 204000207 67 
2021-01-03T13:19:33 0 0 경기70아1593 3 37 204000059 206000614 68 
2021-01-03T13:20:33 0 0 경기70아1593 3 37 204000059 206000614 68 
2021-01-03T13:21:33 0 0 경기70아1593 3 37 204000059 206000616 69 
2021-01-03T13:22:33 0 0 경기70아1593 3 37 204000059 206000531 70 
2021-01-03T13:23:32 0 0 경기70아1593 3 37 204000059 206000531 70 
2021-01-03T13:24:32 0 0 경기70아1593 3 38 204000059 206000532 71 
2021-01-03T13:25:32 0 0 경기70아1593 3 38 204000059 206000532 71 
2021-01-03T13:26:32 0 0 경기70아1593 3 38 204000059 206000532 71 
2021-01-03T13:27:31 0 0 경기70아1593 3 38 204000059 206000533 72 
2021-01-03T13:28:30 0 0 경기70아1593 3 38 204000059 206000533 72 
2021-01-03T13:29:30 0 0 경기70아1593 3 38 204000059 206000018 73 
2021-01-03T13:30:30 0 0 경기70아1593 3 38 204000059 206000018 73 
2021-01-03T13:31:29 0 0 경기70아1593 3 38 204000059 206000016 76 
2021-01-03T13:32:28 0 0 경기70아1593 3 38 204000059 206000556 77 
2021-01-03T13:33:28 0 0 경기70아1593 3 39 204000059 206000556 77 
2021-01-03T13:34:28 0 0 경기70아1593 3 39 204000059 206000556 77 
2021-01-03T13:35:27 0 0 경기70아1593 3 39 204000059 206000014 79 
2021-01-03T13:36:27 0 0 경기70아1593 3 39 204000059 206000657 81 
2021-01-03T13:37:27 0 0 경기70아1593 3 39 204000059 206000012 82 
2021-01-03T16:39:13 0 0 경기70아1593 3 39 204000059 206000009 2 
2021-01-03T16:40:13 0 0 경기70아1593 3 39 204000059 206000558 4 
2021-01-03T16:41:13 0 0 경기70아1593 3 39 204000059 206000007 5 
2021-01-03T16:42:13 0 0 경기70아1593 3 39 204000059 206000006 6 
2021-01-03T16:43:12 0 0 경기70아1593 3 39 204000059 206000005 7 
2021-01-03T16:44:11 0 0 경기70아1593 3 39 204000059 206000005 7 
2021-01-03T16:45:11 0 0 경기70아1593 3 39 204000059 206000004 8 
2021-01-03T16:46:11 0 0 경기70아1593 3 36 204000059 206000555 9 
2021-01-03T16:47:11 0 0 경기70아1593 3 36 204000059 206000003 10 
2021-01-03T16:48:10 0 0 경기70아1593 3 36 204000059 206000002 11 
2021-01-03T16:49:10 0 0 경기70아1593 3 36 204000059 206000002 11 
2021-01-03T16:50:10 0 0 경기70아1593 3 36 204000059 206000002 11 
2021-01-03T16:51:09 0 0 경기70아1593 3 36 204000059 206000534 12 
2021-01-03T16:52:09 0 0 경기70아1593 3 36 204000059 206000535 13 
2021-01-03T16:53:08 0 0 경기70아1593 3 36 204000059 206000535 13 
2021-01-03T16:54:08 0 0 경기70아1593 3 36 204000059 206000535 13 
2021-01-03T16:55:08 0 0 경기70아1593 3 36 204000059 206000535 13 
2021-01-03T16:56:08 0 0 경기70아1593 3 36 204000059 206000617 14 
2021-01-03T16:57:08 0 0 경기70아1593 3 36 204000059 206000615 15 
2021-01-03T16:58:07 0 0 경기70아1593 3 36 204000059 204000208 16 
2021-01-03T16:59:07 0 0 경기70아1593 3 36 204000059 204000204 17 
2021-01-03T17:00:07 0 0 경기70아1593 3 38 204000059 206000309 18 
2021-01-03T17:01:06 0 0 경기70아1593 3 38 204000059 206000309 18 
2021-01-03T17:02:06 0 0 경기70아1593 3 38 204000059 206000441 20 
2021-01-03T17:03:05 0 0 경기70아1593 3 38 204000059 206000441 20 
2021-01-03T17:04:05 0 0 경기70아1593 3 38 204000059 206000784 21 
2021-01-03T17:05:05 0 0 경기70아1593 3 38 204000059 205000029 22 
2021-01-03T17:06:05 0 0 경기70아1593 3 38 204000059 205000029 22 
2021-01-03T17:07:05 0 0 경기70아1593 3 38 204000059 205000029 22 
2021-01-03T17:08:04 0 0 경기70아1593 3 38 204000059 205000029 22 
2021-01-03T17:09:03 0 0 경기70아1593 3 38 204000059 205000069 23 
2021-01-03T17:10:03 0 0 경기70아1593 3 38 204000059 205000069 23 
2021-01-03T17:11:03 0 0 경기70아1593 3 38 204000059 205000069 23 
2021-01-03T17:12:03 0 0 경기70아1593 3 38 204000059 205000069 23 
2021-01-03T17:13:02 0 0 경기70아1593 3 38 204000059 277102622 24 
2021-01-03T17:14:02 0 0 경기70아1593 3 38 204000059 277102622 24 
2021-01-03T17:15:02 0 0 경기70아1593 3 38 204000059 277102622 24 
2021-01-03T17:16:02 0 0 경기70아1593 3 38 204000059 277102622 24 
2021-01-03T17:17:01 0 0 경기70아1593 3 38 204000059 277103419 25 
2021-01-03T17:18:01 0 0 경기70아1593 3 38 204000059 277103419 25 
2021-01-03T17:19:01 0 0 경기70아1593 3 38 204000059 277103419 25 
2021-01-03T17:20:01 0 0 경기70아1593 3 38 204000059 277103421 26 
2021-01-03T17:21:01 0 0 경기70아1593 3 38 204000059 277103421 26 
2021-01-03T17:22:00 0 0 경기70아1593 3 38 204000059 122000288 28 
2021-01-03T17:23:00 0 0 경기70아1593 3 38 204000059 122000288 28 
2021-01-03T17:24:00 0 0 경기70아1593 3 38 204000059 122000258 29 
2021-01-03T17:24:59 0 0 경기70아1593 3 38 204000059 122000258 29 
2021-01-03T17:25:59 0 0 경기70아1593 3 38 204000059 122000291 30 
2021-01-03T17:26:58 0 0 경기70아1593 3 38 204000059 122000291 30 
2021-01-03T17:27:58 0 0 경기70아1593 3 38 204000059 122000137 31 
2021-01-03T17:28:58 0 0 경기70아1593 3 38 204000059 122000137 31 
2021-01-03T17:29:58 0 0 경기70아1593 3 38 204000059 122000388 32 
2021-01-03T17:30:57 0 0 경기70아1593 3 38 204000059 122000139 34 
2021-01-03T17:31:57 0 0 경기70아1593 3 38 204000059 122000139 34 
2021-01-03T17:32:57 0 0 경기70아1593 3 38 204000059 122000139 34 
2021-01-03T17:33:57 0 0 경기70아1593 3 38 204000059 122000094 35 
2021-01-03T17:34:56 0 0 경기70아1593 3 38 204000059 122000094 35 
2021-01-03T17:35:55 0 0 경기70아1593 3 38 204000059 122000089 36 
2021-01-03T17:36:54 0 0 경기70아1593 3 38 204000059 122000069 38 
2021-01-03T17:37:54 0 0 경기70아1593 3 38 204000059 122000066 39 
2021-01-03T17:38:53 0 0 경기70아1593 3 38 204000059 122000066 39 
2021-01-03T17:39:53 0 0 경기70아1593 3 38 204000059 122000066 39 
2021-01-03T17:40:52 0 0 경기70아1593 3 38 204000059 122000064 40 
2021-01-03T17:41:52 0 0 경기70아1593 3 38 204000059 122000064 40 
2021-01-03T17:42:51 0 0 경기70아1593 3 38 204000059 122000064 40 
2021-01-03T17:43:51 0 0 경기70아1593 3 38 204000059 122000078 42 
2021-01-03T17:44:50 0 0 경기70아1593 3 39 204000059 122000078 42 
2021-01-03T17:45:50 0 0 경기70아1593 3 39 204000059 122000079 43 
2021-01-03T17:46:50 0 0 경기70아1593 3 39 204000059 122000079 43 
2021-01-03T17:47:50 0 0 경기70아1593 3 39 204000059 122000065 44 
2021-01-03T17:48:49 0 0 경기70아1593 3 39 204000059 122000637 45 
2021-01-03T17:49:48 0 0 경기70아1593 3 39 204000059 122000068 46 
2021-01-03T17:50:48 0 0 경기70아1593 3 39 204000059 122000086 47 
2021-01-03T17:51:48 0 0 경기70아1593 3 37 204000059 122000095 48 
2021-01-03T17:52:48 0 0 경기70아1593 3 37 204000059 122000096 49 
2021-01-03T17:53:47 0 0 경기70아1593 3 36 204000059 122000096 49 
2021-01-03T17:54:46 0 0 경기70아1593 3 36 204000059 122000330 50 
2021-01-03T17:55:46 0 0 경기70아1593 3 36 204000059 122000330 50 
2021-01-03T17:56:46 0 0 경기70아1593 3 36 204000059 122000142 51 
2021-01-03T17:57:46 0 0 경기70아1593 3 36 204000059 122000133 52 
2021-01-03T17:58:45 0 0 경기70아1593 3 36 204000059 122000133 52 
2021-01-03T17:59:44 0 0 경기70아1593 3 36 204000059 122000256 53 
2021-01-03T18:00:44 0 0 경기70아1593 3 36 204000059 122000257 54 
2021-01-03T18:01:44 0 0 경기70아1593 3 36 204000059 122000257 54 
2021-01-03T18:02:44 0 0 경기70아1593 3 36 204000059 122000257 54 
2021-01-03T18:03:43 0 0 경기70아1593 3 36 204000059 122000257 54 
2021-01-03T18:04:43 0 0 경기70아1593 3 36 204000059 122000257 54 
2021-01-03T18:05:42 0 0 경기70아1593 3 36 204000059 122000257 54 
2021-01-03T18:06:42 0 0 경기70아1593 3 36 204000059 122000285 56 
2021-01-03T18:07:41 0 0 경기70아1593 3 36 204000059 122000285 56 
2021-01-03T18:08:42 0 0 경기70아1593 3 36 204000059 277103420 57 
2021-01-03T18:09:41 0 0 경기70아1593 3 36 204000059 277103420 57 
2021-01-03T18:10:41 0 0 경기70아1593 3 36 204000059 277103420 57 
2021-01-03T18:11:41 0 0 경기70아1593 3 36 204000059 277103418 58 
2021-01-03T18:12:41 0 0 경기70아1593 3 36 204000059 277103418 58 
2021-01-03T18:13:40 0 0 경기70아1593 3 36 204000059 277103418 58 
2021-01-03T18:14:39 0 0 경기70아1593 3 36 204000059 277103418 58 
2021-01-03T18:15:39 0 0 경기70아1593 3 36 204000059 277103418 58 
2021-01-03T18:16:39 0 0 경기70아1593 3 36 204000059 277103418 58 
2021-01-03T18:17:38 0 0 경기70아1593 3 36 204000059 277103418 58 
2021-01-03T18:18:38 0 0 경기70아1593 3 37 204000059 205000207 59 
2021-01-03T18:19:38 0 0 경기70아1593 3 37 204000059 205000207 59 
2021-01-03T18:20:38 0 0 경기70아1593 3 37 204000059 205000207 59 
2021-01-03T18:21:38 0 0 경기70아1593 3 37 204000059 205000207 59 
2021-01-03T18:22:38 0 0 경기70아1593 3 37 204000059 205000245 60 
2021-01-03T18:23:37 0 0 경기70아1593 3 37 204000059 205000245 60 
2021-01-03T18:24:37 0 0 경기70아1593 3 37 204000059 206000361 61 
2021-01-03T18:25:36 0 0 경기70아1593 3 39 204000059 206000157 62 
2021-01-03T18:26:36 0 0 경기70아1593 3 39 204000059 206000298 64 
2021-01-03T18:27:36 0 0 경기70아1593 3 39 204000059 206000298 64 
2021-01-03T18:28:35 0 0 경기70아1593 3 39 204000059 204000203 66 
2021-01-03T18:29:35 0 0 경기70아1593 3 39 204000059 204000203 66 
2021-01-03T18:30:35 0 0 경기70아1593 3 39 204000059 204000203 66 
2021-01-03T18:31:35 0 0 경기70아1593 3 39 204000059 204000207 67 
2021-01-03T18:32:34 0 0 경기70아1593 3 39 204000059 204000207 67 
2021-01-03T18:33:34 0 0 경기70아1593 3 39 204000059 206000614 68 
2021-01-03T18:34:34 0 0 경기70아1593 3 39 204000059 206000616 69 
2021-01-03T18:35:33 0 0 경기70아1593 3 39 204000059 206000531 70 
2021-01-03T18:36:33 0 0 경기70아1593 3 39 204000059 206000532 71 
2021-01-03T18:37:33 0 0 경기70아1593 3 39 204000059 206000532 71 
2021-01-03T18:38:32 0 0 경기70아1593 3 39 204000059 206000532 71 
2021-01-03T18:39:32 0 0 경기70아1593 3 39 204000059 206000533 72 
2021-01-03T18:40:31 0 0 경기70아1593 3 39 204000059 206000533 72 
2021-01-03T18:41:31 0 0 경기70아1593 3 39 204000059 206000554 75 
2021-01-03T18:42:31 0 0 경기70아1593 3 39 204000059 206000554 75 
2021-01-03T18:43:31 0 0 경기70아1593 3 39 204000059 206000016 76 
2021-01-03T18:44:31 0 0 경기70아1593 3 39 204000059 206000556 77 
2021-01-03T18:45:30 0 0 경기70아1593 3 39 204000059 206000014 79 
2021-01-03T18:46:30 0 0 경기70아1593 3 39 204000059 206000557 80 
2021-01-03T18:47:30 0 0 경기70아1593 3 39 204000059 206000012 82 
2021-01-03T19:59:06 0 0 경기70아1593 3 38 204000059 206000658 3 
2021-01-03T20:00:06 0 0 경기70아1593 3 38 204000059 206000558 4 
2021-01-03T20:01:06 0 0 경기70아1593 3 38 204000059 206000007 5 
2021-01-03T20:02:05 0 0 경기70아1593 3 38 204000059 206000006 6 
2021-01-03T20:03:05 0 0 경기70아1593 3 38 204000059 206000005 7 
2021-01-03T20:04:05 0 0 경기70아1593 3 38 204000059 206000005 7 
2021-01-03T20:05:04 0 0 경기70아1593 3 38 204000059 206000555 9 
2021-01-03T20:06:03 0 0 경기70아1593 3 38 204000059 206000002 11 
2021-01-03T20:07:03 0 0 경기70아1593 3 38 204000059 206000002 11 
2021-01-03T20:08:02 0 0 경기70아1593 3 38 204000059 206000002 11 
2021-01-03T20:09:02 0 0 경기70아1593 3 38 204000059 206000534 12 
2021-01-03T20:10:02 0 0 경기70아1593 3 38 204000059 206000535 13 
2021-01-03T20:11:01 0 0 경기70아1593 3 38 204000059 206000617 14 
2021-01-03T20:12:01 0 0 경기70아1593 3 38 204000059 206000615 15 
2021-01-03T20:13:00 0 0 경기70아1593 3 38 204000059 204000208 16 
2021-01-03T20:14:00 0 0 경기70아1593 3 38 204000059 204000208 16 
2021-01-03T20:15:00 0 0 경기70아1593 3 38 204000059 206000309 18 
2021-01-03T20:15:59 0 0 경기70아1593 3 38 204000059 206000277 19 
2021-01-03T20:16:59 0 0 경기70아1593 3 38 204000059 206000441 20 
2021-01-03T20:17:59 0 0 경기70아1593 3 38 204000059 206000441 20 
2021-01-03T20:18:58 0 0 경기70아1593 3 38 204000059 206000784 21 
2021-01-03T20:19:58 0 0 경기70아1593 3 38 204000059 205000029 22 
2021-01-03T20:20:58 0 0 경기70아1593 3 38 204000059 205000029 22 
2021-01-03T20:21:57 0 0 경기70아1593 3 38 204000059 205000029 22 
2021-01-03T20:22:57 0 0 경기70아1593 3 38 204000059 205000029 22 
2021-01-03T20:23:57 0 0 경기70아1593 3 38 204000059 205000029 22 
2021-01-03T20:24:57 0 0 경기70아1593 3 38 204000059 205000069 23 
2021-01-03T20:25:56 0 0 경기70아1593 3 38 204000059 205000069 23 
2021-01-03T20:27:06 0 0 경기70아1593 3 38 204000059 277102622 24 
2021-01-03T20:27:56 0 0 경기70아1593 3 38 204000059 277102622 24 
2021-01-03T20:28:55 0 0 경기70아1593 3 38 204000059 277102622 24 
2021-01-03T20:29:54 0 0 경기70아1593 3 38 204000059 277103419 25 
2021-01-03T20:30:54 0 0 경기70아1593 3 38 204000059 277103419 25 
2021-01-03T20:31:53 0 0 경기70아1593 3 38 204000059 277103419 25 
2021-01-03T20:32:53 0 0 경기70아1593 3 38 204000059 277103421 26 
2021-01-03T20:33:52 0 0 경기70아1593 3 38 204000059 122000287 27 
2021-01-03T20:34:52 0 0 경기70아1593 3 38 204000059 122000288 28 
2021-01-03T20:35:52 0 0 경기70아1593 3 38 204000059 122000258 29 
2021-01-03T20:36:52 0 0 경기70아1593 3 38 204000059 122000258 29 
2021-01-03T20:37:51 0 0 경기70아1593 3 38 204000059 122000291 30 
2021-01-03T20:38:51 0 0 경기70아1593 3 38 204000059 122000388 32 
2021-01-03T20:39:50 0 0 경기70아1593 3 38 204000059 122000139 34 
2021-01-03T20:40:49 0 0 경기70아1593 3 38 204000059 122000139 34 
2021-01-03T20:41:49 0 0 경기70아1593 3 38 204000059 122000094 35 
2021-01-03T20:42:48 0 0 경기70아1593 3 38 204000059 122000094 35 
2021-01-03T20:43:48 0 0 경기70아1593 3 38 204000059 122000089 36 
2021-01-03T20:44:48 0 0 경기70아1593 3 39 204000059 122000069 38 
2021-01-03T20:45:47 0 0 경기70아1593 3 39 204000059 122000066 39 
2021-01-03T20:46:47 0 0 경기70아1593 3 39 204000059 122000559 41 
2021-01-03T20:47:47 0 0 경기70아1593 3 39 204000059 122000559 41 
2021-01-03T20:48:46 0 0 경기70아1593 3 39 204000059 122000078 42 
2021-01-03T20:49:46 0 0 경기70아1593 3 39 204000059 122000078 42 
2021-01-03T20:50:45 0 0 경기70아1593 3 39 204000059 122000079 43 
2021-01-03T20:51:45 0 0 경기70아1593 3 39 204000059 122000079 43 
2021-01-03T20:52:44 0 0 경기70아1593 3 39 204000059 122000079 43 
2021-01-03T20:53:44 0 0 경기70아1593 3 39 204000059 122000637 45 
2021-01-03T20:54:44 0 0 경기70아1593 3 39 204000059 122000068 46 
2021-01-03T20:55:43 0 0 경기70아1593 3 39 204000059 122000086 47 
2021-01-03T20:56:43 0 0 경기70아1593 3 39 204000059 122000096 49 
2021-01-03T20:57:43 0 0 경기70아1593 3 39 204000059 122000096 49 
2021-01-03T20:58:43 0 0 경기70아1593 3 39 204000059 122000096 49 
2021-01-03T20:59:42 0 0 경기70아1593 3 39 204000059 122000142 51 
2021-01-03T21:00:42 0 0 경기70아1593 3 39 204000059 122000142 51 
2021-01-03T21:01:41 0 0 경기70아1593 3 39 204000059 122000133 52 
2021-01-03T21:02:41 0 0 경기70아1593 3 39 204000059 122000133 52 
2021-01-03T21:03:41 0 0 경기70아1593 3 39 204000059 122000256 53 
2021-01-03T21:04:41 0 0 경기70아1593 3 39 204000059 122000257 54 
2021-01-03T21:05:41 0 0 경기70아1593 3 39 204000059 122000257 54 
2021-01-03T21:06:40 0 0 경기70아1593 3 39 204000059 122000257 54 
2021-01-03T21:07:40 0 0 경기70아1593 3 39 204000059 122000257 54 
2021-01-03T21:08:40 0 0 경기70아1593 3 39 204000059 122000257 54 
2021-01-03T21:09:39 0 0 경기70아1593 3 39 204000059 122000286 55 
2021-01-03T21:10:39 0 0 경기70아1593 3 38 204000059 122000285 56 
2021-01-03T21:11:38 0 0 경기70아1593 3 38 204000059 277103420 57 
2021-01-03T21:12:38 0 0 경기70아1593 3 38 204000059 277103420 57 
2021-01-03T21:13:38 0 0 경기70아1593 3 38 204000059 277103420 57 
2021-01-03T21:14:37 0 0 경기70아1593 3 38 204000059 277103418 58 
2021-01-03T21:15:37 0 0 경기70아1593 3 38 204000059 277103418 58 
2021-01-03T21:16:36 0 0 경기70아1593 3 38 204000059 277103418 58 
2021-01-03T21:17:36 0 0 경기70아1593 3 38 204000059 277103418 58 
2021-01-03T21:18:36 0 0 경기70아1593 3 39 204000059 277103418 58 
2021-01-03T21:19:36 0 0 경기70아1593 3 39 204000059 277103418 58 
2021-01-03T21:20:36 0 0 경기70아1593 3 39 204000059 205000207 59 
2021-01-03T21:21:35 0 0 경기70아1593 3 39 204000059 205000207 59 
2021-01-03T21:22:35 0 0 경기70아1593 3 39 204000059 205000245 60 
2021-01-03T21:23:34 0 0 경기70아1593 3 39 204000059 205000245 60 
2021-01-03T21:24:34 0 0 경기70아1593 3 39 204000059 206000361 61 
2021-01-03T21:25:34 0 0 경기70아1593 3 39 204000059 206000157 62 
2021-01-03T21:26:33 0 0 경기70아1593 3 39 204000059 206000298 64 
2021-01-03T21:27:33 0 0 경기70아1593 3 39 204000059 206000298 64 
2021-01-03T21:28:32 0 0 경기70아1593 3 39 204000059 204000203 66 
2021-01-03T21:29:32 0 0 경기70아1593 3 39 204000059 204000207 67 
2021-01-03T21:30:31 0 0 경기70아1593 3 39 204000059 204000207 67 
2021-01-03T21:31:31 0 0 경기70아1593 3 39 204000059 206000616 69 
2021-01-03T21:32:31 0 0 경기70아1593 3 39 204000059 206000531 70 
2021-01-03T21:33:30 0 0 경기70아1593 3 39 204000059 206000532 71 
2021-01-03T21:34:30 0 0 경기70아1593 3 39 204000059 206000532 71 
2021-01-03T21:35:30 0 0 경기70아1593 3 39 204000059 206000532 71 
2021-01-03T21:36:29 0 0 경기70아1593 3 39 204000059 206000533 72 
2021-01-03T21:37:29 0 0 경기70아1593 3 39 204000059 206000018 73 
2021-01-03T21:38:29 0 0 경기70아1593 3 39 204000059 206000554 75 
2021-01-03T21:39:28 0 0 경기70아1593 3 39 204000059 206000556 77 
2021-01-03T21:40:28 0 0 경기70아1593 3 39 204000059 206000014 79 
2021-01-03T21:41:28 0 0 경기70아1593 3 39 204000059 206000657 81 
2021-01-03T21:42:27 0 0 경기70아1593 3 39 204000059 206000470 83 
2021-01-03T21:43:27 0 0 경기70아1593 3 39 204000059 206000470 83 
2021-01-03T21:44:27 0 0 경기70아1593 3 39 204000059 206000470 83 
2021-01-03T21:45:26 0 0 경기70아1593 3 39 204000059 206000470 83 
2021-01-03T21:46:26 0 0 경기70아1593 3 39 204000059 206000470 83 
2021-01-03T21:47:25 0 0 경기70아1593 3 39 204000059 206000470 83 
2021-01-03T21:48:25 0 0 경기70아1593 3 39 204000059 206000470 83 
2021-01-03T21:49:24 0 0 경기70아1593 3 39 204000059 206000470 83 
2021-01-03T21:50:24 0 0 경기70아1593 3 39 204000059 206000470 83 
2021-01-03T21:51:23 0 0 경기70아1593 3 39 204000059 206000470 83 
2021-01-03T21:52:23 0 0 경기70아1593 3 39 204000059 206000470 83 
2021-01-03T21:53:22 0 0 경기70아1593 3 39 204000059 206000470 83 
2021-01-03T21:54:22 0 0 경기70아1593 3 39 204000059 206000470 83 
2021-01-03T21:55:22 0 0 경기70아1593 3 39 204000059 206000470 83 
2021-01-03T21:56:21 0 0 경기70아1593 3 39 204000059 206000470 83 
2021-01-03T21:57:20 0 0 경기70아1593 3 39 204000059 206000470 83 
