204000059 2021-01-01T22:00:28.003650+09:00
2021-01-02T04:49:47 0 0 경기70아1593 3 39 204000059 206000009 2 
2021-01-02T04:50:46 0 0 경기70아1593 3 38 204000059 206000558 4 
2021-01-02T04:51:46 0 0 경기70아1593 3 38 204000059 206000007 5 
2021-01-02T04:52:45 0 0 경기70아1593 3 38 204000059 206000005 7 
2021-01-02T04:53:45 0 0 경기70아1593 3 38 204000059 206000005 7 
2021-01-02T04:54:44 0 0 경기70아1593 3 38 204000059 206000005 7 
2021-01-02T04:55:43 0 0 경기70아1593 3 37 204000059 206000555 9 
2021-01-02T04:56:43 0 0 경기70아1593 3 37 204000059 206000002 11 
2021-01-02T04:57:42 0 0 경기70아1593 3 37 204000059 206000002 11 
2021-01-02T04:58:41 0 0 경기70아1593 3 37 204000059 206000534 12 
2021-01-02T04:59:41 0 0 경기70아1593 3 37 204000059 206000535 13 
2021-01-02T05:00:40 0 0 경기70아1593 3 37 204000059 206000535 13 
2021-01-02T05:01:39 0 0 경기70아1593 3 37 204000059 206000535 13 
2021-01-02T05:02:39 0 0 경기70아1593 3 37 204000059 206000617 14 
2021-01-02T05:03:38 0 0 경기70아1593 3 37 204000059 206000617 14 
2021-01-02T05:04:38 0 0 경기70아1593 3 37 204000059 206000615 15 
2021-01-02T05:05:37 0 0 경기70아1593 3 37 204000059 204000208 16 
2021-01-02T05:06:37 0 0 경기70아1593 3 37 204000059 204000204 17 
2021-01-02T05:07:36 0 0 경기70아1593 3 37 204000059 206000309 18 
2021-01-02T05:08:35 0 0 경기70아1593 3 37 204000059 206000277 19 
2021-01-02T05:09:35 0 0 경기70아1593 3 37 204000059 206000277 19 
2021-01-02T05:10:35 0 0 경기70아1593 3 38 204000059 206000441 20 
2021-01-02T05:11:34 0 0 경기70아1593 3 38 204000059 206000441 20 
2021-01-02T05:12:34 0 0 경기70아1593 3 39 204000059 206000784 21 
2021-01-02T05:13:33 0 0 경기70아1593 3 38 204000059 206000784 21 
2021-01-02T05:14:33 0 0 경기70아1593 3 38 204000059 206000784 21 
2021-01-02T05:15:32 0 0 경기70아1593 3 38 204000059 205000029 22 
2021-01-02T05:16:32 0 0 경기70아1593 3 38 204000059 205000029 22 
2021-01-02T05:17:31 0 0 경기70아1593 3 38 204000059 205000069 23 
2021-01-02T05:18:30 0 0 경기70아1593 3 38 204000059 277102622 24 
2021-01-02T05:19:30 0 0 경기70아1593 3 38 204000059 277102622 24 
2021-01-02T05:20:29 0 0 경기70아1593 3 38 204000059 277102622 24 
2021-01-02T05:21:29 0 0 경기70아1593 3 38 204000059 277102622 24 
2021-01-02T05:22:28 0 0 경기70아1593 3 38 204000059 277103419 25 
2021-01-02T05:23:28 0 0 경기70아1593 3 38 204000059 277103419 25 
2021-01-02T05:24:27 0 0 경기70아1593 3 38 204000059 277103421 26 
2021-01-02T05:25:26 0 0 경기70아1593 3 39 204000059 122000287 27 
2021-01-02T05:26:26 0 0 경기70아1593 3 39 204000059 122000288 28 
2021-01-02T05:27:25 0 0 경기70아1593 3 39 204000059 122000258 29 
2021-01-02T05:28:25 0 0 경기70아1593 3 39 204000059 122000291 30 
2021-01-02T05:29:24 0 0 경기70아1593 3 39 204000059 122000137 31 
2021-01-02T05:30:24 0 0 경기70아1593 3 39 204000059 122000137 31 
2021-01-02T05:31:24 0 0 경기70아1593 3 39 204000059 122000137 31 
2021-01-02T05:32:23 0 0 경기70아1593 3 39 204000059 122000139 34 
2021-01-02T05:33:23 0 0 경기70아1593 3 39 204000059 122000139 34 
2021-01-02T05:34:23 0 0 경기70아1593 3 39 204000059 122000094 35 
2021-01-02T05:35:23 0 0 경기70아1593 3 39 204000059 122000085 37 
2021-01-02T05:36:22 0 0 경기70아1593 3 39 204000059 122000066 39 
2021-01-02T05:37:22 0 0 경기70아1593 3 39 204000059 122000066 39 
2021-01-02T05:38:22 0 0 경기70아1593 3 39 204000059 122000066 39 
2021-01-02T05:39:21 0 0 경기70아1593 3 39 204000059 122000064 40 
2021-01-02T05:40:21 0 0 경기70아1593 3 39 204000059 122000559 41 
2021-01-02T05:41:20 0 0 경기70아1593 3 39 204000059 122000078 42 
2021-01-02T05:42:20 0 0 경기70아1593 3 39 204000059 122000078 42 
2021-01-02T05:43:19 0 0 경기70아1593 3 39 204000059 122000079 43 
2021-01-02T05:44:19 0 0 경기70아1593 3 39 204000059 122000079 43 
2021-01-02T05:45:19 0 0 경기70아1593 3 39 204000059 122000079 43 
2021-01-02T05:46:19 0 0 경기70아1593 3 39 204000059 122000637 45 
2021-01-02T05:47:18 0 0 경기70아1593 3 39 204000059 122000637 45 
2021-01-02T05:48:18 0 0 경기70아1593 3 39 204000059 122000086 47 
2021-01-02T05:49:18 0 0 경기70아1593 3 39 204000059 122000095 48 
2021-01-02T05:50:17 0 0 경기70아1593 3 39 204000059 122000096 49 
2021-01-02T05:51:17 0 0 경기70아1593 3 39 204000059 122000142 51 
2021-01-02T05:52:17 0 0 경기70아1593 3 39 204000059 122000142 51 
2021-01-02T05:53:16 0 0 경기70아1593 3 39 204000059 122000133 52 
2021-01-02T05:54:16 0 0 경기70아1593 3 39 204000059 122000257 54 
2021-01-02T05:55:16 0 0 경기70아1593 3 39 204000059 122000257 54 
2021-01-02T05:56:16 0 0 경기70아1593 3 39 204000059 122000257 54 
2021-01-02T05:57:16 0 0 경기70아1593 3 39 204000059 122000286 55 
2021-01-02T05:58:15 0 0 경기70아1593 3 39 204000059 122000285 56 
2021-01-02T05:59:15 0 0 경기70아1593 3 39 204000059 277103420 57 
2021-01-02T06:00:14 0 0 경기70아1593 3 39 204000059 277103420 57 
2021-01-02T06:01:14 0 0 경기70아1593 3 39 204000059 277103420 57 
2021-01-02T06:02:13 0 0 경기70아1593 3 39 204000059 277103418 58 
2021-01-02T06:03:12 0 0 경기70아1593 3 39 204000059 277103418 58 
2021-01-02T06:04:12 0 0 경기70아1593 3 39 204000059 277103418 58 
2021-01-02T06:05:11 0 0 경기70아1593 3 39 204000059 277103418 58 
2021-01-02T06:06:11 0 0 경기70아1593 3 39 204000059 277103418 58 
2021-01-02T06:07:11 0 0 경기70아1593 3 39 204000059 205000207 59 
2021-01-02T06:08:10 0 0 경기70아1593 3 39 204000059 205000207 59 
2021-01-02T06:09:10 0 0 경기70아1593 3 39 204000059 205000207 59 
2021-01-02T06:10:10 0 0 경기70아1593 3 39 204000059 206000361 61 
2021-01-02T06:11:09 0 0 경기70아1593 3 39 204000059 206000361 61 
2021-01-02T06:12:09 0 0 경기70아1593 3 39 204000059 206000361 61 
2021-01-02T06:13:09 0 0 경기70아1593 3 39 204000059 206000157 62 
2021-01-02T06:14:08 0 0 경기70아1593 3 39 204000059 206000298 64 
2021-01-02T06:15:08 0 0 경기70아1593 3 39 204000059 206000298 64 
2021-01-02T06:16:08 0 0 경기70아1593 3 39 204000059 206000310 65 
2021-01-02T06:17:08 0 0 경기70아1593 3 39 204000059 204000203 66 
2021-01-02T06:18:07 0 0 경기70아1593 3 39 204000059 204000203 66 
2021-01-02T06:19:07 0 0 경기70아1593 3 39 204000059 206000614 68 
2021-01-02T06:20:07 0 0 경기70아1593 3 39 204000059 206000614 68 
2021-01-02T06:21:06 0 0 경기70아1593 3 39 204000059 206000614 68 
2021-01-02T06:22:06 0 0 경기70아1593 3 39 204000059 206000616 69 
2021-01-02T06:23:05 0 0 경기70아1593 3 39 204000059 206000531 70 
2021-01-02T06:24:05 0 0 경기70아1593 3 39 204000059 206000532 71 
2021-01-02T06:25:05 0 0 경기70아1593 3 39 204000059 206000532 71 
2021-01-02T06:26:05 0 0 경기70아1593 3 39 204000059 206000532 71 
2021-01-02T06:27:05 0 0 경기70아1593 3 39 204000059 206000532 71 
2021-01-02T06:28:04 0 0 경기70아1593 3 39 204000059 206000533 72 
2021-01-02T06:29:03 0 0 경기70아1593 3 39 204000059 206000017 74 
2021-01-02T06:30:02 0 0 경기70아1593 3 39 204000059 206000017 74 
2021-01-02T06:31:02 0 0 경기70아1593 3 39 204000059 206000016 76 
2021-01-02T06:32:02 0 0 경기70아1593 3 39 204000059 206000556 77 
2021-01-02T06:33:02 0 0 경기70아1593 3 39 204000059 206000014 79 
2021-01-02T06:34:01 0 0 경기70아1593 3 39 204000059 206000657 81 
2021-01-02T06:35:01 0 0 경기70아1593 3 39 204000059 206000470 83 
2021-01-02T06:36:01 0 0 경기70아1593 3 39 204000059 206000470 83 
2021-01-02T06:37:00 0 0 경기70아1593 3 39 204000059 206000470 83 
2021-01-02T06:38:00 0 0 경기70아1593 3 39 204000059 206000470 83 
2021-01-02T06:39:00 0 0 경기70아1593 3 39 204000059 206000470 83 
2021-01-02T06:40:00 0 0 경기70아1593 3 39 204000059 206000470 83 
2021-01-02T06:40:59 0 0 경기70아1593 3 39 204000059 206000470 83 
2021-01-02T06:41:59 0 0 경기70아1593 3 39 204000059 206000470 83 
2021-01-02T06:42:59 0 0 경기70아1593 3 39 204000059 206000470 83 
2021-01-02T06:43:59 0 0 경기70아1593 3 39 204000059 206000470 83 
2021-01-02T06:44:58 0 0 경기70아1593 3 39 204000059 206000470 83 
2021-01-02T06:45:58 0 0 경기70아1593 3 39 204000059 206000470 83 
2021-01-02T06:46:57 0 0 경기70아1593 3 39 204000059 206000470 83 
2021-01-02T06:47:57 0 0 경기70아1593 3 39 204000059 206000470 83 
2021-01-02T06:48:56 0 0 경기70아1593 3 39 204000059 206000470 83 
2021-01-02T07:32:33 0 0 경기70아1593 3 39 204000059 206000009 2 
2021-01-02T07:33:33 0 0 경기70아1593 3 39 204000059 206000658 3 
2021-01-02T07:34:33 0 0 경기70아1593 3 39 204000059 206000658 3 
2021-01-02T07:35:33 0 0 경기70아1593 3 39 204000059 206000558 4 
2021-01-02T07:36:32 0 0 경기70아1593 3 39 204000059 206000007 5 
2021-01-02T07:37:31 0 0 경기70아1593 3 39 204000059 206000005 7 
2021-01-02T07:38:30 0 0 경기70아1593 3 39 204000059 206000005 7 
2021-01-02T07:39:30 0 0 경기70아1593 3 39 204000059 206000005 7 
2021-01-02T07:40:29 0 0 경기70아1593 3 39 204000059 206000555 9 
2021-01-02T07:41:29 0 0 경기70아1593 3 39 204000059 206000002 11 
2021-01-02T07:42:28 0 0 경기70아1593 3 39 204000059 206000002 11 
2021-01-02T07:43:28 0 0 경기70아1593 3 39 204000059 206000002 11 
2021-01-02T07:44:28 0 0 경기70아1593 3 39 204000059 206000534 12 
2021-01-02T07:45:28 0 0 경기70아1593 3 39 204000059 206000534 12 
2021-01-02T07:46:28 0 0 경기70아1593 3 39 204000059 206000535 13 
2021-01-02T07:47:27 0 0 경기70아1593 3 39 204000059 206000535 13 
2021-01-02T07:48:27 0 0 경기70아1593 3 39 204000059 206000535 13 
2021-01-02T07:49:26 0 0 경기70아1593 3 39 204000059 206000535 13 
2021-01-02T07:50:25 0 0 경기70아1593 3 39 204000059 206000615 15 
2021-01-02T07:51:24 0 0 경기70아1593 3 39 204000059 206000615 15 
2021-01-02T07:52:24 0 0 경기70아1593 3 39 204000059 204000208 16 
2021-01-02T07:53:24 0 0 경기70아1593 3 39 204000059 204000204 17 
2021-01-02T07:54:23 0 0 경기70아1593 3 39 204000059 206000309 18 
2021-01-02T07:55:22 0 0 경기70아1593 3 39 204000059 206000277 19 
2021-01-02T07:56:21 0 0 경기70아1593 3 39 204000059 206000441 20 
2021-01-02T07:57:20 0 0 경기70아1593 3 39 204000059 206000441 20 
2021-01-02T07:58:20 0 0 경기70아1593 3 39 204000059 206000784 21 
2021-01-02T07:59:19 0 0 경기70아1593 3 39 204000059 206000784 21 
2021-01-02T08:00:19 0 0 경기70아1593 3 39 204000059 206000784 21 
2021-01-02T08:01:19 0 0 경기70아1593 3 37 204000059 205000029 22 
2021-01-02T08:02:19 0 0 경기70아1593 3 37 204000059 205000029 22 
2021-01-02T08:03:19 0 0 경기70아1593 3 37 204000059 205000029 22 
2021-01-02T08:04:18 0 0 경기70아1593 3 37 204000059 205000029 22 
2021-01-02T08:05:18 0 0 경기70아1593 3 36 204000059 205000069 23 
2021-01-02T08:06:17 0 0 경기70아1593 3 36 204000059 205000069 23 
2021-01-02T08:07:16 0 0 경기70아1593 3 36 204000059 277102622 24 
2021-01-02T08:08:15 0 0 경기70아1593 3 36 204000059 277102622 24 
2021-01-02T08:09:15 0 0 경기70아1593 3 36 204000059 277102622 24 
2021-01-02T08:10:15 0 0 경기70아1593 3 36 204000059 277103419 25 
2021-01-02T08:11:14 0 0 경기70아1593 3 36 204000059 277103419 25 
2021-01-02T08:12:13 0 0 경기70아1593 3 36 204000059 277103419 25 
2021-01-02T08:13:13 0 0 경기70아1593 3 36 204000059 277103421 26 
2021-01-02T08:14:12 0 0 경기70아1593 3 36 204000059 277103421 26 
2021-01-02T08:15:12 0 0 경기70아1593 3 36 204000059 122000288 28 
2021-01-02T08:16:11 0 0 경기70아1593 3 36 204000059 122000288 28 
2021-01-02T08:17:10 0 0 경기70아1593 3 36 204000059 122000288 28 
2021-01-02T08:18:10 0 0 경기70아1593 3 36 204000059 122000258 29 
2021-01-02T08:19:10 0 0 경기70아1593 3 36 204000059 122000258 29 
2021-01-02T08:20:10 0 0 경기70아1593 3 36 204000059 122000258 29 
2021-01-02T08:21:09 0 0 경기70아1593 3 36 204000059 122000291 30 
2021-01-02T08:22:08 0 0 경기70아1593 3 36 204000059 122000137 31 
2021-01-02T08:23:07 0 0 경기70아1593 3 36 204000059 122000137 31 
2021-01-02T08:24:06 0 0 경기70아1593 3 36 204000059 122000386 33 
2021-01-02T08:25:06 0 0 경기70아1593 3 36 204000059 122000139 34 
2021-01-02T08:26:05 0 0 경기70아1593 3 36 204000059 122000139 34 
2021-01-02T08:27:04 0 0 경기70아1593 3 37 204000059 122000094 35 
2021-01-02T08:28:04 0 0 경기70아1593 3 37 204000059 122000094 35 
2021-01-02T08:29:03 0 0 경기70아1593 3 37 204000059 122000089 36 
2021-01-02T08:30:03 0 0 경기70아1593 3 37 204000059 122000085 37 
2021-01-02T08:31:02 0 0 경기70아1593 3 37 204000059 122000085 37 
2021-01-02T08:32:01 0 0 경기70아1593 3 38 204000059 122000069 38 
2021-01-02T08:33:01 0 0 경기70아1593 3 38 204000059 122000066 39 
2021-01-02T08:34:00 0 0 경기70아1593 3 38 204000059 122000066 39 
2021-01-02T08:34:59 0 0 경기70아1593 3 38 204000059 122000066 39 
2021-01-02T08:35:58 0 0 경기70아1593 3 38 204000059 122000066 39 
2021-01-02T08:36:57 0 0 경기70아1593 3 38 204000059 122000064 40 
2021-01-02T08:37:57 0 0 경기70아1593 3 38 204000059 122000559 41 
2021-01-02T08:38:56 0 0 경기70아1593 3 38 204000059 122000078 42 
2021-01-02T08:39:55 0 0 경기70아1593 3 38 204000059 122000078 42 
2021-01-02T08:40:55 0 0 경기70아1593 3 39 204000059 122000079 43 
2021-01-02T08:41:54 0 0 경기70아1593 3 39 204000059 122000079 43 
2021-01-02T08:42:53 0 0 경기70아1593 3 39 204000059 122000079 43 
2021-01-02T08:43:53 0 0 경기70아1593 3 39 204000059 122000079 43 
2021-01-02T08:44:52 0 0 경기70아1593 3 39 204000059 122000637 45 
2021-01-02T08:45:52 0 0 경기70아1593 3 39 204000059 122000637 45 
2021-01-02T08:46:51 0 0 경기70아1593 3 39 204000059 122000068 46 
2021-01-02T08:47:50 0 0 경기70아1593 3 39 204000059 122000086 47 
2021-01-02T08:48:49 0 0 경기70아1593 3 39 204000059 122000086 47 
2021-01-02T08:49:48 0 0 경기70아1593 3 39 204000059 122000096 49 
2021-01-02T08:50:47 0 0 경기70아1593 3 39 204000059 122000096 49 
2021-01-02T08:51:46 0 0 경기70아1593 3 39 204000059 122000096 49 
2021-01-02T08:52:46 0 0 경기70아1593 3 39 204000059 122000330 50 
2021-01-02T08:53:46 0 0 경기70아1593 3 39 204000059 122000330 50 
2021-01-02T08:54:46 0 0 경기70아1593 3 39 204000059 122000142 51 
2021-01-02T08:55:45 0 0 경기70아1593 3 39 204000059 122000142 51 
2021-01-02T08:56:45 0 0 경기70아1593 3 39 204000059 122000133 52 
2021-01-02T08:57:44 0 0 경기70아1593 3 39 204000059 122000256 53 
2021-01-02T08:58:43 0 0 경기70아1593 3 39 204000059 122000256 53 
2021-01-02T08:59:43 0 0 경기70아1593 3 39 204000059 122000257 54 
2021-01-02T09:00:42 0 0 경기70아1593 3 39 204000059 122000257 54 
2021-01-02T09:01:41 0 0 경기70아1593 3 39 204000059 122000257 54 
2021-01-02T09:02:41 0 0 경기70아1593 3 39 204000059 122000285 56 
2021-01-02T09:03:40 0 0 경기70아1593 3 39 204000059 122000285 56 
2021-01-02T09:04:40 0 0 경기70아1593 3 39 204000059 277103420 57 
2021-01-02T09:05:39 0 0 경기70아1593 3 39 204000059 277103420 57 
2021-01-02T09:06:38 0 0 경기70아1593 3 39 204000059 277103420 57 
2021-01-02T09:07:38 0 0 경기70아1593 3 39 204000059 277103418 58 
2021-01-02T09:08:38 0 0 경기70아1593 3 39 204000059 277103418 58 
2021-01-02T09:09:37 0 0 경기70아1593 3 39 204000059 277103418 58 
2021-01-02T09:10:37 0 0 경기70아1593 3 39 204000059 277103418 58 
2021-01-02T09:11:36 0 0 경기70아1593 3 39 204000059 277103418 58 
2021-01-02T09:12:36 0 0 경기70아1593 3 39 204000059 277103418 58 
2021-01-02T09:13:35 0 0 경기70아1593 3 39 204000059 277103418 58 
2021-01-02T09:14:34 0 0 경기70아1593 3 39 204000059 205000207 59 
2021-01-02T09:15:34 0 0 경기70아1593 3 39 204000059 205000207 59 
2021-01-02T09:16:34 0 0 경기70아1593 3 39 204000059 205000245 60 
2021-01-02T09:17:34 0 0 경기70아1593 3 39 204000059 205000245 60 
2021-01-02T09:18:33 0 0 경기70아1593 3 39 204000059 206000361 61 
2021-01-02T09:19:32 0 0 경기70아1593 3 39 204000059 206000392 63 
2021-01-02T09:20:31 0 0 경기70아1593 3 39 204000059 206000298 64 
2021-01-02T09:21:30 0 0 경기70아1593 3 39 204000059 206000298 64 
2021-01-02T09:22:30 0 0 경기70아1593 3 39 204000059 204000203 66 
2021-01-02T09:23:29 0 0 경기70아1593 3 39 204000059 204000207 67 
2021-01-02T09:24:28 0 0 경기70아1593 3 39 204000059 204000207 67 
2021-01-02T09:25:28 0 0 경기70아1593 3 39 204000059 206000614 68 
2021-01-02T09:26:28 0 0 경기70아1593 3 39 204000059 206000616 69 
2021-01-02T09:27:32 0 0 경기70아1593 3 39 204000059 206000532 71 
2021-01-02T09:28:27 0 0 경기70아1593 3 39 204000059 206000532 71 
2021-01-02T09:29:26 0 0 경기70아1593 3 39 204000059 206000532 71 
2021-01-02T09:30:26 0 0 경기70아1593 3 39 204000059 206000533 72 
2021-01-02T09:31:25 0 0 경기70아1593 3 39 204000059 206000018 73 
2021-01-02T09:32:24 0 0 경기70아1593 3 39 204000059 206000018 73 
2021-01-02T09:33:24 0 0 경기70아1593 3 39 204000059 206000017 74 
2021-01-02T09:34:23 0 0 경기70아1593 3 39 204000059 206000554 75 
2021-01-02T09:35:22 0 0 경기70아1593 3 39 204000059 206000554 75 
2021-01-02T09:36:22 0 0 경기70아1593 3 39 204000059 206000016 76 
2021-01-02T09:37:21 0 0 경기70아1593 3 39 204000059 206000015 78 
2021-01-02T09:38:20 0 0 경기70아1593 3 39 204000059 206000014 79 
2021-01-02T09:39:19 0 0 경기70아1593 3 39 204000059 206000657 81 
2021-01-02T09:40:19 0 0 경기70아1593 3 39 204000059 206000470 83 
2021-01-02T09:41:19 0 0 경기70아1593 3 39 204000059 206000470 83 
2021-01-02T09:42:19 0 0 경기70아1593 3 39 204000059 206000470 83 
2021-01-02T09:43:19 0 0 경기70아1593 3 39 204000059 206000470 83 
2021-01-02T09:44:19 0 0 경기70아1593 3 39 204000059 206000470 83 
2021-01-02T09:45:19 0 0 경기70아1593 3 39 204000059 206000470 83 
2021-01-02T09:46:18 0 0 경기70아1593 3 39 204000059 206000470 83 
2021-01-02T09:47:18 0 0 경기70아1593 3 39 204000059 206000470 83 
2021-01-02T09:48:17 0 0 경기70아1593 3 39 204000059 206000470 83 
2021-01-02T09:49:17 0 0 경기70아1593 3 39 204000059 206000470 83 
2021-01-02T09:50:17 0 0 경기70아1593 3 39 204000059 206000470 83 
2021-01-02T09:51:16 0 0 경기70아1593 3 39 204000059 206000470 83 
2021-01-02T09:52:15 0 0 경기70아1593 3 39 204000059 206000470 83 
2021-01-02T09:53:15 0 0 경기70아1593 3 39 204000059 206000470 83 
2021-01-02T09:54:14 0 0 경기70아1593 3 39 204000059 206000470 83 
2021-01-02T09:55:14 0 0 경기70아1593 3 39 204000059 206000470 83 
2021-01-02T11:30:24 0 0 경기70아1593 3 39 204000059 206000009 2 
2021-01-02T11:31:23 0 0 경기70아1593 3 39 204000059 206000658 3 
2021-01-02T11:32:23 0 0 경기70아1593 3 39 204000059 206000658 3 
2021-01-02T11:33:22 0 0 경기70아1593 3 39 204000059 206000007 5 
2021-01-02T11:34:22 0 0 경기70아1593 3 39 204000059 206000007 5 
2021-01-02T11:35:22 0 0 경기70아1593 3 39 204000059 206000006 6 
2021-01-02T11:36:22 0 0 경기70아1593 3 39 204000059 206000006 6 
2021-01-02T11:37:21 0 0 경기70아1593 3 39 204000059 206000005 7 
2021-01-02T11:38:21 0 0 경기70아1593 3 39 204000059 206000555 9 
2021-01-02T11:39:19 0 0 경기70아1593 3 39 204000059 206000003 10 
2021-01-02T11:40:19 0 0 경기70아1593 3 39 204000059 206000003 10 
2021-01-02T11:41:19 0 0 경기70아1593 3 39 204000059 206000002 11 
2021-01-02T11:42:19 0 0 경기70아1593 3 39 204000059 206000534 12 
2021-01-02T11:43:19 0 0 경기70아1593 3 39 204000059 206000535 13 
2021-01-02T11:44:18 0 0 경기70아1593 3 39 204000059 206000535 13 
2021-01-02T11:45:18 0 0 경기70아1593 3 39 204000059 206000535 13 
2021-01-02T11:46:17 0 0 경기70아1593 3 39 204000059 206000535 13 
2021-01-02T11:47:17 0 0 경기70아1593 3 39 204000059 206000617 14 
2021-01-02T11:48:17 0 0 경기70아1593 3 39 204000059 206000615 15 
2021-01-02T11:49:16 0 0 경기70아1593 3 39 204000059 206000615 15 
2021-01-02T11:50:16 0 0 경기70아1593 3 39 204000059 204000208 16 
2021-01-02T11:51:15 0 0 경기70아1593 3 39 204000059 204000208 16 
2021-01-02T11:52:15 0 0 경기70아1593 3 39 204000059 204000204 17 
2021-01-02T11:53:14 0 0 경기70아1593 3 39 204000059 204000204 17 
2021-01-02T11:54:13 0 0 경기70아1593 3 39 204000059 206000309 18 
2021-01-02T11:55:13 0 0 경기70아1593 3 39 204000059 206000277 19 
2021-01-02T11:56:13 0 0 경기70아1593 3 39 204000059 206000441 20 
2021-01-02T11:57:13 0 0 경기70아1593 3 39 204000059 206000441 20 
2021-01-02T11:58:12 0 0 경기70아1593 3 39 204000059 206000784 21 
2021-01-02T11:59:12 0 0 경기70아1593 3 39 204000059 205000029 22 
2021-01-02T12:00:11 0 0 경기70아1593 3 39 204000059 205000029 22 
2021-01-02T12:01:11 0 0 경기70아1593 3 39 204000059 205000029 22 
2021-01-02T12:02:11 0 0 경기70아1593 3 39 204000059 205000029 22 
2021-01-02T12:03:11 0 0 경기70아1593 3 39 204000059 205000069 23 
2021-01-02T12:04:11 0 0 경기70아1593 3 39 204000059 205000069 23 
2021-01-02T12:05:10 0 0 경기70아1593 3 39 204000059 205000069 23 
2021-01-02T12:06:10 0 0 경기70아1593 3 39 204000059 277102622 24 
2021-01-02T12:07:10 0 0 경기70아1593 3 39 204000059 277102622 24 
2021-01-02T12:08:09 0 0 경기70아1593 3 39 204000059 277102622 24 
2021-01-02T12:09:09 0 0 경기70아1593 3 39 204000059 277102622 24 
2021-01-02T12:10:08 0 0 경기70아1593 3 39 204000059 277103419 25 
2021-01-02T12:11:07 0 0 경기70아1593 3 39 204000059 277103419 25 
2021-01-02T12:12:06 0 0 경기70아1593 3 39 204000059 277103419 25 
2021-01-02T12:13:06 0 0 경기70아1593 3 39 204000059 277103419 25 
2021-01-02T12:14:06 0 0 경기70아1593 3 39 204000059 277103419 25 
2021-01-02T12:15:05 0 0 경기70아1593 3 39 204000059 277103421 26 
2021-01-02T12:16:06 0 0 경기70아1593 3 39 204000059 277103421 26 
2021-01-02T12:17:05 0 0 경기70아1593 3 39 204000059 122000287 27 
2021-01-02T12:18:06 0 0 경기70아1593 3 39 204000059 122000287 27 
2021-01-02T12:19:04 0 0 경기70아1593 3 39 204000059 122000288 28 
2021-01-02T12:20:04 0 0 경기70아1593 3 39 204000059 122000288 28 
2021-01-02T12:21:03 0 0 경기70아1593 3 39 204000059 122000258 29 
2021-01-02T12:22:03 0 0 경기70아1593 3 39 204000059 122000291 30 
2021-01-02T12:23:02 0 0 경기70아1593 3 39 204000059 122000291 30 
2021-01-02T12:24:02 0 0 경기70아1593 3 39 204000059 122000137 31 
2021-01-02T12:25:02 0 0 경기70아1593 3 39 204000059 122000137 31 
2021-01-02T12:26:01 0 0 경기70아1593 3 39 204000059 122000388 32 
2021-01-02T12:27:01 0 0 경기70아1593 3 39 204000059 122000386 33 
2021-01-02T12:28:01 0 0 경기70아1593 3 39 204000059 122000139 34 
2021-01-02T12:29:01 0 0 경기70아1593 3 39 204000059 122000139 34 
2021-01-02T12:30:01 0 0 경기70아1593 3 39 204000059 122000139 34 
2021-01-02T12:30:59 0 0 경기70아1593 3 39 204000059 122000094 35 
2021-01-02T12:31:59 0 0 경기70아1593 3 39 204000059 122000089 36 
2021-01-02T12:32:58 0 0 경기70아1593 3 39 204000059 122000069 38 
2021-01-02T12:33:58 0 0 경기70아1593 3 39 204000059 122000066 39 
2021-01-02T12:34:57 0 0 경기70아1593 3 39 204000059 122000066 39 
2021-01-02T12:35:56 0 0 경기70아1593 3 39 204000059 122000066 39 
2021-01-02T12:36:56 0 0 경기70아1593 3 39 204000059 122000066 39 
2021-01-02T12:37:56 0 0 경기70아1593 3 39 204000059 122000064 40 
2021-01-02T12:38:55 0 0 경기70아1593 3 39 204000059 122000064 40 
2021-01-02T12:39:54 0 0 경기70아1593 3 39 204000059 122000559 41 
2021-01-02T12:40:53 0 0 경기70아1593 3 39 204000059 122000559 41 
2021-01-02T12:41:53 0 0 경기70아1593 3 39 204000059 122000078 42 
2021-01-02T12:42:53 0 0 경기70아1593 3 39 204000059 122000078 42 
2021-01-02T12:43:53 0 0 경기70아1593 3 39 204000059 122000079 43 
2021-01-02T12:44:52 0 0 경기70아1593 3 39 204000059 122000079 43 
2021-01-02T12:45:51 0 0 경기70아1593 3 39 204000059 122000079 43 
2021-01-02T12:46:51 0 0 경기70아1593 3 39 204000059 122000079 43 
2021-01-02T12:47:50 0 0 경기70아1593 3 39 204000059 122000079 43 
2021-01-02T12:48:49 0 0 경기70아1593 3 39 204000059 122000065 44 
2021-01-02T12:49:49 0 0 경기70아1593 3 39 204000059 122000637 45 
2021-01-02T12:50:48 0 0 경기70아1593 3 39 204000059 122000068 46 
2021-01-02T12:51:48 0 0 경기70아1593 3 39 204000059 122000068 46 
2021-01-02T12:52:48 0 0 경기70아1593 3 39 204000059 122000086 47 
2021-01-02T12:53:48 0 0 경기70아1593 3 39 204000059 122000095 48 
2021-01-02T12:54:48 0 0 경기70아1593 3 39 204000059 122000096 49 
2021-01-02T12:55:47 0 0 경기70아1593 3 39 204000059 122000330 50 
2021-01-02T12:56:46 0 0 경기70아1593 3 39 204000059 122000330 50 
2021-01-02T12:57:46 0 0 경기70아1593 3 39 204000059 122000330 50 
2021-01-02T12:58:45 0 0 경기70아1593 3 39 204000059 122000142 51 
2021-01-02T12:59:45 0 0 경기70아1593 3 39 204000059 122000133 52 
2021-01-02T13:00:45 0 0 경기70아1593 3 39 204000059 122000133 52 
2021-01-02T13:01:45 0 0 경기70아1593 3 39 204000059 122000256 53 
2021-01-02T13:02:45 0 0 경기70아1593 3 39 204000059 122000257 54 
2021-01-02T13:03:44 0 0 경기70아1593 3 39 204000059 122000257 54 
2021-01-02T13:04:44 0 0 경기70아1593 3 39 204000059 122000257 54 
2021-01-02T13:05:43 0 0 경기70아1593 3 39 204000059 122000257 54 
2021-01-02T13:06:43 0 0 경기70아1593 3 39 204000059 122000286 55 
2021-01-02T13:07:42 0 0 경기70아1593 3 38 204000059 122000285 56 
2021-01-02T13:08:42 0 0 경기70아1593 3 38 204000059 277103420 57 
2021-01-02T13:09:41 0 0 경기70아1593 3 38 204000059 277103420 57 
2021-01-02T13:10:41 0 0 경기70아1593 3 38 204000059 277103420 57 
2021-01-02T13:11:40 0 0 경기70아1593 3 38 204000059 277103418 58 
2021-01-02T13:12:39 0 0 경기70아1593 3 38 204000059 277103418 58 
2021-01-02T13:13:38 0 0 경기70아1593 3 38 204000059 277103418 58 
2021-01-02T13:14:38 0 0 경기70아1593 3 38 204000059 277103418 58 
2021-01-02T13:15:38 0 0 경기70아1593 3 38 204000059 277103418 58 
2021-01-02T13:16:38 0 0 경기70아1593 3 38 204000059 277103418 58 
2021-01-02T13:17:37 0 0 경기70아1593 3 38 204000059 277103418 58 
2021-01-02T13:18:37 0 0 경기70아1593 3 38 204000059 277103418 58 
2021-01-02T13:19:36 0 0 경기70아1593 3 38 204000059 205000207 59 
2021-01-02T13:20:36 0 0 경기70아1593 3 38 204000059 205000207 59 
2021-01-02T13:21:36 0 0 경기70아1593 3 38 204000059 205000207 59 
2021-01-02T13:22:36 0 0 경기70아1593 3 38 204000059 205000245 60 
2021-01-02T13:23:36 0 0 경기70아1593 3 38 204000059 205000245 60 
2021-01-02T13:24:36 0 0 경기70아1593 3 38 204000059 206000361 61 
2021-01-02T13:25:35 0 0 경기70아1593 3 39 204000059 206000157 62 
2021-01-02T13:26:35 0 0 경기70아1593 3 39 204000059 206000157 62 
2021-01-02T13:27:34 0 0 경기70아1593 3 39 204000059 206000157 62 
2021-01-02T13:28:34 0 0 경기70아1593 3 39 204000059 206000298 64 
2021-01-02T13:29:33 0 0 경기70아1593 3 39 204000059 206000298 64 
2021-01-02T13:30:33 0 0 경기70아1593 3 39 204000059 206000298 64 
2021-01-02T13:31:32 0 0 경기70아1593 3 39 204000059 206000310 65 
2021-01-02T13:32:31 0 0 경기70아1593 3 39 204000059 204000203 66 
2021-01-02T13:33:30 0 0 경기70아1593 3 39 204000059 204000203 66 
2021-01-02T13:34:30 0 0 경기70아1593 3 39 204000059 204000203 66 
2021-01-02T13:35:30 0 0 경기70아1593 3 39 204000059 204000207 67 
2021-01-02T13:36:30 0 0 경기70아1593 3 39 204000059 206000614 68 
2021-01-02T13:37:29 0 0 경기70아1593 3 39 204000059 206000614 68 
2021-01-02T13:38:29 0 0 경기70아1593 3 39 204000059 206000616 69 
2021-01-02T13:39:28 0 0 경기70아1593 3 39 204000059 206000531 70 
2021-01-02T13:40:28 0 0 경기70아1593 3 39 204000059 206000532 71 
2021-01-02T13:41:28 0 0 경기70아1593 3 39 204000059 206000532 71 
2021-01-02T13:42:28 0 0 경기70아1593 3 39 204000059 206000533 72 
2021-01-02T13:43:27 0 0 경기70아1593 3 39 204000059 206000018 73 
2021-01-02T13:44:26 0 0 경기70아1593 3 39 204000059 206000017 74 
2021-01-02T13:45:25 0 0 경기70아1593 3 39 204000059 206000017 74 
2021-01-02T13:46:24 0 0 경기70아1593 3 39 204000059 206000016 76 
2021-01-02T13:47:24 0 0 경기70아1593 3 39 204000059 206000556 77 
2021-01-02T13:48:23 0 0 경기70아1593 3 39 204000059 206000014 79 
2021-01-02T13:49:23 0 0 경기70아1593 3 39 204000059 206000014 79 
2021-01-02T13:50:23 0 0 경기70아1593 3 39 204000059 206000557 80 
2021-01-02T13:51:22 0 0 경기70아1593 3 39 204000059 206000657 81 
2021-01-02T13:52:22 0 0 경기70아1593 3 39 204000059 206000470 83 
2021-01-02T16:40:28 0 0 경기70아1593 3 39 204000059 206000009 2 
2021-01-02T16:41:27 0 0 경기70아1593 3 39 204000059 206000658 3 
2021-01-02T16:42:26 0 0 경기70아1593 3 39 204000059 206000658 3 
2021-01-02T16:43:26 0 0 경기70아1593 3 39 204000059 206000007 5 
2021-01-02T16:44:25 0 0 경기70아1593 3 39 204000059 206000006 6 
2021-01-02T16:45:24 0 0 경기70아1593 3 39 204000059 206000005 7 
2021-01-02T16:46:24 0 0 경기70아1593 3 39 204000059 206000005 7 
2021-01-02T16:47:24 0 0 경기70아1593 3 39 204000059 206000005 7 
2021-01-02T16:48:23 0 0 경기70아1593 3 39 204000059 206000555 9 
2021-01-02T16:49:22 0 0 경기70아1593 3 39 204000059 206000003 10 
2021-01-02T16:50:22 0 0 경기70아1593 3 39 204000059 206000003 10 
2021-01-02T16:51:21 0 0 경기70아1593 3 39 204000059 206000002 11 
2021-01-02T16:52:20 0 0 경기70아1593 3 39 204000059 206000002 11 
2021-01-02T16:53:19 0 0 경기70아1593 3 39 204000059 206000534 12 
2021-01-02T16:54:19 0 0 경기70아1593 3 39 204000059 206000534 12 
2021-01-02T16:55:18 0 0 경기70아1593 3 37 204000059 206000535 13 
2021-01-02T16:56:18 0 0 경기70아1593 3 37 204000059 206000535 13 
2021-01-02T16:57:17 0 0 경기70아1593 3 38 204000059 206000535 13 
2021-01-02T16:58:17 0 0 경기70아1593 3 38 204000059 206000617 14 
2021-01-02T16:59:17 0 0 경기70아1593 3 38 204000059 206000617 14 
2021-01-02T17:00:17 0 0 경기70아1593 3 38 204000059 206000617 14 
2021-01-02T17:01:17 0 0 경기70아1593 3 38 204000059 206000615 15 
2021-01-02T17:02:17 0 0 경기70아1593 3 38 204000059 204000208 16 
2021-01-02T17:03:16 0 0 경기70아1593 3 38 204000059 204000208 16 
2021-01-02T17:04:16 0 0 경기70아1593 3 38 204000059 204000204 17 
2021-01-02T17:05:16 0 0 경기70아1593 3 38 204000059 204000204 17 
2021-01-02T17:06:15 0 0 경기70아1593 3 39 204000059 206000309 18 
2021-01-02T17:07:15 0 0 경기70아1593 3 38 204000059 206000309 18 
2021-01-02T17:08:15 0 0 경기70아1593 3 38 204000059 206000277 19 
2021-01-02T17:09:15 0 0 경기70아1593 3 38 204000059 206000277 19 
2021-01-02T17:10:15 0 0 경기70아1593 3 38 204000059 206000277 19 
2021-01-02T17:11:14 0 0 경기70아1593 3 38 204000059 206000441 20 
2021-01-02T17:12:14 0 0 경기70아1593 3 38 204000059 206000441 20 
2021-01-02T17:13:14 0 0 경기70아1593 3 38 204000059 206000784 21 
2021-01-02T17:14:14 0 0 경기70아1593 3 38 204000059 205000029 22 
2021-01-02T17:15:14 0 0 경기70아1593 3 38 204000059 205000029 22 
2021-01-02T17:16:14 0 0 경기70아1593 3 38 204000059 205000029 22 
2021-01-02T17:17:13 0 0 경기70아1593 3 38 204000059 205000029 22 
2021-01-02T17:18:12 0 0 경기70아1593 3 38 204000059 205000029 22 
2021-01-02T17:19:12 0 0 경기70아1593 3 38 204000059 205000069 23 
2021-01-02T17:20:12 0 0 경기70아1593 3 38 204000059 277102622 24 
2021-01-02T17:21:12 0 0 경기70아1593 3 38 204000059 277102622 24 
2021-01-02T17:22:12 0 0 경기70아1593 3 38 204000059 277102622 24 
2021-01-02T17:23:11 0 0 경기70아1593 3 38 204000059 277102622 24 
2021-01-02T17:24:11 0 0 경기70아1593 3 38 204000059 277103419 25 
2021-01-02T17:25:11 0 0 경기70아1593 3 38 204000059 277103419 25 
2021-01-02T17:26:10 0 0 경기70아1593 3 38 204000059 277103419 25 
2021-01-02T17:27:10 0 0 경기70아1593 3 38 204000059 277103419 25 
2021-01-02T17:28:10 0 0 경기70아1593 3 38 204000059 277103419 25 
2021-01-02T17:29:10 0 0 경기70아1593 3 38 204000059 277103419 25 
2021-01-02T17:30:09 0 0 경기70아1593 3 38 204000059 277103419 25 
2021-01-02T17:31:09 0 0 경기70아1593 3 38 204000059 277103419 25 
2021-01-02T17:32:09 0 0 경기70아1593 3 38 204000059 277103419 25 
2021-01-02T17:33:08 0 0 경기70아1593 3 38 204000059 277103421 26 
2021-01-02T17:34:07 0 0 경기70아1593 3 38 204000059 122000287 27 
2021-01-02T17:35:06 0 0 경기70아1593 3 38 204000059 122000288 28 
2021-01-02T17:36:06 0 0 경기70아1593 3 38 204000059 122000288 28 
2021-01-02T17:37:05 0 0 경기70아1593 3 38 204000059 122000288 28 
2021-01-02T17:38:05 0 0 경기70아1593 3 38 204000059 122000258 29 
2021-01-02T17:39:04 0 0 경기70아1593 3 38 204000059 122000258 29 
2021-01-02T17:40:04 0 0 경기70아1593 3 38 204000059 122000291 30 
2021-01-02T17:41:03 0 0 경기70아1593 3 38 204000059 122000137 31 
2021-01-02T17:42:03 0 0 경기70아1593 3 38 204000059 122000137 31 
2021-01-02T17:43:03 0 0 경기70아1593 3 38 204000059 122000137 31 
2021-01-02T17:44:03 0 0 경기70아1593 3 38 204000059 122000139 34 
2021-01-02T17:45:02 0 0 경기70아1593 3 37 204000059 122000139 34 
2021-01-02T17:46:01 0 0 경기70아1593 3 37 204000059 122000139 34 
2021-01-02T17:47:01 0 0 경기70아1593 3 37 204000059 122000094 35 
2021-01-02T17:48:01 0 0 경기70아1593 3 37 204000059 122000094 35 
2021-01-02T17:49:01 0 0 경기70아1593 3 37 204000059 122000094 35 
2021-01-02T17:50:00 0 0 경기70아1593 3 37 204000059 122000069 38 
2021-01-02T17:51:00 0 0 경기70아1593 3 37 204000059 122000066 39 
2021-01-02T17:51:59 0 0 경기70아1593 3 37 204000059 122000066 39 
2021-01-02T17:52:59 0 0 경기70아1593 3 37 204000059 122000066 39 
2021-01-02T17:53:58 0 0 경기70아1593 3 37 204000059 122000064 40 
2021-01-02T17:54:58 0 0 경기70아1593 3 37 204000059 122000064 40 
2021-01-02T17:55:57 0 0 경기70아1593 3 37 204000059 122000064 40 
2021-01-02T17:56:56 0 0 경기70아1593 3 37 204000059 122000559 41 
2021-01-02T17:57:57 0 0 경기70아1593 3 37 204000059 122000559 41 
2021-01-02T17:58:56 0 0 경기70아1593 3 38 204000059 122000078 42 
2021-01-02T17:59:56 0 0 경기70아1593 3 38 204000059 122000078 42 
2021-01-02T18:00:55 0 0 경기70아1593 3 38 204000059 122000079 43 
2021-01-02T18:01:54 0 0 경기70아1593 3 38 204000059 122000079 43 
2021-01-02T18:02:54 0 0 경기70아1593 3 38 204000059 122000079 43 
2021-01-02T18:03:53 0 0 경기70아1593 3 38 204000059 122000065 44 
2021-01-02T18:04:53 0 0 경기70아1593 3 38 204000059 122000637 45 
2021-01-02T18:05:53 0 0 경기70아1593 3 38 204000059 122000068 46 
2021-01-02T18:06:52 0 0 경기70아1593 3 38 204000059 122000086 47 
2021-01-02T18:07:51 0 0 경기70아1593 3 38 204000059 122000095 48 
2021-01-02T18:08:50 0 0 경기70아1593 3 36 204000059 122000096 49 
2021-01-02T18:09:50 0 0 경기70아1593 3 35 204000059 122000096 49 
2021-01-02T18:10:49 0 0 경기70아1593 3 35 204000059 122000330 50 
2021-01-02T18:11:48 0 0 경기70아1593 3 35 204000059 122000330 50 
2021-01-02T18:12:48 0 0 경기70아1593 3 35 204000059 122000142 51 
2021-01-02T18:13:47 0 0 경기70아1593 3 35 204000059 122000142 51 
2021-01-02T18:14:47 0 0 경기70아1593 3 34 204000059 122000142 51 
2021-01-02T18:15:46 0 0 경기70아1593 3 34 204000059 122000133 52 
2021-01-02T18:16:46 0 0 경기70아1593 3 34 204000059 122000133 52 
2021-01-02T18:17:45 0 0 경기70아1593 3 34 204000059 122000133 52 
2021-01-02T18:18:45 0 0 경기70아1593 3 33 204000059 122000256 53 
2021-01-02T18:19:45 0 0 경기70아1593 3 33 204000059 122000257 54 
2021-01-02T18:20:45 0 0 경기70아1593 3 33 204000059 122000257 54 
2021-01-02T18:21:44 0 0 경기70아1593 3 33 204000059 122000286 55 
2021-01-02T18:22:44 0 0 경기70아1593 3 33 204000059 122000285 56 
2021-01-02T18:23:43 0 0 경기70아1593 3 33 204000059 277103420 57 
2021-01-02T18:24:42 0 0 경기70아1593 3 33 204000059 277103420 57 
2021-01-02T18:25:42 0 0 경기70아1593 3 33 204000059 277103420 57 
2021-01-02T18:26:41 0 0 경기70아1593 3 33 204000059 277103418 58 
2021-01-02T18:27:41 0 0 경기70아1593 3 33 204000059 277103418 58 
2021-01-02T18:28:41 0 0 경기70아1593 3 33 204000059 277103418 58 
2021-01-02T18:29:41 0 0 경기70아1593 3 33 204000059 277103418 58 
2021-01-02T18:30:40 0 0 경기70아1593 3 33 204000059 277103418 58 
2021-01-02T18:31:39 0 0 경기70아1593 3 33 204000059 277103418 58 
2021-01-02T18:32:38 0 0 경기70아1593 3 33 204000059 277103418 58 
2021-01-02T18:33:38 0 0 경기70아1593 3 33 204000059 205000207 59 
2021-01-02T18:34:37 0 0 경기70아1593 3 33 204000059 205000207 59 
2021-01-02T18:35:36 0 0 경기70아1593 3 33 204000059 205000207 59 
2021-01-02T18:36:36 0 0 경기70아1593 3 33 204000059 205000207 59 
2021-01-02T18:37:36 0 0 경기70아1593 3 36 204000059 205000245 60 
2021-01-02T18:38:36 0 0 경기70아1593 3 36 204000059 205000245 60 
2021-01-02T18:39:35 0 0 경기70아1593 3 36 204000059 206000361 61 
2021-01-02T18:40:34 0 0 경기70아1593 3 37 204000059 206000157 62 
2021-01-02T18:41:33 0 0 경기70아1593 3 37 204000059 206000157 62 
2021-01-02T18:42:33 0 0 경기70아1593 3 37 204000059 206000157 62 
2021-01-02T18:43:33 0 0 경기70아1593 3 37 204000059 206000298 64 
2021-01-02T18:44:32 0 0 경기70아1593 3 37 204000059 206000298 64 
2021-01-02T18:45:32 0 0 경기70아1593 3 37 204000059 206000298 64 
2021-01-02T18:46:32 0 0 경기70아1593 3 38 204000059 206000310 65 
2021-01-02T18:47:31 0 0 경기70아1593 3 39 204000059 204000203 66 
2021-01-02T18:48:30 0 0 경기70아1593 3 39 204000059 204000203 66 
2021-01-02T18:49:29 0 0 경기70아1593 3 39 204000059 204000203 66 
2021-01-02T18:50:29 0 0 경기70아1593 3 39 204000059 204000207 67 
2021-01-02T18:51:29 0 0 경기70아1593 3 39 204000059 206000614 68 
2021-01-02T18:52:27 0 0 경기70아1593 3 39 204000059 206000614 68 
2021-01-02T18:53:28 0 0 경기70아1593 3 39 204000059 206000531 70 
2021-01-02T18:54:27 0 0 경기70아1593 3 39 204000059 206000531 70 
2021-01-02T18:55:26 0 0 경기70아1593 3 39 204000059 206000531 70 
2021-01-02T18:56:26 0 0 경기70아1593 3 39 204000059 206000531 70 
2021-01-02T18:57:26 0 0 경기70아1593 3 37 204000059 206000533 72 
2021-01-02T18:58:26 0 0 경기70아1593 3 37 204000059 206000018 73 
2021-01-02T18:59:25 0 0 경기70아1593 3 37 204000059 206000017 74 
2021-01-02T19:00:25 0 0 경기70아1593 3 37 204000059 206000017 74 
2021-01-02T19:01:24 0 0 경기70아1593 3 38 204000059 206000016 76 
2021-01-02T19:02:23 0 0 경기70아1593 3 38 204000059 206000556 77 
2021-01-02T19:03:23 0 0 경기70아1593 3 38 204000059 206000556 77 
2021-01-02T19:04:22 0 0 경기70아1593 3 39 204000059 206000015 78 
2021-01-02T19:05:22 0 0 경기70아1593 3 39 204000059 206000014 79 
2021-01-02T19:06:21 0 0 경기70아1593 3 39 204000059 206000657 81 
2021-01-02T19:07:20 0 0 경기70아1593 3 39 204000059 206000470 83 
2021-01-02T19:08:20 0 0 경기70아1593 3 39 204000059 206000470 83 
2021-01-02T19:09:19 0 0 경기70아1593 3 39 204000059 206000470 83 
2021-01-02T19:10:19 0 0 경기70아1593 3 39 204000059 206000470 83 
2021-01-02T19:11:19 0 0 경기70아1593 3 39 204000059 206000470 83 
2021-01-02T19:12:19 0 0 경기70아1593 3 39 204000059 206000470 83 
2021-01-02T19:13:19 0 0 경기70아1593 3 39 204000059 206000470 83 
2021-01-02T19:14:18 0 0 경기70아1593 3 39 204000059 206000470 83 
2021-01-02T19:15:18 0 0 경기70아1593 3 39 204000059 206000470 83 
2021-01-02T19:16:18 0 0 경기70아1593 3 39 204000059 206000470 83 
2021-01-02T19:17:17 0 0 경기70아1593 3 39 204000059 206000470 83 
2021-01-02T19:18:17 0 0 경기70아1593 3 39 204000059 206000470 83 
2021-01-02T19:19:16 0 0 경기70아1593 3 39 204000059 206000470 83 
2021-01-02T19:20:16 0 0 경기70아1593 3 39 204000059 206000470 83 
2021-01-02T19:21:16 0 0 경기70아1593 3 39 204000059 206000470 83 
