232000098 2021-01-02T00:15:32.105442+09:00
2021-01-02T06:16:11 0 0 경기79바1711 4 74 232000098 277102182 2 
2021-01-02T06:17:11 0 0 경기79바1711 4 74 232000098 277102182 2 
2021-01-02T06:18:11 0 0 경기79바1711 4 74 232000098 277102732 3 
2021-01-02T06:19:11 0 0 경기79바1711 4 74 232000098 277102732 3 
2021-01-02T06:20:10 0 0 경기79바1711 4 73 232000098 232000718 4 
2021-01-02T06:21:09 0 0 경기79바1711 4 73 232000098 232000718 4 
2021-01-02T06:22:09 0 0 경기79바1711 4 73 232000098 232000718 4 
2021-01-02T06:23:09 0 0 경기79바1711 4 73 232000098 232000777 6 
2021-01-02T06:24:09 0 0 경기79바1711 4 73 232000098 232000777 6 
2021-01-02T06:25:08 0 0 경기79바1711 4 73 232000098 232000777 6 
2021-01-02T06:26:08 0 0 경기79바1711 4 73 232000098 232000722 7 
2021-01-02T06:27:08 0 0 경기79바1711 4 73 232000098 232000709 8 
2021-01-02T06:28:07 0 0 경기79바1711 4 73 232000098 232000709 8 
2021-01-02T06:29:06 0 0 경기79바1711 4 73 232000098 232000709 8 
2021-01-02T06:30:06 0 0 경기79바1711 4 73 232000098 232000554 10 
2021-01-02T06:31:05 0 0 경기79바1711 4 73 232000098 232000554 10 
2021-01-02T06:32:05 0 0 경기79바1711 4 73 232000098 232000554 10 
2021-01-02T06:33:05 0 0 경기79바1711 4 73 232000098 232000577 11 
2021-01-02T06:34:05 0 0 경기79바1711 4 73 232000098 232000682 12 
2021-01-02T06:35:04 0 0 경기79바1711 4 73 232000098 232000682 12 
2021-01-02T06:36:04 0 0 경기79바1711 4 73 232000098 232000682 12 
2021-01-02T06:37:04 0 0 경기79바1711 4 73 232000098 232000682 12 
2021-01-02T06:38:04 0 0 경기79바1711 4 73 232000098 232000837 13 
2021-01-02T06:39:03 0 0 경기79바1711 4 73 232000098 232000837 13 
2021-01-02T06:40:03 0 0 경기79바1711 4 73 232000098 232000684 14 
2021-01-02T06:41:03 0 0 경기79바1711 4 73 232000098 232000684 14 
2021-01-02T06:42:02 0 0 경기79바1711 4 73 232000098 232000684 14 
2021-01-02T06:43:02 0 0 경기79바1711 4 73 232000098 232000684 14 
2021-01-02T06:44:02 0 0 경기79바1711 4 73 232000098 232000684 14 
2021-01-02T06:45:02 0 0 경기79바1711 4 73 232000098 232000756 16 
2021-01-02T06:46:01 0 0 경기79바1711 4 73 232000098 232000758 17 
2021-01-02T06:47:01 0 0 경기79바1711 4 72 232000098 232000758 17 
2021-01-02T06:48:01 0 0 경기79바1711 4 72 232000098 232000758 17 
2021-01-02T06:49:00 0 0 경기79바1711 4 72 232000098 232000727 18 
2021-01-02T06:49:59 0 0 경기79바1711 4 72 232000098 232000727 18 
2021-01-02T06:50:59 0 0 경기79바1711 4 72 232000098 232000727 18 
2021-01-02T06:51:58 0 0 경기79바1711 4 72 232000098 232000734 19 
2021-01-02T06:52:57 0 0 경기79바1711 4 72 232000098 232000828 20 
2021-01-02T06:53:58 0 0 경기79바1711 4 72 232000098 277102331 21 
2021-01-02T06:54:57 0 0 경기79바1711 4 72 232000098 277102331 21 
2021-01-02T06:55:57 0 0 경기79바1711 4 72 232000098 277102331 21 
2021-01-02T06:56:57 0 0 경기79바1711 4 72 232000098 277102331 21 
2021-01-02T06:57:56 0 0 경기79바1711 4 72 232000098 277102735 22 
2021-01-02T06:58:55 0 0 경기79바1711 4 72 232000098 277102735 22 
2021-01-02T06:59:55 0 0 경기79바1711 4 72 232000098 277102735 22 
2021-01-02T07:00:54 0 0 경기79바1711 4 72 232000098 277102735 22 
2021-01-02T07:01:54 0 0 경기79바1711 4 72 232000098 277102735 22 
2021-01-02T07:02:53 0 0 경기79바1711 4 72 232000098 277102737 23 
2021-01-02T07:03:52 0 0 경기79바1711 4 72 232000098 277102737 23 
2021-01-02T07:04:52 0 0 경기79바1711 4 72 232000098 277102737 23 
2021-01-02T07:05:51 0 0 경기79바1711 4 72 232000098 277101769 24 
2021-01-02T07:06:50 0 0 경기79바1711 4 72 232000098 277101769 24 
2021-01-02T07:07:49 0 0 경기79바1711 4 72 232000098 277101769 24 
2021-01-02T07:08:49 0 0 경기79바1711 4 72 232000098 277103403 25 
2021-01-02T07:09:49 0 0 경기79바1711 4 72 232000098 277103403 25 
2021-01-02T07:10:49 0 0 경기79바1711 4 72 232000098 277103403 25 
2021-01-02T07:11:49 0 0 경기79바1711 4 72 232000098 277103403 25 
2021-01-02T07:12:47 0 0 경기79바1711 4 72 232000098 277103403 25 
2021-01-02T07:13:47 0 0 경기79바1711 4 72 232000098 277103403 25 
2021-01-02T07:14:46 0 0 경기79바1711 4 72 232000098 277103515 26 
2021-01-02T07:15:46 0 0 경기79바1711 4 72 232000098 277103515 26 
2021-01-02T07:16:46 0 0 경기79바1711 4 73 232000098 118000091 27 
2021-01-02T07:17:45 0 0 경기79바1711 4 73 232000098 118000091 27 
2021-01-02T07:18:45 0 0 경기79바1711 4 73 232000098 118000091 27 
2021-01-02T07:19:45 0 0 경기79바1711 4 73 232000098 118000091 27 
2021-01-02T07:20:44 0 0 경기79바1711 4 73 232000098 118000091 27 
2021-01-02T07:21:44 0 0 경기79바1711 4 73 232000098 118000091 27 
2021-01-02T07:22:44 0 0 경기79바1711 4 73 232000098 118000091 27 
2021-01-02T07:23:43 0 0 경기79바1660 4 70 232000098 277102182 2 
2021-01-02T07:23:43 0 0 경기79바1711 4 73 232000098 118000091 27 
2021-01-02T07:24:42 0 0 경기79바1660 4 70 232000098 277102182 2 
2021-01-02T07:24:42 0 0 경기79바1711 4 73 232000098 118000091 27 
2021-01-02T07:25:41 0 0 경기79바1660 4 70 232000098 277102732 3 
2021-01-02T07:25:41 0 0 경기79바1711 4 73 232000098 277104386 28 
2021-01-02T07:26:40 0 0 경기79바1660 4 70 232000098 277102732 3 
2021-01-02T07:26:40 0 0 경기79바1711 4 73 232000098 277104387 29 
2021-01-02T07:27:39 0 0 경기79바1660 4 70 232000098 232000718 4 
2021-01-02T07:27:39 0 0 경기79바1711 4 73 232000098 277104387 29 
2021-01-02T07:28:39 0 0 경기79바1660 4 69 232000098 232000741 5 
2021-01-02T07:28:39 0 0 경기79바1711 4 73 232000098 277104387 29 
2021-01-02T07:29:38 0 0 경기79바1660 4 69 232000098 232000777 6 
2021-01-02T07:29:38 0 0 경기79바1711 4 73 232000098 277104387 29 
2021-01-02T07:30:37 0 0 경기79바1660 4 69 232000098 232000777 6 
2021-01-02T07:30:37 0 0 경기79바1711 4 73 232000098 277104387 29 
2021-01-02T07:31:38 0 0 경기79바1660 4 69 232000098 232000777 6 
2021-01-02T07:31:38 0 0 경기79바1711 4 73 232000098 277104387 29 
2021-01-02T07:32:36 0 0 경기79바1660 4 69 232000098 232000722 7 
2021-01-02T07:32:36 0 0 경기79바1711 4 73 232000098 277104387 29 
2021-01-02T07:33:36 0 0 경기79바1660 4 69 232000098 232000722 7 
2021-01-02T07:33:36 0 0 경기79바1711 4 73 232000098 277104387 29 
2021-01-02T07:34:36 0 0 경기79바1660 4 69 232000098 232000722 7 
2021-01-02T07:34:36 0 0 경기79바1711 4 73 232000098 277104387 29 
2021-01-02T07:35:36 0 0 경기79바1660 4 69 232000098 232000709 8 
2021-01-02T07:35:36 0 0 경기79바1711 4 74 232000098 277104322 31 
2021-01-02T07:36:36 0 0 경기79바1660 4 69 232000098 232000554 10 
2021-01-02T07:36:36 0 0 경기79바1711 4 74 232000098 277104322 31 
2021-01-02T07:37:35 0 0 경기79바1660 4 69 232000098 232000577 11 
2021-01-02T07:37:35 0 0 경기79바1711 4 74 232000098 113000001 32 
2021-01-02T07:38:34 0 0 경기79바1660 4 69 232000098 232000577 11 
2021-01-02T07:38:34 0 0 경기79바1711 4 74 232000098 113000003 33 
2021-01-02T07:39:33 0 0 경기79바1660 4 69 232000098 232000577 11 
2021-01-02T07:39:33 0 0 경기79바1711 4 74 232000098 113000003 33 
2021-01-02T07:40:33 0 0 경기79바1660 4 69 232000098 232000577 11 
2021-01-02T07:40:33 0 0 경기79바1711 4 74 232000098 113000003 33 
2021-01-02T07:41:33 0 0 경기79바1660 4 68 232000098 232000682 12 
2021-01-02T07:41:33 0 0 경기79바1711 4 74 232000098 113000003 33 
2021-01-02T07:42:32 0 0 경기79바1660 4 68 232000098 232000682 12 
2021-01-02T07:42:32 0 0 경기79바1711 4 74 232000098 113000003 33 
2021-01-02T07:43:32 0 0 경기79바1660 4 68 232000098 232000837 13 
2021-01-02T07:43:32 0 0 경기79바1711 4 74 232000098 113000003 33 
2021-01-02T07:44:32 0 0 경기79바1660 4 68 232000098 232000837 13 
2021-01-02T07:44:32 0 0 경기79바1711 4 74 232000098 113000003 33 
2021-01-02T07:45:32 0 0 경기79바1660 4 68 232000098 232000684 14 
2021-01-02T07:45:32 0 0 경기79바1711 4 74 232000098 113000003 33 
2021-01-02T07:46:31 0 0 경기79바1660 4 68 232000098 232000684 14 
2021-01-02T07:46:31 0 0 경기79바1711 4 74 232000098 113000003 33 
2021-01-02T07:47:31 0 0 경기79바1660 4 68 232000098 232000684 14 
2021-01-02T07:47:31 0 0 경기79바1711 4 74 232000098 113000003 33 
2021-01-02T07:48:30 0 0 경기79바1660 4 67 232000098 232000684 14 
2021-01-02T07:48:30 0 0 경기79바1711 4 74 232000098 113000003 33 
2021-01-02T07:49:29 0 0 경기79바1660 4 67 232000098 232000684 14 
2021-01-02T07:49:29 0 0 경기79바1711 4 74 232000098 113000003 33 
2021-01-02T07:50:29 0 0 경기79바1660 4 67 232000098 232000755 15 
2021-01-02T07:50:29 0 0 경기79바1711 4 74 232000098 113000003 33 
2021-01-02T07:51:28 0 0 경기79바1660 4 66 232000098 232000756 16 
2021-01-02T07:51:28 0 0 경기79바1711 4 74 232000098 113000003 33 
2021-01-02T07:52:28 0 0 경기79바1660 4 66 232000098 232000758 17 
2021-01-02T07:52:28 0 0 경기79바1711 4 74 232000098 113000003 33 
2021-01-02T07:53:27 0 0 경기79바1660 4 66 232000098 232000758 17 
2021-01-02T07:53:27 0 0 경기79바1711 4 74 232000098 113000003 33 
2021-01-02T07:54:26 0 0 경기79바1660 4 66 232000098 232000727 18 
2021-01-02T07:54:26 0 0 경기79바1711 4 74 232000098 113000003 33 
2021-01-02T07:55:25 0 0 경기79바1660 4 66 232000098 232000734 19 
2021-01-02T07:55:25 0 0 경기79바1711 4 74 232000098 113000003 33 
2021-01-02T07:56:24 0 0 경기79바1660 4 66 232000098 232000828 20 
2021-01-02T07:56:24 0 0 경기79바1711 4 74 232000098 113000003 33 
2021-01-02T07:57:24 0 0 경기79바1660 4 66 232000098 277102331 21 
2021-01-02T07:57:24 0 0 경기79바1711 4 74 232000098 113000003 33 
2021-01-02T07:58:24 0 0 경기79바1660 4 66 232000098 277102331 21 
2021-01-02T07:58:24 0 0 경기79바1711 4 74 232000098 113000003 33 
2021-01-02T07:59:23 0 0 경기79바1660 4 66 232000098 277102735 22 
2021-01-02T07:59:23 0 0 경기79바1711 4 74 232000098 113000003 33 
2021-01-02T08:00:23 0 0 경기79바1660 4 66 232000098 277102735 22 
2021-01-02T08:00:23 0 0 경기79바1711 4 74 232000098 113000003 33 
2021-01-02T08:01:23 0 0 경기79바1660 4 66 232000098 277102735 22 
2021-01-02T08:01:23 0 0 경기79바1711 4 74 232000098 113000003 33 
2021-01-02T08:02:22 0 0 경기79바1660 4 66 232000098 277102735 22 
2021-01-02T08:02:22 0 0 경기79바1711 4 74 232000098 113000003 33 
2021-01-02T08:03:22 0 0 경기79바1660 4 66 232000098 277102737 23 
2021-01-02T08:03:22 0 0 경기79바1711 4 74 232000098 113000003 33 
2021-01-02T08:04:21 0 0 경기79바1660 4 66 232000098 277102737 23 
2021-01-02T08:05:21 0 0 경기79바1660 4 66 232000098 277102737 23 
2021-01-02T08:06:21 0 0 경기79바1660 4 66 232000098 277101769 24 
2021-01-02T08:07:20 0 0 경기79바1660 4 66 232000098 277101769 24 
2021-01-02T08:08:19 0 0 경기79바1660 4 66 232000098 277101769 24 
2021-01-02T08:09:19 0 0 경기79바1660 4 66 232000098 277103403 25 
2021-01-02T08:10:18 0 0 경기79바1660 4 66 232000098 277103403 25 
2021-01-02T08:11:17 0 0 경기79바1660 4 66 232000098 277103403 25 
2021-01-02T08:12:16 0 0 경기79바1660 4 66 232000098 277103403 25 
2021-01-02T08:13:17 0 0 경기79바1660 4 66 232000098 277103403 25 
2021-01-02T08:14:16 0 0 경기79바1660 4 66 232000098 277103515 26 
2021-01-02T08:15:15 0 0 경기79바1660 4 66 232000098 277103515 26 
2021-01-02T08:16:15 0 0 경기79바1660 4 66 232000098 277103515 26 
2021-01-02T08:17:14 0 0 경기79바1660 4 66 232000098 277103515 26 
2021-01-02T08:18:14 0 0 경기79바1660 4 66 232000098 277103515 26 
2021-01-02T08:19:13 0 0 경기79바1660 4 65 232000098 118000091 27 
2021-01-02T08:20:13 0 0 경기79바1660 4 65 232000098 118000091 27 
2021-01-02T08:21:12 0 0 경기79바1660 4 65 232000098 118000091 27 
2021-01-02T08:22:12 0 0 경기79바1660 4 65 232000098 277104386 28 
2021-01-02T08:23:11 0 0 경기79바1660 4 65 232000098 277104387 29 
2021-01-02T08:24:10 0 0 경기79바1660 4 65 232000098 277104387 29 
2021-01-02T08:25:10 0 0 경기79바1660 4 65 232000098 118000007 30 
2021-01-02T08:26:09 0 0 경기79바1660 4 65 232000098 118000007 30 
2021-01-02T08:27:08 0 0 경기79바1660 4 65 232000098 118000007 30 
2021-01-02T08:28:08 0 0 경기79바1660 4 65 232000098 277104322 31 
2021-01-02T08:29:07 0 0 경기79바1660 4 66 232000098 113000001 32 
2021-01-02T08:30:06 0 0 경기79바1660 4 66 232000098 113000001 32 
2021-01-02T08:31:06 0 0 경기79바1660 4 67 232000098 113000003 33 
2021-01-02T08:32:05 0 0 경기79바1660 4 67 232000098 113000003 33 
2021-01-02T08:33:04 0 0 경기79바1660 4 67 232000098 113000003 33 
2021-01-02T08:34:03 0 0 경기79바1660 4 67 232000098 113000003 33 
2021-01-02T08:35:02 0 0 경기79바1660 4 67 232000098 113000003 33 
2021-01-02T08:36:02 0 0 경기79바1660 4 67 232000098 113000003 33 
2021-01-02T08:37:01 0 0 경기79바1660 4 68 232000098 113000003 33 
2021-01-02T08:38:01 0 0 경기79바1660 4 68 232000098 112000430 34 
2021-01-02T08:39:00 0 0 경기79바1660 4 68 232000098 112000430 34 
2021-01-02T08:39:59 0 0 경기79바1660 4 69 232000098 101000304 35 
2021-01-02T08:40:58 0 0 경기79바1660 4 70 232000098 100000380 36 
2021-01-02T08:41:57 0 0 경기79바1660 4 70 232000098 100000380 36 
2021-01-02T08:42:57 0 0 경기79바1660 4 70 232000098 100000380 36 
2021-01-02T08:43:56 0 0 경기79바1660 4 70 232000098 100000380 36 
2021-01-02T08:44:56 0 0 경기79바1660 4 70 232000098 100000380 36 
2021-01-02T08:45:55 0 0 경기79바1660 4 70 232000098 100000380 36 
2021-01-02T08:46:54 0 0 경기79바1660 4 70 232000098 100000025 37 
2021-01-02T08:47:54 0 0 경기79바1660 4 70 232000098 100000025 37 
2021-01-02T08:48:52 0 0 경기79바1660 4 70 232000098 100000025 37 
2021-01-02T08:49:52 0 0 경기79바1660 4 70 232000098 101000038 38 
2021-01-02T08:50:51 0 0 경기79바1660 4 70 232000098 112000170 40 
2021-01-02T08:51:50 0 0 경기79바1660 4 70 232000098 112000170 40 
2021-01-02T08:52:50 0 0 경기79바1660 4 70 232000098 277102290 41 
2021-01-02T08:53:50 0 0 경기79바1660 4 70 232000098 277102290 41 
2021-01-02T08:54:50 0 0 경기79바1660 4 70 232000098 113000004 42 
2021-01-02T08:55:49 0 0 경기79바1660 4 70 232000098 113000002 43 
2021-01-02T08:56:48 0 0 경기79바1660 4 70 232000098 113000002 43 
2021-01-02T08:57:47 0 0 경기79바1660 4 70 232000098 277104321 44 
2021-01-02T08:58:46 0 0 경기79바1660 4 70 232000098 277104321 44 
2021-01-02T08:59:46 0 0 경기79바1660 4 70 232000098 118000008 45 
2021-01-02T09:00:46 0 0 경기79바1660 4 70 232000098 118000008 45 
2021-01-02T09:01:45 0 0 경기79바1660 4 70 232000098 118000008 45 
2021-01-02T09:02:44 0 0 경기79바1660 4 70 232000098 118000008 45 
2021-01-02T09:03:43 0 0 경기79바1660 4 70 232000098 118000008 45 
2021-01-02T09:04:43 0 0 경기79바1660 4 70 232000098 277102829 46 
2021-01-02T09:05:42 0 0 경기79바1660 4 70 232000098 277102829 46 
2021-01-02T09:06:42 0 0 경기79바1660 4 70 232000098 277102829 46 
2021-01-02T09:07:43 0 0 경기79바1660 4 70 232000098 277102829 46 
2021-01-02T09:08:42 0 0 경기79바1660 4 70 232000098 277102830 47 
2021-01-02T09:09:41 0 0 경기79바1660 4 70 232000098 277102830 47 
2021-01-02T09:10:40 0 0 경기79바1660 4 70 232000098 277102830 47 
2021-01-02T09:11:39 0 0 경기79바1660 4 70 232000098 118000501 48 
2021-01-02T09:12:39 0 0 경기79바1660 4 70 232000098 118000501 48 
2021-01-02T09:13:39 0 0 경기79바1660 4 70 232000098 118000501 48 
2021-01-02T09:14:38 0 0 경기79바1660 4 70 232000098 118000501 48 
2021-01-02T09:15:38 0 0 경기79바1660 4 70 232000098 277103529 49 
2021-01-02T09:16:38 0 0 경기79바1660 4 70 232000098 277103529 49 
2021-01-02T09:17:37 0 0 경기79바1660 4 70 232000098 277103529 49 
2021-01-02T09:18:36 0 0 경기79바1660 4 70 232000098 277103402 50 
2021-01-02T09:19:36 0 0 경기79바1660 4 70 232000098 277103402 50 
2021-01-02T09:20:35 0 0 경기79바1660 4 70 232000098 277103402 50 
2021-01-02T09:21:34 0 0 경기79바1660 4 70 232000098 277103402 50 
2021-01-02T09:22:34 0 0 경기79바1660 4 70 232000098 277103401 51 
2021-01-02T09:23:33 0 0 경기79바1660 4 70 232000098 277103401 51 
2021-01-02T09:24:32 0 0 경기79바1660 4 70 232000098 277103401 51 
2021-01-02T09:25:32 0 0 경기79바1660 4 70 232000098 277102738 52 
2021-01-02T09:26:32 0 0 경기79바1660 4 70 232000098 277102738 52 
2021-01-02T09:27:35 0 0 경기79바1660 4 70 232000098 277102738 52 
2021-01-02T09:28:31 0 0 경기79바1660 4 70 232000098 277102738 52 
2021-01-02T09:29:30 0 0 경기79바1660 4 70 232000098 277102736 53 
2021-01-02T09:30:29 0 0 경기79바1660 4 70 232000098 277102736 53 
2021-01-02T09:31:29 0 0 경기79바1660 4 70 232000098 277102736 53 
2021-01-02T09:32:28 0 0 경기79바1660 4 70 232000098 232000829 54 
2021-01-02T09:33:28 0 0 경기79바1660 4 70 232000098 232000829 54 
2021-01-02T09:34:27 0 0 경기79바1660 4 69 232000098 232000731 55 
2021-01-02T09:35:26 0 0 경기79바1660 4 69 232000098 232000731 55 
2021-01-02T09:36:26 0 0 경기79바1660 4 69 232000098 232000731 55 
2021-01-02T09:37:24 0 0 경기79바1660 4 69 232000098 232000726 56 
2021-01-02T09:38:24 0 0 경기79바1660 4 69 232000098 232000759 57 
2021-01-02T09:39:23 0 0 경기79바1660 4 69 232000098 232000753 58 
2021-01-02T09:40:22 0 0 경기79바1660 4 69 232000098 232000754 59 
2021-01-02T09:41:22 0 0 경기79바1660 4 69 232000098 232000754 59 
2021-01-02T09:42:22 0 0 경기79바1660 4 69 232000098 232000683 60 
2021-01-02T09:43:22 0 0 경기79바1660 4 69 232000098 232000838 61 
2021-01-02T09:44:22 0 0 경기79바1660 4 69 232000098 232000838 61 
2021-01-02T09:45:22 0 0 경기79바1660 4 69 232000098 232000681 62 
2021-01-02T09:46:22 0 0 경기79바1660 4 69 232000098 232000681 62 
2021-01-02T09:47:21 0 0 경기79바1660 4 69 232000098 232000594 63 
2021-01-02T09:48:20 0 0 경기79바1660 4 70 232000098 232000553 64 
2021-01-02T09:49:20 0 0 경기79바1660 4 70 232000098 232000553 64 
2021-01-02T09:50:20 0 0 경기79바1660 4 70 232000098 232000708 66 
2021-01-02T09:51:19 0 0 경기79바1660 4 70 232000098 232000708 66 
2021-01-02T09:52:18 0 0 경기79바1660 4 70 232000098 232000723 67 
2021-01-02T09:53:18 0 0 경기79바1660 4 70 232000098 232000781 68 
2021-01-02T09:54:18 0 0 경기79바1660 4 70 232000098 232000742 69 
2021-01-02T09:55:17 0 0 경기79바1660 4 70 232000098 232000767 70 
2021-01-02T09:56:17 0 0 경기79바1660 4 70 232000098 232000767 70 
2021-01-02T09:57:16 0 0 경기79바1660 4 70 232000098 232000767 70 
2021-01-02T09:58:15 0 0 경기79바1660 4 70 232000098 232000767 70 
2021-01-02T09:59:15 0 0 경기79바1660 4 70 232000098 232000767 70 
2021-01-02T10:00:14 0 0 경기79바1660 4 70 232000098 232000767 70 
2021-01-02T10:01:14 0 0 경기79바1660 4 70 232000098 232000767 70 
2021-01-02T10:02:13 0 0 경기79바1660 4 70 232000098 232000767 70 
2021-01-02T12:03:14 0 0 경기79바1660 4 69 232000098 277102182 2 
2021-01-02T12:04:15 0 0 경기79바1660 4 69 232000098 277102732 3 
2021-01-02T12:05:14 0 0 경기79바1660 4 69 232000098 277102732 3 
2021-01-02T12:06:13 0 0 경기79바1660 4 69 232000098 277102732 3 
2021-01-02T12:07:13 0 0 경기79바1660 4 69 232000098 232000741 5 
2021-01-02T12:08:12 0 0 경기79바1660 4 69 232000098 232000777 6 
2021-01-02T12:09:12 0 0 경기79바1660 4 69 232000098 232000777 6 
2021-01-02T12:10:12 0 0 경기79바1660 4 69 232000098 232000722 7 
2021-01-02T12:11:11 0 0 경기79바1660 4 69 232000098 232000722 7 
2021-01-02T12:12:10 0 0 경기79바1660 4 69 232000098 232000722 7 
2021-01-02T12:13:10 0 0 경기79바1660 4 69 232000098 232000722 7 
2021-01-02T12:14:10 0 0 경기79바1660 4 69 232000098 232000709 8 
2021-01-02T12:15:09 0 0 경기79바1660 4 69 232000098 232000540 9 
2021-01-02T12:16:09 0 0 경기79바1660 4 69 232000098 232000554 10 
2021-01-02T12:17:09 0 0 경기79바1660 4 68 232000098 232000577 11 
2021-01-02T12:18:09 0 0 경기79바1660 4 68 232000098 232000682 12 
2021-01-02T12:19:08 0 0 경기79바1660 4 68 232000098 232000682 12 
2021-01-02T12:20:07 0 0 경기79바1660 4 68 232000098 232000682 12 
2021-01-02T12:21:07 0 0 경기79바1660 4 68 232000098 232000837 13 
2021-01-02T12:22:06 0 0 경기79바1660 4 68 232000098 232000684 14 
2021-01-02T12:23:05 0 0 경기79바1660 4 68 232000098 232000684 14 
2021-01-02T12:24:05 0 0 경기79바1660 4 68 232000098 232000684 14 
2021-01-02T12:25:05 0 0 경기79바1660 4 68 232000098 232000684 14 
2021-01-02T12:26:04 0 0 경기79바1660 4 68 232000098 232000684 14 
2021-01-02T12:27:04 0 0 경기79바1660 4 68 232000098 232000756 16 
2021-01-02T12:28:04 0 0 경기79바1660 4 68 232000098 232000758 17 
2021-01-02T12:29:04 0 0 경기79바1660 4 68 232000098 232000758 17 
2021-01-02T12:30:04 0 0 경기79바1660 4 68 232000098 232000758 17 
2021-01-02T12:31:03 0 0 경기79바1660 4 68 232000098 232000727 18 
2021-01-02T12:32:02 0 0 경기79바1660 4 68 232000098 232000734 19 
2021-01-02T12:33:01 0 0 경기79바1660 4 68 232000098 277102331 21 
2021-01-02T12:34:02 0 0 경기79바1660 4 68 232000098 277102331 21 
2021-01-02T12:35:01 0 0 경기79바1660 4 68 232000098 277102331 21 
2021-01-02T12:36:00 0 0 경기79바1660 4 68 232000098 277102735 22 
2021-01-02T12:37:00 0 0 경기79바1660 4 68 232000098 277102735 22 
2021-01-02T12:37:59 0 0 경기79바1660 4 68 232000098 277102735 22 
2021-01-02T12:38:59 0 0 경기79바1660 4 68 232000098 277102735 22 
2021-01-02T12:39:58 0 0 경기79바1660 4 68 232000098 277102737 23 
2021-01-02T12:40:57 0 0 경기79바1660 4 68 232000098 277102737 23 
2021-01-02T12:41:57 0 0 경기79바1660 4 68 232000098 277102737 23 
2021-01-02T12:42:56 0 0 경기79바1660 4 68 232000098 277102737 23 
2021-01-02T12:43:56 0 0 경기79바1660 4 68 232000098 277101769 24 
2021-01-02T12:44:55 0 0 경기79바1660 4 68 232000098 277101769 24 
2021-01-02T12:45:54 0 0 경기79바1660 4 68 232000098 277101769 24 
2021-01-02T12:46:55 0 0 경기79바1660 4 68 232000098 277103403 25 
2021-01-02T12:47:54 0 0 경기79바1660 4 68 232000098 277103403 25 
2021-01-02T12:48:53 0 0 경기79바1660 4 68 232000098 277103403 25 
2021-01-02T12:49:52 0 0 경기79바1660 4 68 232000098 277103403 25 
2021-01-02T12:50:52 0 0 경기79바1660 4 68 232000098 277103403 25 
2021-01-02T12:51:51 0 0 경기79바1660 4 68 232000098 277103403 25 
2021-01-02T12:52:51 0 0 경기79바1660 4 68 232000098 277103515 26 
2021-01-02T12:53:51 0 0 경기79바1660 4 68 232000098 277103515 26 
2021-01-02T12:54:51 0 0 경기79바1660 4 68 232000098 118000091 27 
2021-01-02T12:55:51 0 0 경기79바1660 4 68 232000098 118000091 27 
2021-01-02T12:56:49 0 0 경기79바1660 4 68 232000098 118000091 27 
2021-01-02T12:57:49 0 0 경기79바1660 4 68 232000098 118000091 27 
2021-01-02T12:58:49 0 0 경기79바1660 4 68 232000098 118000091 27 
2021-01-02T12:59:49 0 0 경기79바1660 4 68 232000098 118000091 27 
2021-01-02T13:00:48 0 0 경기79바1660 4 68 232000098 277104386 28 
2021-01-02T13:01:48 0 0 경기79바1660 4 68 232000098 277104387 29 
2021-01-02T13:02:48 0 0 경기79바1660 4 68 232000098 277104387 29 
2021-01-02T13:03:48 0 0 경기79바1660 4 68 232000098 277104387 29 
2021-01-02T13:04:48 0 0 경기79바1660 4 68 232000098 277104387 29 
2021-01-02T13:05:46 0 0 경기79바1660 4 68 232000098 118000007 30 
2021-01-02T13:06:46 0 0 경기79바1660 4 69 232000098 118000007 30 
2021-01-02T13:07:45 0 0 경기79바1660 4 69 232000098 118000007 30 
2021-01-02T13:08:45 0 0 경기79바1660 4 69 232000098 118000007 30 
2021-01-02T13:09:45 0 0 경기79바1660 4 69 232000098 277104322 31 
2021-01-02T13:10:44 0 0 경기79바1660 4 69 232000098 277104322 31 
2021-01-02T13:11:43 0 0 경기79바1660 4 69 232000098 277104322 31 
2021-01-02T13:12:43 0 0 경기79바1660 4 70 232000098 113000003 33 
2021-01-02T13:13:42 0 0 경기79바1660 4 70 232000098 113000003 33 
2021-01-02T13:14:41 0 0 경기79바1660 4 70 232000098 113000003 33 
2021-01-02T13:15:41 0 0 경기79바1660 4 70 232000098 113000003 33 
2021-01-02T13:16:41 0 0 경기79바1660 4 70 232000098 112000430 34 
2021-01-02T13:17:40 0 0 경기79바1660 4 69 232000098 101000304 35 
2021-01-02T13:18:40 0 0 경기79바1660 4 69 232000098 101000304 35 
2021-01-02T13:19:40 0 0 경기79바1660 4 69 232000098 100000380 36 
2021-01-02T13:20:40 0 0 경기79바1660 4 69 232000098 100000380 36 
2021-01-02T13:21:39 0 0 경기79바1660 4 69 232000098 100000025 37 
2021-01-02T13:22:39 0 0 경기79바1660 4 68 232000098 100000025 37 
2021-01-02T13:23:39 0 0 경기79바1660 4 68 232000098 100000025 37 
2021-01-02T13:24:39 0 0 경기79바1660 4 68 232000098 100000025 37 
2021-01-02T13:25:38 0 0 경기79바1660 4 67 232000098 101000038 38 
2021-01-02T13:26:38 0 0 경기79바1660 4 67 232000098 277101975 39 
2021-01-02T13:27:37 0 0 경기79바1660 4 67 232000098 112000170 40 
2021-01-02T13:28:37 0 0 경기79바1660 4 67 232000098 112000170 40 
2021-01-02T13:29:36 0 0 경기79바1660 4 67 232000098 112000170 40 
2021-01-02T13:30:36 0 0 경기79바1660 4 67 232000098 277102290 41 
2021-01-02T13:31:36 0 0 경기79바1660 4 67 232000098 113000004 42 
2021-01-02T13:32:35 0 0 경기79바1660 4 67 232000098 113000002 43 
2021-01-02T13:33:33 0 0 경기79바1660 4 67 232000098 277104321 44 
2021-01-02T13:34:33 0 0 경기79바1660 4 67 232000098 277104321 44 
2021-01-02T13:35:33 0 0 경기79바1660 4 67 232000098 118000008 45 
2021-01-02T13:36:33 0 0 경기79바1660 4 67 232000098 118000008 45 
2021-01-02T13:37:33 0 0 경기79바1660 4 67 232000098 118000008 45 
2021-01-02T13:38:32 0 0 경기79바1660 4 67 232000098 118000008 45 
2021-01-02T13:39:32 0 0 경기79바1660 4 67 232000098 277102829 46 
2021-01-02T13:40:32 0 0 경기79바1660 4 67 232000098 277102829 46 
2021-01-02T13:41:31 0 0 경기79바1660 4 67 232000098 277102829 46 
2021-01-02T13:42:31 0 0 경기79바1660 4 67 232000098 277102829 46 
2021-01-02T13:43:31 0 0 경기79바1660 4 67 232000098 277102830 47 
2021-01-02T13:44:30 0 0 경기79바1660 4 67 232000098 277102830 47 
2021-01-02T13:45:29 0 0 경기79바1660 4 67 232000098 277102830 47 
2021-01-02T13:46:28 0 0 경기79바1660 4 67 232000098 277102830 47 
2021-01-02T13:47:28 0 0 경기79바1660 4 67 232000098 277102830 47 
2021-01-02T13:48:27 0 0 경기79바1660 4 67 232000098 118000501 48 
2021-01-02T13:49:26 0 0 경기79바1660 4 65 232000098 118000501 48 
2021-01-02T13:50:26 0 0 경기79바1660 4 65 232000098 118000501 48 
2021-01-02T13:51:26 0 0 경기79바1660 4 65 232000098 118000501 48 
2021-01-02T13:52:25 0 0 경기79바1660 4 65 232000098 277103529 49 
2021-01-02T13:53:25 0 0 경기79바1660 4 65 232000098 277103529 49 
2021-01-02T13:54:24 0 0 경기79바1660 4 65 232000098 277103529 49 
2021-01-02T13:55:24 0 0 경기79바1660 4 65 232000098 277103529 49 
2021-01-02T13:56:23 0 0 경기79바1660 4 65 232000098 277103529 49 
2021-01-02T13:57:23 0 0 경기79바1660 4 65 232000098 277103529 49 
2021-01-02T13:58:23 0 0 경기79바1660 4 65 232000098 277103402 50 
2021-01-02T13:59:23 0 0 경기79바1660 4 65 232000098 277103402 50 
2021-01-02T14:00:23 0 0 경기79바1660 4 65 232000098 277103402 50 
2021-01-02T14:01:23 0 0 경기79바1660 4 65 232000098 277103401 51 
2021-01-02T14:02:23 0 0 경기79바1660 4 65 232000098 277103401 51 
2021-01-02T14:03:22 0 0 경기79바1660 4 65 232000098 277103401 51 
2021-01-02T14:04:22 0 0 경기79바1660 4 65 232000098 277102738 52 
2021-01-02T14:05:22 0 0 경기79바1660 4 65 232000098 277102738 52 
2021-01-02T14:06:22 0 0 경기79바1660 4 65 232000098 277102738 52 
2021-01-02T14:07:22 0 0 경기79바1660 4 65 232000098 277102738 52 
2021-01-02T14:08:20 0 0 경기79바1660 4 65 232000098 277102738 52 
2021-01-02T14:09:20 0 0 경기79바1660 4 65 232000098 277102736 53 
2021-01-02T14:10:20 0 0 경기79바1660 4 65 232000098 277102736 53 
2021-01-02T14:11:19 0 0 경기79바1660 4 65 232000098 277102736 53 
2021-01-02T14:12:19 0 0 경기79바1660 4 66 232000098 232000829 54 
2021-01-02T14:13:19 0 0 경기79바1660 4 66 232000098 232000829 54 
2021-01-02T14:14:19 0 0 경기79바1660 4 67 232000098 232000731 55 
2021-01-02T14:15:18 0 0 경기79바1660 4 67 232000098 232000731 55 
2021-01-02T14:16:18 0 0 경기79바1660 4 67 232000098 232000731 55 
2021-01-02T14:17:18 0 0 경기79바1660 4 67 232000098 232000731 55 
2021-01-02T14:18:17 0 0 경기79바1660 4 67 232000098 232000759 57 
2021-01-02T14:19:16 0 0 경기79바1660 4 67 232000098 232000753 58 
2021-01-02T14:20:16 0 0 경기79바1660 4 67 232000098 232000754 59 
2021-01-02T14:21:16 0 0 경기79바1660 4 67 232000098 232000683 60 
2021-01-02T14:22:16 0 0 경기79바1660 4 66 232000098 232000838 61 
2021-01-02T14:23:16 0 0 경기79바1660 4 66 232000098 232000838 61 
2021-01-02T14:24:16 0 0 경기79바1660 4 67 232000098 232000838 61 
2021-01-02T14:25:15 0 0 경기79바1660 4 68 232000098 232000681 62 
2021-01-02T14:26:15 0 0 경기79바1660 4 69 232000098 232000681 62 
2021-01-02T14:27:15 0 0 경기79바1660 4 70 232000098 232000553 64 
2021-01-02T14:28:15 0 0 경기79바1660 4 70 232000098 232000553 64 
2021-01-02T14:29:14 0 0 경기79바1660 4 70 232000098 232000541 65 
2021-01-02T14:30:14 0 0 경기79바1660 4 70 232000098 232000708 66 
2021-01-02T14:31:14 0 0 경기79바1660 4 70 232000098 232000723 67 
2021-01-02T14:32:13 0 0 경기79바1660 4 70 232000098 232000723 67 
2021-01-02T14:33:13 0 0 경기79바1660 4 70 232000098 232000723 67 
2021-01-02T14:34:12 0 0 경기79바1660 4 70 232000098 232000723 67 
2021-01-02T14:35:12 0 0 경기79바1660 4 70 232000098 232000781 68 
2021-01-02T14:36:12 0 0 경기79바1660 4 70 232000098 232000742 69 
2021-01-02T14:37:11 0 0 경기79바1660 4 70 232000098 232000767 70 
2021-01-02T14:38:11 0 0 경기79바1660 4 70 232000098 232000767 70 
2021-01-02T14:39:11 0 0 경기79바1660 4 70 232000098 232000767 70 
2021-01-02T14:40:10 0 0 경기79바1660 4 70 232000098 232000767 70 
2021-01-02T14:41:10 0 0 경기79바1660 4 70 232000098 232000767 70 
2021-01-02T14:42:10 0 0 경기79바1660 4 70 232000098 232000767 70 
2021-01-02T14:43:10 0 0 경기79바1660 4 70 232000098 232000767 70 
2021-01-02T14:44:10 0 0 경기79바1660 4 70 232000098 232000767 70 
2021-01-02T16:45:28 0 0 경기79바1660 4 70 232000098 232000777 6 
2021-01-02T16:46:27 0 0 경기79바1660 4 70 232000098 232000777 6 
2021-01-02T16:47:28 0 0 경기79바1660 4 70 232000098 232000722 7 
2021-01-02T16:48:27 0 0 경기79바1660 4 70 232000098 232000722 7 
2021-01-02T16:49:25 0 0 경기79바1660 4 70 232000098 232000722 7 
2021-01-02T16:50:25 0 0 경기79바1660 4 70 232000098 232000709 8 
2021-01-02T16:51:24 0 0 경기79바1660 4 70 232000098 232000540 9 
2021-01-02T16:52:24 0 0 경기79바1660 4 70 232000098 232000554 10 
2021-01-02T16:53:22 0 0 경기79바1660 4 70 232000098 232000554 10 
2021-01-02T16:54:23 0 0 경기79바1660 4 70 232000098 232000577 11 
2021-01-02T16:55:22 0 0 경기79바1660 4 70 232000098 232000577 11 
2021-01-02T16:56:21 0 0 경기79바1660 4 70 232000098 232000682 12 
2021-01-02T16:57:21 0 0 경기79바1660 4 70 232000098 232000682 12 
2021-01-02T16:58:20 0 0 경기79바1660 4 70 232000098 232000837 13 
2021-01-02T16:59:20 0 0 경기79바1660 4 70 232000098 232000837 13 
2021-01-02T17:00:20 0 0 경기79바1660 4 70 232000098 232000684 14 
2021-01-02T17:01:20 0 0 경기79바1660 4 70 232000098 232000684 14 
2021-01-02T17:02:20 0 0 경기79바1660 4 70 232000098 232000684 14 
2021-01-02T17:03:19 0 0 경기79바1660 4 70 232000098 232000684 14 
2021-01-02T17:04:19 0 0 경기79바1660 4 70 232000098 232000684 14 
2021-01-02T17:05:19 0 0 경기79바1660 4 70 232000098 232000755 15 
2021-01-02T17:06:19 0 0 경기79바1660 4 69 232000098 232000756 16 
2021-01-02T17:07:18 0 0 경기79바1660 4 69 232000098 232000758 17 
2021-01-02T17:08:18 0 0 경기79바1660 4 69 232000098 232000727 18 
2021-01-02T17:09:18 0 0 경기79바1660 4 68 232000098 232000727 18 
2021-01-02T17:10:18 0 0 경기79바1660 4 68 232000098 232000734 19 
2021-01-02T17:11:18 0 0 경기79바1660 4 68 232000098 232000828 20 
2021-01-02T17:12:18 0 0 경기79바1660 4 68 232000098 277102331 21 
2021-01-02T17:13:18 0 0 경기79바1660 4 68 232000098 277102331 21 
2021-01-02T17:14:17 0 0 경기79바1660 4 68 232000098 277102331 21 
2021-01-02T17:15:17 0 0 경기79바1660 4 68 232000098 277102735 22 
2021-01-02T17:16:17 0 0 경기79바1660 4 68 232000098 277102735 22 
2021-01-02T17:17:16 0 0 경기79바1660 4 68 232000098 277102735 22 
2021-01-02T17:18:16 0 0 경기79바1660 4 68 232000098 277102735 22 
2021-01-02T17:19:16 0 0 경기79바1660 4 68 232000098 277102737 23 
2021-01-02T17:20:16 0 0 경기79바1660 4 68 232000098 277102737 23 
2021-01-02T17:21:15 0 0 경기79바1660 4 68 232000098 277102737 23 
2021-01-02T17:22:15 0 0 경기79바1660 4 68 232000098 277102737 23 
2021-01-02T17:23:15 0 0 경기79바1660 4 68 232000098 277101769 24 
2021-01-02T17:24:14 0 0 경기79바1660 4 68 232000098 277101769 24 
2021-01-02T17:25:14 0 0 경기79바1660 4 68 232000098 277101769 24 
2021-01-02T17:26:14 0 0 경기79바1660 4 68 232000098 277101769 24 
2021-01-02T17:27:13 0 0 경기79바1660 4 68 232000098 277101769 24 
2021-01-02T17:28:13 0 0 경기79바1660 4 68 232000098 277103403 25 
2021-01-02T17:29:13 0 0 경기79바1660 4 68 232000098 277103403 25 
2021-01-02T17:30:12 0 0 경기79바1660 4 68 232000098 277103403 25 
2021-01-02T17:31:12 0 0 경기79바1660 4 68 232000098 277103403 25 
2021-01-02T17:32:12 0 0 경기79바1660 4 68 232000098 277103403 25 
2021-01-02T17:33:12 0 0 경기79바1660 4 68 232000098 277103403 25 
2021-01-02T17:34:11 0 0 경기79바1660 4 68 232000098 277103403 25 
2021-01-02T17:35:10 0 0 경기79바1660 4 68 232000098 277103403 25 
2021-01-02T17:36:09 0 0 경기79바1660 4 68 232000098 277103403 25 
2021-01-02T17:37:09 0 0 경기79바1660 4 68 232000098 277103403 25 
2021-01-02T17:38:09 0 0 경기79바1660 4 68 232000098 277103515 26 
2021-01-02T17:39:08 0 0 경기79바1660 4 68 232000098 277103515 26 
2021-01-02T17:40:08 0 0 경기79바1660 4 69 232000098 118000091 27 
2021-01-02T17:41:06 0 0 경기79바1660 4 69 232000098 118000091 27 
2021-01-02T17:42:07 0 0 경기79바1660 4 69 232000098 118000091 27 
2021-01-02T17:43:06 0 0 경기79바1660 4 69 232000098 118000091 27 
2021-01-02T17:44:06 0 0 경기79바1660 4 69 232000098 118000091 27 
2021-01-02T17:45:06 0 0 경기79바1660 4 69 232000098 277104386 28 
2021-01-02T17:46:04 0 0 경기79바1660 4 69 232000098 277104386 28 
2021-01-02T17:47:05 0 0 경기79바1660 4 69 232000098 277104386 28 
2021-01-02T17:48:04 0 0 경기79바1660 4 69 232000098 277104387 29 
2021-01-02T17:49:04 0 0 경기79바1660 4 69 232000098 277104387 29 
2021-01-02T17:50:03 0 0 경기79바1660 4 69 232000098 277104387 29 
2021-01-02T17:51:03 0 0 경기79바1660 4 69 232000098 277104387 29 
2021-01-02T17:52:02 0 0 경기79바1660 4 69 232000098 118000007 30 
2021-01-02T17:53:03 0 0 경기79바1660 4 69 232000098 118000007 30 
2021-01-02T17:54:02 0 0 경기79바1660 4 69 232000098 118000007 30 
2021-01-02T17:55:02 0 0 경기79바1660 4 69 232000098 277104322 31 
2021-01-02T17:56:01 0 0 경기79바1660 4 69 232000098 277104322 31 
2021-01-02T17:57:00 0 0 경기79바1660 4 69 232000098 113000001 32 
2021-01-02T17:58:00 0 0 경기79바1660 4 69 232000098 113000003 33 
2021-01-02T17:59:00 0 0 경기79바1660 4 69 232000098 113000003 33 
2021-01-02T17:59:59 0 0 경기79바1660 4 69 232000098 113000003 33 
2021-01-02T18:00:59 0 0 경기79바1660 4 69 232000098 113000003 33 
2021-01-02T18:01:57 0 0 경기79바1660 4 69 232000098 113000003 33 
2021-01-02T18:02:58 0 0 경기79바1660 4 69 232000098 101000304 35 
2021-01-02T18:03:56 0 0 경기79바1660 4 69 232000098 101000304 35 
2021-01-02T18:04:56 0 0 경기79바1660 4 69 232000098 100000380 36 
2021-01-02T18:05:56 0 0 경기79바1660 4 69 232000098 100000380 36 
2021-01-02T18:06:55 0 0 경기79바1660 4 69 232000098 100000380 36 
2021-01-02T18:07:55 0 0 경기79바1660 4 69 232000098 100000025 37 
2021-01-02T18:08:54 0 0 경기79바1660 4 69 232000098 100000025 37 
2021-01-02T18:09:53 0 0 경기79바1660 4 69 232000098 100000025 37 
2021-01-02T18:10:53 0 0 경기79바1660 4 70 232000098 101000038 38 
2021-01-02T18:11:52 0 0 경기79바1660 4 70 232000098 277101975 39 
2021-01-02T18:12:51 0 0 경기79바1660 4 70 232000098 112000170 40 
2021-01-02T18:13:50 0 0 경기79바1660 4 69 232000098 112000170 40 
2021-01-02T18:14:51 0 0 경기79바1660 4 69 232000098 112000170 40 
2021-01-02T18:15:49 0 0 경기79바1660 4 69 232000098 112000170 40 
2021-01-02T18:16:50 0 0 경기79바1660 4 69 232000098 277102290 41 
2021-01-02T18:17:49 0 0 경기79바1660 4 69 232000098 277102290 41 
2021-01-02T18:18:49 0 0 경기79바1660 4 69 232000098 113000004 42 
2021-01-02T18:19:49 0 0 경기79바1660 4 69 232000098 113000004 42 
2021-01-02T18:20:48 0 0 경기79바1660 4 69 232000098 113000002 43 
2021-01-02T18:21:48 0 0 경기79바1660 4 69 232000098 113000002 43 
2021-01-02T18:22:47 0 0 경기79바1660 4 69 232000098 277104321 44 
2021-01-02T18:23:46 0 0 경기79바1660 4 69 232000098 277104321 44 
2021-01-02T18:24:46 0 0 경기79바1660 4 69 232000098 118000008 45 
2021-01-02T18:25:45 0 0 경기79바1660 4 68 232000098 118000008 45 
2021-01-02T18:26:44 0 0 경기79바1660 4 68 232000098 118000008 45 
2021-01-02T18:27:44 0 0 경기79바1660 4 68 232000098 118000008 45 
2021-01-02T18:28:44 0 0 경기79바1660 4 68 232000098 118000008 45 
2021-01-02T18:29:45 0 0 경기79바1660 4 68 232000098 277102829 46 
2021-01-02T18:30:44 0 0 경기79바1660 4 68 232000098 277102829 46 
2021-01-02T18:31:43 0 0 경기79바1660 4 68 232000098 277102829 46 
2021-01-02T18:32:42 0 0 경기79바1660 4 68 232000098 277102829 46 
2021-01-02T18:33:42 0 0 경기79바1660 4 68 232000098 277102830 47 
2021-01-02T18:34:41 0 0 경기79바1660 4 68 232000098 277102830 47 
2021-01-02T18:35:39 0 0 경기79바1660 4 68 232000098 277102830 47 
2021-01-02T18:36:40 0 0 경기79바1660 4 67 232000098 118000501 48 
2021-01-02T18:37:39 0 0 경기79바1660 4 67 232000098 118000501 48 
2021-01-02T18:38:39 0 0 경기79바1660 4 67 232000098 118000501 48 
2021-01-02T18:39:38 0 0 경기79바1660 4 67 232000098 277103529 49 
2021-01-02T18:40:38 0 0 경기79바1660 4 67 232000098 277103529 49 
2021-01-02T18:41:37 0 0 경기79바1660 4 67 232000098 277103529 49 
2021-01-02T18:42:36 0 0 경기79바1660 4 67 232000098 277103529 49 
2021-01-02T18:43:37 0 0 경기79바1660 4 67 232000098 277103402 50 
2021-01-02T18:44:36 0 0 경기79바1660 4 67 232000098 277103402 50 
2021-01-02T18:45:36 0 0 경기79바1660 4 67 232000098 277103402 50 
2021-01-02T18:46:35 0 0 경기79바1660 4 67 232000098 277103401 51 
2021-01-02T18:47:34 0 0 경기79바1660 4 67 232000098 277103401 51 
2021-01-02T18:48:34 0 0 경기79바1660 4 67 232000098 277103401 51 
2021-01-02T18:49:33 0 0 경기79바1660 4 67 232000098 277102738 52 
2021-01-02T18:50:33 0 0 경기79바1660 4 67 232000098 277102738 52 
2021-01-02T18:51:32 0 0 경기79바1660 4 67 232000098 277102738 52 
2021-01-02T18:52:31 0 0 경기79바1660 4 67 232000098 277102738 52 
2021-01-02T18:53:31 0 0 경기79바1660 4 67 232000098 277102738 52 
2021-01-02T18:54:31 0 0 경기79바1660 4 67 232000098 277102736 53 
2021-01-02T18:55:30 0 0 경기79바1660 4 67 232000098 277102736 53 
2021-01-02T18:56:30 0 0 경기79바1660 4 67 232000098 277102736 53 
2021-01-02T18:57:30 0 0 경기79바1660 4 69 232000098 232000829 54 
2021-01-02T18:58:29 0 0 경기79바1660 4 69 232000098 232000731 55 
2021-01-02T18:59:28 0 0 경기79바1660 4 69 232000098 232000731 55 
2021-01-02T19:00:29 0 0 경기79바1660 4 69 232000098 232000731 55 
2021-01-02T19:01:28 0 0 경기79바1660 4 69 232000098 232000759 57 
2021-01-02T19:02:27 0 0 경기79바1660 4 69 232000098 232000759 57 
2021-01-02T19:03:27 0 0 경기79바1660 4 69 232000098 232000753 58 
2021-01-02T19:04:26 0 0 경기79바1660 4 69 232000098 232000754 59 
2021-01-02T19:05:25 0 0 경기79바1660 4 69 232000098 232000754 59 
2021-01-02T19:06:25 0 0 경기79바1660 4 69 232000098 232000683 60 
2021-01-02T19:07:24 0 0 경기79바1660 4 69 232000098 232000838 61 
2021-01-02T19:08:23 0 0 경기79바1660 4 69 232000098 232000838 61 
2021-01-02T19:09:22 0 0 경기79바1660 4 69 232000098 232000681 62 
2021-01-02T19:10:22 0 0 경기79바1660 4 69 232000098 232000681 62 
2021-01-02T19:11:22 0 0 경기79바1660 4 69 232000098 232000681 62 
2021-01-02T19:12:22 0 0 경기79바1660 4 69 232000098 232000594 63 
2021-01-02T19:13:22 0 0 경기79바1660 4 70 232000098 232000553 64 
2021-01-02T19:14:21 0 0 경기79바1660 4 70 232000098 232000541 65 
2021-01-02T19:15:21 0 0 경기79바1660 4 70 232000098 232000708 66 
2021-01-02T19:16:21 0 0 경기79바1660 4 70 232000098 232000723 67 
2021-01-02T19:17:20 0 0 경기79바1660 4 70 232000098 232000723 67 
2021-01-02T19:18:20 0 0 경기79바1660 4 70 232000098 232000781 68 
2021-01-02T19:19:20 0 0 경기79바1660 4 70 232000098 232000742 69 
2021-01-02T19:20:19 0 0 경기79바1660 4 70 232000098 232000742 69 
2021-01-02T19:21:19 0 0 경기79바1660 4 70 232000098 232000742 69 
2021-01-02T19:22:19 0 0 경기79바1660 4 70 232000098 232000767 70 
2021-01-02T19:23:18 0 0 경기79바1660 4 70 232000098 232000767 70 
2021-01-02T19:24:18 0 0 경기79바1660 4 70 232000098 232000767 70 
2021-01-02T19:25:18 0 0 경기79바1660 4 70 232000098 232000767 70 
2021-01-02T19:26:17 0 0 경기79바1660 4 70 232000098 232000767 70 
2021-01-02T19:27:18 0 0 경기79바1660 4 70 232000098 232000767 70 
2021-01-02T19:28:16 0 0 경기79바1660 4 70 232000098 232000767 70 
2021-01-02T19:29:16 0 0 경기79바1660 4 70 232000098 232000767 70 
2021-01-02T19:30:16 0 0 경기79바1660 4 70 232000098 232000767 70 
2021-01-02T19:31:16 0 0 경기79바1660 4 70 232000098 232000767 70 
2021-01-02T19:32:16 0 0 경기79바1660 4 70 232000098 232000767 70 
2021-01-02T19:33:16 0 0 경기79바1660 4 70 232000098 232000767 70 
2021-01-02T19:34:15 0 0 경기79바1660 4 70 232000098 232000767 70 
2021-01-02T19:35:15 0 0 경기79바1660 4 70 232000098 232000767 70 
2021-01-02T19:36:15 0 0 경기79바1660 4 70 232000098 232000767 70 
2021-01-02T19:37:15 0 0 경기79바1660 4 70 232000098 232000767 70 
2021-01-02T19:38:14 0 0 경기79바1660 4 70 232000098 232000767 70 
2021-01-02T19:45:12 0 0 경기79바1660 4 70 232000098 232000767 70 
2021-01-02T19:46:12 0 0 경기79바1660 4 70 232000098 232000767 70 
2021-01-02T19:47:11 0 0 경기79바1660 4 70 232000098 232000767 70 
2021-01-02T19:48:11 0 0 경기79바1660 4 70 232000098 232000767 70 
2021-01-02T19:49:11 0 0 경기79바1660 4 70 232000098 232000767 70 
2021-01-02T19:50:10 0 0 경기79바1660 4 70 232000098 232000767 70 
2021-01-02T19:51:10 0 0 경기79바1660 4 70 232000098 232000767 70 
2021-01-02T19:52:09 0 0 경기79바1660 4 70 232000098 232000767 70 
2021-01-02T19:53:09 0 0 경기79바1660 4 70 232000098 232000767 70 
2021-01-02T19:54:09 0 0 경기79바1660 4 70 232000098 232000767 70 
2021-01-02T19:55:08 0 0 경기79바1660 4 70 232000098 232000767 70 
2021-01-02T19:56:08 0 0 경기79바1660 4 70 232000098 232000767 70 
2021-01-02T19:57:07 0 0 경기79바1660 4 70 232000098 232000767 70 
2021-01-02T19:58:07 0 0 경기79바1660 4 70 232000098 232000767 70 
2021-01-02T19:59:05 0 0 경기79바1660 4 70 232000098 232000767 70 
2021-01-02T21:21:33 0 0 경기79바1660 4 70 232000098 232000718 4 
2021-01-02T21:22:33 0 0 경기79바1660 4 70 232000098 232000718 4 
2021-01-02T21:23:33 0 0 경기79바1660 4 70 232000098 232000718 4 
2021-01-02T21:24:33 0 0 경기79바1660 4 70 232000098 232000777 6 
2021-01-02T21:25:32 0 0 경기79바1660 4 70 232000098 232000722 7 
2021-01-02T21:26:32 0 0 경기79바1660 4 70 232000098 232000722 7 
2021-01-02T21:27:32 0 0 경기79바1660 4 70 232000098 232000709 8 
2021-01-02T21:28:31 0 0 경기79바1660 4 70 232000098 232000709 8 
2021-01-02T21:29:31 0 0 경기79바1660 4 70 232000098 232000540 9 
2021-01-02T21:30:31 0 0 경기79바1660 4 70 232000098 232000577 11 
2021-01-02T21:31:31 0 0 경기79바1660 4 70 232000098 232000577 11 
2021-01-02T21:32:31 0 0 경기79바1660 4 70 232000098 232000682 12 
2021-01-02T21:33:30 0 0 경기79바1660 4 70 232000098 232000837 13 
2021-01-02T21:34:30 0 0 경기79바1660 4 70 232000098 232000684 14 
2021-01-02T21:35:29 0 0 경기79바1660 4 70 232000098 232000684 14 
2021-01-02T21:36:30 0 0 경기79바1660 4 70 232000098 232000684 14 
2021-01-02T21:37:29 0 0 경기79바1660 4 70 232000098 232000684 14 
2021-01-02T21:38:29 0 0 경기79바1660 4 70 232000098 232000755 15 
2021-01-02T21:39:29 0 0 경기79바1660 4 69 232000098 232000756 16 
2021-01-02T21:40:28 0 0 경기79바1660 4 69 232000098 232000758 17 
2021-01-02T21:41:28 0 0 경기79바1660 4 69 232000098 232000758 17 
2021-01-02T21:42:28 0 0 경기79바1660 4 67 232000098 232000727 18 
2021-01-02T21:43:28 0 0 경기79바1660 4 67 232000098 232000734 19 
2021-01-02T21:44:28 0 0 경기79바1660 4 67 232000098 232000828 20 
2021-01-02T21:45:27 0 0 경기79바1660 4 67 232000098 277102331 21 
2021-01-02T21:46:28 0 0 경기79바1660 4 67 232000098 277102331 21 
2021-01-02T21:47:26 0 0 경기79바1660 4 67 232000098 277102735 22 
2021-01-02T21:48:26 0 0 경기79바1660 4 67 232000098 277102735 22 
2021-01-02T21:49:25 0 0 경기79바1660 4 67 232000098 277102735 22 
2021-01-02T21:50:24 0 0 경기79바1660 4 67 232000098 277102735 22 
2021-01-02T21:51:24 0 0 경기79바1660 4 67 232000098 277102737 23 
2021-01-02T21:52:24 0 0 경기79바1660 4 67 232000098 277102737 23 
2021-01-02T21:53:24 0 0 경기79바1660 4 67 232000098 277102737 23 
2021-01-02T21:54:23 0 0 경기79바1660 4 67 232000098 277101769 24 
2021-01-02T21:55:23 0 0 경기79바1660 4 67 232000098 277101769 24 
2021-01-02T21:56:23 0 0 경기79바1660 4 67 232000098 277101769 24 
2021-01-02T21:57:22 0 0 경기79바1660 4 67 232000098 277103403 25 
2021-01-02T21:58:22 0 0 경기79바1660 4 67 232000098 277103403 25 
2021-01-02T21:59:22 0 0 경기79바1660 4 67 232000098 277103403 25 
2021-01-02T22:00:21 0 0 경기79바1660 4 67 232000098 277103403 25 
2021-01-02T22:01:21 0 0 경기79바1660 4 67 232000098 277103403 25 
2021-01-02T22:02:20 0 0 경기79바1660 4 68 232000098 277103515 26 
2021-01-02T22:03:19 0 0 경기79바1660 4 68 232000098 277103515 26 
2021-01-02T22:04:19 0 0 경기79바1660 4 68 232000098 277103515 26 
2021-01-02T22:05:18 0 0 경기79바1660 4 70 232000098 118000091 27 
2021-01-02T22:06:18 0 0 경기79바1660 4 70 232000098 118000091 27 
2021-01-02T22:07:17 0 0 경기79바1660 4 70 232000098 118000091 27 
2021-01-02T22:08:17 0 0 경기79바1660 4 70 232000098 118000091 27 
2021-01-02T22:09:17 0 0 경기79바1660 4 70 232000098 118000091 27 
2021-01-02T22:10:17 0 0 경기79바1660 4 70 232000098 118000091 27 
2021-01-02T22:11:19 0 0 경기79바1660 4 70 232000098 277104387 29 
2021-01-02T22:12:20 0 0 경기79바1660 4 70 232000098 277104387 29 
2021-01-02T22:13:20 0 0 경기79바1660 4 70 232000098 277104387 29 
2021-01-02T22:14:18 0 0 경기79바1660 4 70 232000098 277104387 29 
2021-01-02T22:15:17 0 0 경기79바1660 4 70 232000098 118000007 30 
2021-01-02T22:16:18 0 0 경기79바1660 4 70 232000098 118000007 30 
2021-01-02T22:17:18 0 0 경기79바1660 4 70 232000098 118000007 30 
2021-01-02T22:18:16 0 0 경기79바1660 4 70 232000098 277104322 31 
2021-01-02T22:19:15 0 0 경기79바1660 4 70 232000098 113000001 32 
2021-01-02T22:20:14 0 0 경기79바1660 4 70 232000098 113000003 33 
2021-01-02T22:21:13 0 0 경기79바1660 4 70 232000098 113000003 33 
2021-01-02T22:22:12 0 0 경기79바1660 4 70 232000098 113000003 33 
2021-01-02T22:23:13 0 0 경기79바1660 4 70 232000098 113000003 33 
2021-01-02T22:24:11 0 0 경기79바1660 4 70 232000098 112000430 34 
2021-01-02T22:25:11 0 0 경기79바1660 4 70 232000098 112000430 34 
2021-01-02T22:26:11 0 0 경기79바1660 4 70 232000098 101000304 35 
2021-01-02T22:27:09 0 0 경기79바1660 4 70 232000098 101000304 35 
2021-01-02T22:28:09 0 0 경기79바1660 4 70 232000098 100000380 36 
2021-01-02T22:29:09 0 0 경기79바1660 4 70 232000098 100000025 37 
2021-01-02T22:30:10 0 0 경기79바1660 4 70 232000098 100000025 37 
2021-01-02T22:31:10 0 0 경기79바1660 4 70 232000098 277101975 39 
2021-01-02T22:32:09 0 0 경기79바1660 4 70 232000098 112000170 40 
2021-01-02T22:33:09 0 0 경기79바1660 4 70 232000098 112000170 40 
2021-01-02T22:34:11 0 0 경기79바1660 4 70 232000098 277102290 41 
2021-01-02T22:35:09 0 0 경기79바1660 4 70 232000098 277102290 41 
2021-01-02T22:36:11 0 0 경기79바1660 4 70 232000098 113000004 42 
2021-01-02T22:37:10 0 0 경기79바1660 4 70 232000098 113000002 43 
2021-01-02T22:38:09 0 0 경기79바1660 4 70 232000098 113000002 43 
2021-01-02T22:39:09 0 0 경기79바1660 4 70 232000098 277104321 44 
2021-01-02T22:40:12 0 0 경기79바1660 4 70 232000098 277104321 44 
2021-01-02T22:41:08 0 0 경기79바1660 4 70 232000098 277104321 44 
2021-01-02T22:42:06 0 0 경기79바1660 4 70 232000098 118000008 45 
2021-01-02T22:43:07 0 0 경기79바1660 4 70 232000098 118000008 45 
2021-01-02T22:44:08 0 0 경기79바1660 4 70 232000098 277102829 46 
2021-01-02T22:45:08 0 0 경기79바1660 4 70 232000098 277102829 46 
2021-01-02T22:46:06 0 0 경기79바1660 4 70 232000098 277102830 47 
2021-01-02T22:47:07 0 0 경기79바1660 4 70 232000098 277102830 47 
2021-01-02T22:48:04 0 0 경기79바1660 4 70 232000098 277102830 47 
2021-01-02T22:49:06 0 0 경기79바1660 4 70 232000098 118000501 48 
2021-01-02T22:50:04 0 0 경기79바1660 4 69 232000098 118000501 48 
2021-01-02T22:51:04 0 0 경기79바1660 4 69 232000098 118000501 48 
2021-01-02T22:52:02 0 0 경기79바1660 4 69 232000098 118000501 48 
2021-01-02T22:53:06 0 0 경기79바1660 4 69 232000098 277103529 49 
2021-01-02T22:54:01 0 0 경기79바1660 4 69 232000098 277103529 49 
2021-01-02T22:55:05 0 0 경기79바1660 4 69 232000098 277103529 49 
2021-01-02T22:56:02 0 0 경기79바1660 4 69 232000098 277103402 50 
2021-01-02T22:57:01 0 0 경기79바1660 4 69 232000098 277103402 50 
2021-01-02T22:58:00 0 0 경기79바1660 4 69 232000098 277103402 50 
2021-01-02T22:59:03 0 0 경기79바1660 4 69 232000098 277103401 51 
2021-01-02T23:00:00 0 0 경기79바1660 4 69 232000098 277103401 51 
2021-01-02T23:01:01 0 0 경기79바1660 4 69 232000098 277103401 51 
2021-01-02T23:01:59 0 0 경기79바1660 4 69 232000098 277102738 52 
2021-01-02T23:03:00 0 0 경기79바1660 4 69 232000098 277102738 52 
2021-01-02T23:03:56 0 0 경기79바1660 4 69 232000098 277102738 52 
2021-01-02T23:04:56 0 0 경기79바1660 4 69 232000098 277102738 52 
2021-01-02T23:05:56 0 0 경기79바1660 4 69 232000098 277102736 53 
2021-01-02T23:06:57 0 0 경기79바1660 4 69 232000098 277102736 53 
2021-01-02T23:07:57 0 0 경기79바1660 4 69 232000098 277102736 53 
2021-01-02T23:08:54 0 0 경기79바1660 4 69 232000098 277102736 53 
2021-01-02T23:09:56 0 0 경기79바1660 4 69 232000098 232000829 54 
2021-01-02T23:10:53 0 0 경기79바1660 4 69 232000098 232000731 55 
2021-01-02T23:11:52 0 0 경기79바1660 4 69 232000098 232000726 56 
2021-01-02T23:12:53 0 0 경기79바1660 4 69 232000098 232000753 58 
2021-01-02T23:13:51 0 0 경기79바1660 4 69 232000098 232000754 59 
2021-01-02T23:14:50 0 0 경기79바1660 4 70 232000098 232000683 60 
2021-01-02T23:15:51 0 0 경기79바1660 4 70 232000098 232000838 61 
2021-01-02T23:16:49 0 0 경기79바1660 4 70 232000098 232000838 61 
2021-01-02T23:17:50 0 0 경기79바1660 4 70 232000098 232000838 61 
2021-01-02T23:18:48 0 0 경기79바1660 4 70 232000098 232000681 62 
2021-01-02T23:19:50 0 0 경기79바1660 4 70 232000098 232000681 62 
2021-01-02T23:20:48 0 0 경기79바1660 4 70 232000098 232000553 64 
2021-01-02T23:21:46 0 0 경기79바1660 4 70 232000098 232000553 64 
2021-01-02T23:22:45 0 0 경기79바1660 4 70 232000098 232000541 65 
2021-01-02T23:23:45 0 0 경기79바1660 4 70 232000098 232000708 66 
2021-01-02T23:24:44 0 0 경기79바1660 4 70 232000098 232000723 67 
2021-01-02T23:25:44 0 0 경기79바1660 4 70 232000098 232000723 67 
2021-01-02T23:26:43 0 0 경기79바1660 4 70 232000098 232000781 68 
2021-01-02T23:27:44 0 0 경기79바1660 4 70 232000098 232000742 69 
2021-01-02T23:28:43 0 0 경기79바1660 4 70 232000098 232000742 69 
2021-01-02T23:29:43 0 0 경기79바1660 4 70 232000098 232000742 69 
2021-01-02T23:30:42 0 0 경기79바1660 4 70 232000098 232000767 70 
2021-01-02T23:31:42 0 0 경기79바1660 4 70 232000098 232000767 70 
2021-01-02T23:32:41 0 0 경기79바1660 4 70 232000098 232000767 70 
2021-01-02T23:33:40 0 0 경기79바1660 4 70 232000098 232000767 70 
2021-01-02T23:34:40 0 0 경기79바1660 4 70 232000098 232000767 70 
2021-01-02T23:35:40 0 0 경기79바1660 4 70 232000098 232000767 70 
2021-01-02T23:36:39 0 0 경기79바1660 4 70 232000098 232000767 70 
2021-01-02T23:37:38 0 0 경기79바1660 4 70 232000098 232000767 70 
2021-01-02T23:38:38 0 0 경기79바1660 4 70 232000098 232000767 70 
2021-01-02T23:39:37 0 0 경기79바1660 4 70 232000098 232000767 70 
2021-01-02T23:40:37 0 0 경기79바1660 4 70 232000098 232000767 70 
2021-01-02T23:41:36 0 0 경기79바1660 4 70 232000098 232000767 70 
2021-01-02T23:42:36 0 0 경기79바1660 4 70 232000098 232000767 70 
2021-01-02T23:43:35 0 0 경기79바1660 4 70 232000098 232000767 70 
2021-01-02T23:44:35 0 0 경기79바1660 4 70 232000098 232000767 70 
2021-01-02T23:45:34 0 0 경기79바1660 4 70 232000098 232000767 70 
2021-01-02T23:46:34 0 0 경기79바1660 4 70 232000098 232000767 70 
2021-01-02T23:47:33 0 0 경기79바1660 4 70 232000098 232000767 70 
