232000098 2021-01-02T23:48:33.141167+09:00
2021-01-03T06:31:04 0 0 경기79바1660 4 70 232000098 277102182 2 
2021-01-03T06:32:04 0 0 경기79바1660 4 70 232000098 277102732 3 
2021-01-03T06:33:04 0 0 경기79바1660 4 70 232000098 277102732 3 
2021-01-03T06:34:04 0 0 경기79바1660 4 70 232000098 232000718 4 
2021-01-03T06:35:03 0 0 경기79바1660 4 70 232000098 232000741 5 
2021-01-03T06:36:03 0 0 경기79바1660 4 70 232000098 232000777 6 
2021-01-03T06:37:02 0 0 경기79바1660 4 70 232000098 232000777 6 
2021-01-03T06:38:01 0 0 경기79바1660 4 70 232000098 232000777 6 
2021-01-03T06:39:01 0 0 경기79바1660 4 70 232000098 232000722 7 
2021-01-03T06:40:01 0 0 경기79바1660 4 70 232000098 232000722 7 
2021-01-03T06:41:01 0 0 경기79바1660 4 70 232000098 232000709 8 
2021-01-03T06:42:01 0 0 경기79바1660 4 69 232000098 232000709 8 
2021-01-03T06:43:00 0 0 경기79바1660 4 69 232000098 232000554 10 
2021-01-03T06:43:59 0 0 경기79바1660 4 69 232000098 232000577 11 
2021-01-03T06:44:59 0 0 경기79바1660 4 69 232000098 232000682 12 
2021-01-03T06:45:58 0 0 경기79바1660 4 69 232000098 232000682 12 
2021-01-03T06:46:57 0 0 경기79바1660 4 69 232000098 232000682 12 
2021-01-03T06:47:58 0 0 경기79바1660 4 69 232000098 232000837 13 
2021-01-03T06:48:57 0 0 경기79바1660 4 69 232000098 232000684 14 
2021-01-03T06:49:56 0 0 경기79바1660 4 69 232000098 232000684 14 
2021-01-03T06:50:55 0 0 경기79바1660 4 69 232000098 232000684 14 
2021-01-03T06:51:55 0 0 경기79바1660 4 69 232000098 232000755 15 
2021-01-03T06:52:54 0 0 경기79바1660 4 68 232000098 232000756 16 
2021-01-03T06:53:53 0 0 경기79바1660 4 68 232000098 232000758 17 
2021-01-03T06:54:53 0 0 경기79바1660 4 66 232000098 232000758 17 
2021-01-03T06:55:52 0 0 경기79바1660 4 66 232000098 232000758 17 
2021-01-03T06:56:52 0 0 경기79바1660 4 66 232000098 232000758 17 
2021-01-03T06:57:51 0 0 경기79바1660 4 65 232000098 232000727 18 
2021-01-03T06:58:51 0 0 경기79바1660 4 65 232000098 232000734 19 
2021-01-03T06:59:50 0 0 경기79바1660 4 65 232000098 232000828 20 
2021-01-03T07:00:50 0 0 경기79바1660 4 65 232000098 277102331 21 
2021-01-03T07:01:49 0 0 경기79바1660 4 65 232000098 277102331 21 
2021-01-03T07:02:48 0 0 경기79바1660 4 65 232000098 277102735 22 
2021-01-03T07:03:48 0 0 경기79바1660 4 65 232000098 277102735 22 
2021-01-03T07:04:47 0 0 경기79바1660 4 65 232000098 277102735 22 
2021-01-03T07:05:46 0 0 경기79바1660 4 65 232000098 277102735 22 
2021-01-03T07:06:46 0 0 경기79바1660 4 65 232000098 277102735 22 
2021-01-03T07:07:45 0 0 경기79바1660 4 65 232000098 277102737 23 
2021-01-03T07:08:44 0 0 경기79바1660 4 65 232000098 277102737 23 
2021-01-03T07:09:44 0 0 경기79바1660 4 65 232000098 277102737 23 
2021-01-03T07:10:45 0 0 경기79바1660 4 65 232000098 277101769 24 
2021-01-03T07:11:44 0 0 경기79바1660 4 65 232000098 277101769 24 
2021-01-03T07:12:44 0 0 경기79바1660 4 65 232000098 277101769 24 
2021-01-03T07:13:44 0 0 경기79바1660 4 65 232000098 277103403 25 
2021-01-03T07:14:42 0 0 경기79바1660 4 65 232000098 277103403 25 
2021-01-03T07:15:43 0 0 경기79바1660 4 65 232000098 277103403 25 
2021-01-03T07:16:42 0 0 경기79바1660 4 65 232000098 277103403 25 
2021-01-03T07:17:42 0 0 경기79바1660 4 65 232000098 277103515 26 
2021-01-03T07:18:42 0 0 경기79바1660 4 65 232000098 277103515 26 
2021-01-03T07:19:42 0 0 경기79바1660 4 65 232000098 277103515 26 
2021-01-03T07:20:41 0 0 경기79바1660 4 68 232000098 118000091 27 
2021-01-03T07:21:40 0 0 경기79바1660 4 68 232000098 118000091 27 
2021-01-03T07:22:40 0 0 경기79바1660 4 68 232000098 118000091 27 
2021-01-03T07:23:40 0 0 경기79바1660 4 68 232000098 118000091 27 
2021-01-03T07:24:39 0 0 경기79바1660 4 68 232000098 118000091 27 
2021-01-03T07:25:40 0 0 경기79바1660 4 68 232000098 277104386 28 
2021-01-03T07:26:39 0 0 경기79바1660 4 68 232000098 277104387 29 
2021-01-03T07:27:37 0 0 경기79바1660 4 68 232000098 277104387 29 
2021-01-03T07:28:37 0 0 경기79바1660 4 68 232000098 277104387 29 
2021-01-03T07:29:36 0 0 경기79바1660 4 68 232000098 277104387 29 
2021-01-03T07:30:36 0 0 경기79바1660 4 68 232000098 277104387 29 
2021-01-03T07:31:36 0 0 경기79바1660 4 70 232000098 118000007 30 
2021-01-03T07:32:35 0 0 경기79바1660 4 70 232000098 118000007 30 
2021-01-03T07:33:35 0 0 경기79바1660 4 70 232000098 118000007 30 
2021-01-03T07:34:36 0 0 경기79바1660 4 70 232000098 277104322 31 
2021-01-03T07:35:34 0 0 경기79바1660 4 70 232000098 277104322 31 
2021-01-03T07:36:34 0 0 경기79바1660 4 70 232000098 113000002 43 
2021-01-03T07:37:33 0 0 경기79바1660 4 70 232000098 113000003 33 
2021-01-03T07:38:32 0 0 경기79바1660 4 70 232000098 113000003 33 
2021-01-03T07:39:31 0 0 경기79바1660 4 70 232000098 113000003 33 
2021-01-03T07:40:31 0 0 경기79바1660 4 70 232000098 113000003 33 
2021-01-03T07:41:30 0 0 경기79바1660 4 70 232000098 112000430 34 
2021-01-03T07:42:30 0 0 경기79바1660 4 70 232000098 112000430 34 
2021-01-03T07:43:29 0 0 경기79바1660 4 70 232000098 112000430 34 
2021-01-03T07:44:28 0 0 경기79바1660 4 70 232000098 101000304 35 
2021-01-03T07:45:28 0 0 경기79바1660 4 70 232000098 101000304 35 
2021-01-03T07:46:27 0 0 경기79바1660 4 70 232000098 100000380 36 
2021-01-03T07:47:26 0 0 경기79바1660 4 70 232000098 100000380 36 
2021-01-03T07:48:26 0 0 경기79바1660 4 70 232000098 100000025 37 
2021-01-03T07:49:25 0 0 경기79바1660 4 70 232000098 100000025 37 
2021-01-03T07:50:25 0 0 경기79바1660 4 70 232000098 101000038 38 
2021-01-03T07:51:24 0 0 경기79바1660 4 70 232000098 277101975 39 
2021-01-03T07:52:24 0 0 경기79바1660 4 70 232000098 112000170 40 
2021-01-03T07:53:24 0 0 경기79바1660 4 70 232000098 112000170 40 
2021-01-03T07:54:23 0 0 경기79바1660 4 70 232000098 277102290 41 
2021-01-03T07:55:23 0 0 경기79바1660 4 70 232000098 277102290 41 
2021-01-03T07:56:22 0 0 경기79바1660 4 70 232000098 113000004 42 
2021-01-03T07:57:21 0 0 경기79바1660 4 70 232000098 113000004 42 
2021-01-03T07:58:20 0 0 경기79바1660 4 70 232000098 113000002 43 
2021-01-03T07:59:19 0 0 경기79바1660 4 70 232000098 113000002 43 
2021-01-03T08:00:19 0 0 경기79바1660 4 70 232000098 277104321 44 
2021-01-03T08:01:19 0 0 경기79바1660 4 70 232000098 277104321 44 
2021-01-03T08:02:19 0 0 경기79바1660 4 70 232000098 277104321 44 
2021-01-03T08:03:18 0 0 경기79바1660 4 70 232000098 277104321 44 
2021-01-03T08:04:17 0 0 경기79바1660 4 70 232000098 277104321 44 
2021-01-03T08:05:17 0 0 경기79바1660 4 70 232000098 277104321 44 
2021-01-03T08:06:17 0 0 경기79바1660 4 70 232000098 277102829 46 
2021-01-03T08:07:17 0 0 경기79바1660 4 70 232000098 277102829 46 
2021-01-03T08:08:15 0 0 경기79바1660 4 70 232000098 277102829 46 
2021-01-03T08:09:15 0 0 경기79바1660 4 70 232000098 277102830 47 
2021-01-03T08:10:15 0 0 경기79바1660 4 70 232000098 277102830 47 
2021-01-03T08:11:15 0 0 경기79바1660 4 70 232000098 277102830 47 
2021-01-03T08:12:15 0 0 경기79바1660 4 70 232000098 277102830 47 
2021-01-03T08:13:15 0 0 경기79바1660 4 70 232000098 118000501 48 
2021-01-03T08:14:14 0 0 경기79바1660 4 70 232000098 118000501 48 
2021-01-03T08:15:15 0 0 경기79바1660 4 70 232000098 118000501 48 
2021-01-03T08:16:14 0 0 경기79바1660 4 70 232000098 277103529 49 
2021-01-03T08:17:13 0 0 경기79바1660 4 70 232000098 277103529 49 
2021-01-03T08:18:11 0 0 경기79바1660 4 70 232000098 277103529 49 
2021-01-03T08:19:12 0 0 경기79바1660 4 70 232000098 277103402 50 
2021-01-03T08:20:11 0 0 경기79바1660 4 70 232000098 277103402 50 
2021-01-03T08:21:11 0 0 경기79바1660 4 70 232000098 277103402 50 
2021-01-03T08:22:10 0 0 경기79바1660 4 70 232000098 277103402 50 
2021-01-03T08:23:09 0 0 경기79바1660 4 70 232000098 277103401 51 
2021-01-03T08:24:09 0 0 경기79바1660 4 70 232000098 277103401 51 
2021-01-03T08:25:08 0 0 경기79바1660 4 70 232000098 277103401 51 
2021-01-03T08:26:07 0 0 경기79바1660 4 70 232000098 277102738 52 
2021-01-03T08:27:07 0 0 경기79바1660 4 70 232000098 277102738 52 
2021-01-03T08:28:06 0 0 경기79바1660 4 70 232000098 277102738 52 
2021-01-03T08:29:05 0 0 경기79바1660 4 70 232000098 277102738 52 
2021-01-03T08:30:05 0 0 경기79바1660 4 70 232000098 277102736 53 
2021-01-03T08:31:04 0 0 경기79바1660 4 70 232000098 277102736 53 
2021-01-03T08:32:03 0 0 경기79바1660 4 70 232000098 277102736 53 
2021-01-03T08:33:03 0 0 경기79바1660 4 70 232000098 277102736 53 
2021-01-03T08:34:03 0 0 경기79바1660 4 70 232000098 232000731 55 
2021-01-03T08:35:04 0 0 경기79바1660 4 70 232000098 232000726 56 
2021-01-03T08:36:03 0 0 경기79바1660 4 70 232000098 232000759 57 
2021-01-03T08:37:03 0 0 경기79바1660 4 70 232000098 232000754 59 
2021-01-03T08:38:02 0 0 경기79바1660 4 70 232000098 232000754 59 
2021-01-03T08:39:02 0 0 경기79바1660 4 70 232000098 232000683 60 
2021-01-03T08:40:01 0 0 경기79바1660 4 70 232000098 232000683 60 
2021-01-03T08:41:01 0 0 경기79바1660 4 70 232000098 232000838 61 
2021-01-03T08:42:00 0 0 경기79바1660 4 70 232000098 232000681 62 
2021-01-03T08:43:00 0 0 경기79바1660 4 70 232000098 232000594 63 
2021-01-03T08:43:59 0 0 경기79바1660 4 70 232000098 232000541 65 
2021-01-03T08:44:59 0 0 경기79바1660 4 70 232000098 232000708 66 
2021-01-03T08:45:58 0 0 경기79바1660 4 70 232000098 232000723 67 
2021-01-03T08:46:57 0 0 경기79바1660 4 70 232000098 232000723 67 
2021-01-03T08:47:57 0 0 경기79바1660 4 70 232000098 232000723 67 
2021-01-03T08:48:56 0 0 경기79바1660 4 70 232000098 232000781 68 
2021-01-03T08:49:55 0 0 경기79바1660 4 70 232000098 232000742 69 
2021-01-03T08:50:55 0 0 경기79바1660 4 70 232000098 232000742 69 
2021-01-03T08:51:54 0 0 경기79바1660 4 70 232000098 232000767 70 
2021-01-03T08:52:53 0 0 경기79바1660 4 70 232000098 232000767 70 
2021-01-03T08:53:53 0 0 경기79바1660 4 70 232000098 232000767 70 
2021-01-03T08:54:52 0 0 경기79바1660 4 70 232000098 232000767 70 
2021-01-03T08:55:52 0 0 경기79바1660 4 70 232000098 232000767 70 
2021-01-03T08:56:51 0 0 경기79바1660 4 70 232000098 232000767 70 
2021-01-03T08:57:50 0 0 경기79바1660 4 70 232000098 232000767 70 
2021-01-03T08:58:49 0 0 경기79바1660 4 70 232000098 232000767 70 
2021-01-03T08:59:48 0 0 경기79바1660 4 70 232000098 232000767 70 
2021-01-03T09:00:47 0 0 경기79바1660 4 70 232000098 232000767 70 
2021-01-03T09:01:48 0 0 경기79바1660 4 70 232000098 232000767 70 
2021-01-03T09:02:47 0 0 경기79바1660 4 70 232000098 232000767 70 
2021-01-03T09:03:46 0 0 경기79바1660 4 70 232000098 232000767 70 
2021-01-03T09:04:45 0 0 경기79바1660 4 70 232000098 232000767 70 
2021-01-03T09:05:45 0 0 경기79바1660 4 70 232000098 232000767 70 
2021-01-03T09:06:44 0 0 경기79바1660 4 70 232000098 232000767 70 
2021-01-03T09:07:43 0 0 경기79바1660 4 70 232000098 232000767 70 
2021-01-03T09:08:43 0 0 경기79바1660 4 70 232000098 232000767 70 
2021-01-03T09:09:42 0 0 경기79바1660 4 70 232000098 232000767 70 
2021-01-03T11:02:47 0 0 경기79바1660 4 70 232000098 277102732 3 
2021-01-03T11:03:46 0 0 경기79바1660 4 70 232000098 277102732 3 
2021-01-03T11:04:45 0 0 경기79바1660 4 70 232000098 232000718 4 
2021-01-03T11:05:45 0 0 경기79바1660 4 70 232000098 232000777 6 
2021-01-03T11:06:44 0 0 경기79바1660 4 70 232000098 232000777 6 
2021-01-03T11:07:43 0 0 경기79바1660 4 70 232000098 232000777 6 
2021-01-03T11:08:43 0 0 경기79바1660 4 70 232000098 232000722 7 
2021-01-03T11:09:43 0 0 경기79바1660 4 70 232000098 232000722 7 
2021-01-03T11:10:43 0 0 경기79바1660 4 70 232000098 232000722 7 
2021-01-03T11:11:43 0 0 경기79바1660 4 70 232000098 232000540 9 
2021-01-03T11:12:43 0 0 경기79바1660 4 70 232000098 232000554 10 
2021-01-03T11:13:43 0 0 경기79바1660 4 70 232000098 232000577 11 
2021-01-03T11:14:43 0 0 경기79바1660 4 70 232000098 232000577 11 
2021-01-03T11:15:42 0 0 경기79바1660 4 70 232000098 232000577 11 
2021-01-03T11:16:42 0 0 경기79바1660 4 70 232000098 232000682 12 
2021-01-03T11:17:42 0 0 경기79바1660 4 70 232000098 232000682 12 
2021-01-03T11:18:42 0 0 경기79바1660 4 70 232000098 232000682 12 
2021-01-03T11:19:40 0 0 경기79바1660 4 70 232000098 232000837 13 
2021-01-03T11:20:39 0 0 경기79바1660 4 70 232000098 232000837 13 
2021-01-03T11:21:39 0 0 경기79바1660 4 70 232000098 232000684 14 
2021-01-03T11:22:38 0 0 경기79바1660 4 70 232000098 232000684 14 
2021-01-03T11:23:37 0 0 경기79바1660 4 69 232000098 232000684 14 
2021-01-03T11:24:37 0 0 경기79바1660 4 69 232000098 232000684 14 
2021-01-03T11:25:36 0 0 경기79바1660 4 69 232000098 232000684 14 
2021-01-03T11:26:35 0 0 경기79바1660 4 69 232000098 232000755 15 
2021-01-03T11:27:35 0 0 경기79바1660 4 68 232000098 232000756 16 
2021-01-03T11:28:35 0 0 경기79바1660 4 68 232000098 232000758 17 
2021-01-03T11:29:35 0 0 경기79바1660 4 68 232000098 232000758 17 
2021-01-03T11:30:35 0 0 경기79바1660 4 69 232000098 232000758 17 
2021-01-03T11:31:34 0 0 경기79바1660 4 68 232000098 232000727 18 
2021-01-03T11:32:34 0 0 경기79바1660 4 68 232000098 232000828 20 
2021-01-03T11:33:33 0 0 경기79바1660 4 68 232000098 277102331 21 
2021-01-03T11:34:33 0 0 경기79바1660 4 68 232000098 277102331 21 
2021-01-03T11:35:33 0 0 경기79바1660 4 68 232000098 277102331 21 
2021-01-03T11:36:33 0 0 경기79바1660 4 68 232000098 277102735 22 
2021-01-03T11:37:32 0 0 경기79바1660 4 68 232000098 277102735 22 
2021-01-03T11:38:32 0 0 경기79바1660 4 68 232000098 277102735 22 
2021-01-03T11:39:31 0 0 경기79바1660 4 68 232000098 277102735 22 
2021-01-03T11:40:30 0 0 경기79바1660 4 68 232000098 277102737 23 
2021-01-03T11:41:30 0 0 경기79바1660 4 68 232000098 277102737 23 
2021-01-03T11:42:29 0 0 경기79바1660 4 68 232000098 277102737 23 
2021-01-03T11:43:29 0 0 경기79바1660 4 68 232000098 277101769 24 
2021-01-03T11:44:28 0 0 경기79바1660 4 68 232000098 277101769 24 
2021-01-03T11:45:27 0 0 경기79바1660 4 68 232000098 277101769 24 
2021-01-03T11:46:27 0 0 경기79바1660 4 68 232000098 277103403 25 
2021-01-03T11:47:26 0 0 경기79바1660 4 68 232000098 277103403 25 
2021-01-03T11:48:26 0 0 경기79바1660 4 68 232000098 277103403 25 
2021-01-03T11:49:25 0 0 경기79바1660 4 68 232000098 277103403 25 
2021-01-03T11:50:24 0 0 경기79바1660 4 68 232000098 277103403 25 
2021-01-03T11:51:24 0 0 경기79바1660 4 68 232000098 277103403 25 
2021-01-03T11:52:23 0 0 경기79바1660 4 68 232000098 277103515 26 
2021-01-03T11:53:22 0 0 경기79바1660 4 68 232000098 277103515 26 
2021-01-03T11:54:22 0 0 경기79바1660 4 68 232000098 118000091 27 
2021-01-03T11:55:22 0 0 경기79바1660 4 68 232000098 118000091 27 
2021-01-03T11:56:21 0 0 경기79바1660 4 68 232000098 118000091 27 
2021-01-03T11:57:21 0 0 경기79바1660 4 68 232000098 118000091 27 
2021-01-03T11:58:20 0 0 경기79바1660 4 68 232000098 277104387 29 
2021-01-03T11:59:20 0 0 경기79바1660 4 68 232000098 277104387 29 
2021-01-03T12:00:20 0 0 경기79바1660 4 68 232000098 277104387 29 
2021-01-03T12:01:19 0 0 경기79바1660 4 68 232000098 277104387 29 
2021-01-03T12:02:18 0 0 경기79바1660 4 68 232000098 118000007 30 
2021-01-03T12:03:17 0 0 경기79바1660 4 68 232000098 118000007 30 
2021-01-03T12:04:16 0 0 경기79바1660 4 68 232000098 118000007 30 
2021-01-03T12:05:16 0 0 경기79바1660 4 68 232000098 118000007 30 
2021-01-03T12:06:15 0 0 경기79바1660 4 68 232000098 277104322 31 
2021-01-03T12:07:15 0 0 경기79바1660 4 68 232000098 113000001 32 
2021-01-03T12:08:15 0 0 경기79바1660 4 68 232000098 113000001 32 
2021-01-03T12:09:14 0 0 경기79바1660 4 68 232000098 113000003 33 
2021-01-03T12:10:13 0 0 경기79바1660 4 68 232000098 113000003 33 
2021-01-03T12:11:12 0 0 경기79바1660 4 69 232000098 113000003 33 
2021-01-03T12:12:12 0 0 경기79바1660 4 69 232000098 112000430 34 
2021-01-03T12:13:11 0 0 경기79바1660 4 69 232000098 112000430 34 
2021-01-03T12:14:10 0 0 경기79바1660 4 69 232000098 101000304 35 
2021-01-03T12:15:10 0 0 경기79바1660 4 69 232000098 100000380 36 
2021-01-03T12:16:09 0 0 경기79바1660 4 69 232000098 100000380 36 
2021-01-03T12:17:10 0 0 경기79바1660 4 69 232000098 100000025 37 
2021-01-03T12:18:09 0 0 경기79바1660 4 70 232000098 100000025 37 
2021-01-03T12:19:09 0 0 경기79바1660 4 70 232000098 100000025 37 
2021-01-03T12:20:08 0 0 경기79바1660 4 70 232000098 101000038 38 
2021-01-03T12:21:07 0 0 경기79바1660 4 70 232000098 101000038 38 
2021-01-03T12:22:07 0 0 경기79바1660 4 70 232000098 101000038 38 
2021-01-03T12:23:08 0 0 경기79바1660 4 70 232000098 277101975 39 
2021-01-03T12:24:07 0 0 경기79바1660 4 70 232000098 112000170 40 
2021-01-03T12:25:06 0 0 경기79바1660 4 70 232000098 112000170 40 
2021-01-03T12:26:05 0 0 경기79바1660 4 70 232000098 277102290 41 
2021-01-03T12:27:06 0 0 경기79바1660 4 70 232000098 113000004 42 
2021-01-03T12:28:04 0 0 경기79바1660 4 70 232000098 113000004 42 
2021-01-03T12:29:04 0 0 경기79바1660 4 70 232000098 113000002 43 
2021-01-03T12:30:02 0 0 경기79바1660 4 70 232000098 277104321 44 
2021-01-03T12:31:03 0 0 경기79바1660 4 70 232000098 277104321 44 
2021-01-03T12:32:02 0 0 경기79바1660 4 70 232000098 118000008 45 
2021-01-03T12:33:01 0 0 경기79바1660 4 70 232000098 118000008 45 
2021-01-03T12:34:00 0 0 경기79바1660 4 70 232000098 277102829 46 
2021-01-03T12:34:59 0 0 경기79바1660 4 70 232000098 277102829 46 
2021-01-03T12:35:58 0 0 경기79바1660 4 70 232000098 277102830 47 
2021-01-03T12:36:58 0 0 경기79바1660 4 70 232000098 277102830 47 
2021-01-03T12:37:57 0 0 경기79바1660 4 70 232000098 277102830 47 
2021-01-03T12:38:57 0 0 경기79바1660 4 70 232000098 118000501 48 
2021-01-03T12:39:56 0 0 경기79바1660 4 70 232000098 118000501 48 
2021-01-03T12:40:55 0 0 경기79바1660 4 70 232000098 118000501 48 
2021-01-03T12:41:55 0 0 경기79바1660 4 70 232000098 277103529 49 
2021-01-03T12:42:54 0 0 경기79바1660 4 70 232000098 277103529 49 
2021-01-03T12:43:54 0 0 경기79바1660 4 70 232000098 277103529 49 
2021-01-03T12:44:53 0 0 경기79바1660 4 70 232000098 277103529 49 
2021-01-03T12:45:52 0 0 경기79바1660 4 70 232000098 277103402 50 
2021-01-03T12:46:52 0 0 경기79바1660 4 70 232000098 277103402 50 
2021-01-03T12:47:51 0 0 경기79바1660 4 70 232000098 277103402 50 
2021-01-03T12:48:51 0 0 경기79바1660 4 70 232000098 277103402 50 
2021-01-03T12:49:50 0 0 경기79바1660 4 70 232000098 277103401 51 
2021-01-03T12:50:49 0 0 경기79바1660 4 70 232000098 277103401 51 
2021-01-03T12:51:50 0 0 경기79바1660 4 70 232000098 277103401 51 
2021-01-03T12:52:50 0 0 경기79바1660 4 70 232000098 277102738 52 
2021-01-03T12:53:49 0 0 경기79바1660 4 70 232000098 277102738 52 
2021-01-03T12:54:47 0 0 경기79바1660 4 70 232000098 277102738 52 
2021-01-03T12:55:47 0 0 경기79바1660 4 70 232000098 277102738 52 
2021-01-03T12:56:46 0 0 경기79바1660 4 70 232000098 277102738 52 
2021-01-03T12:57:47 0 0 경기79바1660 4 70 232000098 277102736 53 
2021-01-03T12:58:46 0 0 경기79바1660 4 70 232000098 277102736 53 
2021-01-03T12:59:46 0 0 경기79바1660 4 70 232000098 277102736 53 
2021-01-03T13:00:46 0 0 경기79바1660 4 70 232000098 232000829 54 
2021-01-03T13:01:46 0 0 경기79바1660 4 69 232000098 232000731 55 
2021-01-03T13:02:46 0 0 경기79바1660 4 69 232000098 232000731 55 
2021-01-03T13:03:45 0 0 경기79바1660 4 69 232000098 232000731 55 
2021-01-03T13:04:45 0 0 경기79바1660 4 69 232000098 232000726 56 
2021-01-03T13:05:44 0 0 경기79바1660 4 69 232000098 232000759 57 
2021-01-03T13:06:43 0 0 경기79바1660 4 70 232000098 232000753 58 
2021-01-03T13:07:43 0 0 경기79바1660 4 70 232000098 232000754 59 
2021-01-03T13:08:42 0 0 경기79바1660 4 70 232000098 232000754 59 
2021-01-03T13:09:41 0 0 경기79바1660 4 70 232000098 232000838 61 
2021-01-03T13:10:40 0 0 경기79바1660 4 70 232000098 232000838 61 
2021-01-03T13:11:40 0 0 경기79바1660 4 70 232000098 232000838 61 
2021-01-03T13:12:40 0 0 경기79바1660 4 70 232000098 232000838 61 
2021-01-03T13:13:39 0 0 경기79바1660 4 70 232000098 232000681 62 
2021-01-03T13:14:39 0 0 경기79바1660 4 70 232000098 232000681 62 
2021-01-03T13:15:38 0 0 경기79바1660 4 70 232000098 232000553 64 
2021-01-03T13:16:38 0 0 경기79바1660 4 70 232000098 232000553 64 
2021-01-03T13:17:38 0 0 경기79바1660 4 70 232000098 232000708 66 
2021-01-03T13:18:38 0 0 경기79바1660 4 70 232000098 232000708 66 
2021-01-03T13:19:37 0 0 경기79바1660 4 70 232000098 232000723 67 
2021-01-03T13:20:36 0 0 경기79바1660 4 70 232000098 232000723 67 
2021-01-03T13:21:36 0 0 경기79바1660 4 70 232000098 232000723 67 
2021-01-03T13:22:36 0 0 경기79바1660 4 70 232000098 232000781 68 
2021-01-03T13:23:36 0 0 경기79바1660 4 70 232000098 232000742 69 
2021-01-03T13:24:36 0 0 경기79바1660 4 70 232000098 232000742 69 
2021-01-03T13:25:35 0 0 경기79바1660 4 70 232000098 232000767 70 
2021-01-03T13:26:35 0 0 경기79바1660 4 70 232000098 232000767 70 
2021-01-03T13:27:34 0 0 경기79바1660 4 70 232000098 232000767 70 
2021-01-03T13:28:33 0 0 경기79바1660 4 70 232000098 232000767 70 
2021-01-03T13:29:33 0 0 경기79바1660 4 70 232000098 232000767 70 
2021-01-03T13:30:33 0 0 경기79바1660 4 70 232000098 232000767 70 
2021-01-03T13:31:33 0 0 경기79바1660 4 70 232000098 232000767 70 
2021-01-03T13:32:32 0 0 경기79바1660 4 70 232000098 232000767 70 
2021-01-03T13:33:31 0 0 경기79바1660 4 70 232000098 232000767 70 
2021-01-03T13:34:31 0 0 경기79바1660 4 70 232000098 232000767 70 
2021-01-03T13:35:31 0 0 경기79바1660 4 70 232000098 232000767 70 
2021-01-03T13:36:31 0 0 경기79바1660 4 70 232000098 232000767 70 
2021-01-03T13:37:30 0 0 경기79바1660 4 70 232000098 232000767 70 
2021-01-03T13:38:30 0 0 경기79바1660 4 70 232000098 232000767 70 
2021-01-03T13:39:30 0 0 경기79바1660 4 70 232000098 232000767 70 
2021-01-03T13:40:30 0 0 경기79바1660 4 70 232000098 232000767 70 
2021-01-03T13:41:30 0 0 경기79바1660 4 70 232000098 232000767 70 
2021-01-03T15:45:40 0 0 경기79바1660 4 70 232000098 232000718 4 
2021-01-03T15:46:39 0 0 경기79바1660 4 70 232000098 232000741 5 
2021-01-03T15:47:39 0 0 경기79바1660 4 70 232000098 232000777 6 
2021-01-03T15:48:39 0 0 경기79바1660 4 70 232000098 232000777 6 
2021-01-03T15:49:38 0 0 경기79바1660 4 70 232000098 232000777 6 
2021-01-03T15:50:38 0 0 경기79바1660 4 70 232000098 232000777 6 
2021-01-03T15:51:38 0 0 경기79바1660 4 70 232000098 232000722 7 
2021-01-03T15:52:37 0 0 경기79바1660 4 70 232000098 232000722 7 
2021-01-03T15:53:37 0 0 경기79바1660 4 68 232000098 232000709 8 
2021-01-03T15:54:37 0 0 경기79바1660 4 68 232000098 232000540 9 
2021-01-03T15:55:37 0 0 경기79바1660 4 68 232000098 232000540 9 
2021-01-03T15:56:35 0 0 경기79바1660 4 68 232000098 232000540 9 
2021-01-03T15:57:35 0 0 경기79바1660 4 68 232000098 232000577 11 
2021-01-03T15:58:34 0 0 경기79바1660 4 68 232000098 232000577 11 
2021-01-03T15:59:33 0 0 경기79바1660 4 68 232000098 232000682 12 
2021-01-03T16:00:33 0 0 경기79바1660 4 68 232000098 232000682 12 
2021-01-03T16:01:32 0 0 경기79바1660 4 68 232000098 232000682 12 
2021-01-03T16:02:32 0 0 경기79바1660 4 68 232000098 232000682 12 
2021-01-03T16:03:31 0 0 경기79바1660 4 68 232000098 232000837 13 
2021-01-03T16:04:30 0 0 경기79바1660 4 68 232000098 232000684 14 
2021-01-03T16:05:29 0 0 경기79바1660 4 68 232000098 232000684 14 
2021-01-03T16:06:29 0 0 경기79바1660 4 68 232000098 232000684 14 
2021-01-03T16:07:29 0 0 경기79바1660 4 68 232000098 232000684 14 
2021-01-03T16:08:28 0 0 경기79바1660 4 68 232000098 232000755 15 
2021-01-03T16:09:28 0 0 경기79바1660 4 67 232000098 232000756 16 
2021-01-03T16:10:27 0 0 경기79바1660 4 67 232000098 232000756 16 
2021-01-03T16:11:25 0 0 경기79바1660 4 67 232000098 232000758 17 
2021-01-03T16:12:25 0 0 경기79바1660 4 67 232000098 232000758 17 
2021-01-03T16:13:25 0 0 경기79바1660 4 67 232000098 232000758 17 
2021-01-03T16:14:25 0 0 경기79바1660 4 67 232000098 232000758 17 
2021-01-03T16:15:24 0 0 경기79바1660 4 65 232000098 232000734 19 
2021-01-03T16:16:24 0 0 경기79바1660 4 65 232000098 232000828 20 
2021-01-03T16:17:22 0 0 경기79바1660 4 65 232000098 277102331 21 
2021-01-03T16:18:22 0 0 경기79바1660 4 65 232000098 277102331 21 
2021-01-03T16:19:22 0 0 경기79바1660 4 65 232000098 277102331 21 
2021-01-03T16:20:22 0 0 경기79바1660 4 65 232000098 277102735 22 
2021-01-03T16:21:21 0 0 경기79바1660 4 65 232000098 277102735 22 
2021-01-03T16:22:21 0 0 경기79바1660 4 65 232000098 277102735 22 
2021-01-03T16:23:21 0 0 경기79바1660 4 65 232000098 277102735 22 
2021-01-03T16:24:20 0 0 경기79바1660 4 65 232000098 277102735 22 
2021-01-03T16:25:20 0 0 경기79바1660 4 65 232000098 277102737 23 
2021-01-03T16:26:19 0 0 경기79바1660 4 65 232000098 277102737 23 
2021-01-03T16:27:19 0 0 경기79바1660 4 65 232000098 277102737 23 
2021-01-03T16:28:19 0 0 경기79바1660 4 65 232000098 277101769 24 
2021-01-03T16:29:19 0 0 경기79바1660 4 65 232000098 277101769 24 
2021-01-03T16:30:19 0 0 경기79바1660 4 65 232000098 277101769 24 
2021-01-03T16:31:18 0 0 경기79바1660 4 65 232000098 277101769 24 
2021-01-03T16:32:18 0 0 경기79바1660 4 65 232000098 277103403 25 
2021-01-03T16:33:18 0 0 경기79바1660 4 65 232000098 277103403 25 
2021-01-03T16:34:18 0 0 경기79바1660 4 65 232000098 277103403 25 
2021-01-03T16:35:18 0 0 경기79바1660 4 65 232000098 277103403 25 
2021-01-03T16:36:17 0 0 경기79바1660 4 65 232000098 277103403 25 
2021-01-03T16:37:17 0 0 경기79바1660 4 65 232000098 277103515 26 
2021-01-03T16:38:17 0 0 경기79바1660 4 65 232000098 277103515 26 
2021-01-03T16:39:17 0 0 경기79바1660 4 65 232000098 277103515 26 
2021-01-03T16:40:16 0 0 경기79바1660 4 69 232000098 118000091 27 
2021-01-03T16:41:16 0 0 경기79바1660 4 69 232000098 118000091 27 
2021-01-03T16:42:16 0 0 경기79바1660 4 69 232000098 118000091 27 
2021-01-03T16:43:15 0 0 경기79바1660 4 69 232000098 118000091 27 
2021-01-03T16:44:15 0 0 경기79바1660 4 69 232000098 118000091 27 
2021-01-03T16:45:14 0 0 경기79바1660 4 69 232000098 277104386 28 
2021-01-03T16:46:14 0 0 경기79바1660 4 69 232000098 277104387 29 
2021-01-03T16:47:14 0 0 경기79바1660 4 69 232000098 277104387 29 
2021-01-03T16:48:14 0 0 경기79바1660 4 69 232000098 277104387 29 
2021-01-03T16:49:14 0 0 경기79바1660 4 70 232000098 118000007 30 
2021-01-03T16:50:13 0 0 경기79바1660 4 70 232000098 118000007 30 
2021-01-03T16:51:12 0 0 경기79바1660 4 70 232000098 118000007 30 
2021-01-03T16:52:12 0 0 경기79바1660 4 70 232000098 118000007 30 
2021-01-03T16:53:12 0 0 경기79바1660 4 70 232000098 277104322 31 
2021-01-03T16:54:12 0 0 경기79바1660 4 70 232000098 113000001 32 
2021-01-03T16:55:12 0 0 경기79바1660 4 70 232000098 113000001 32 
2021-01-03T16:56:11 0 0 경기79바1660 4 70 232000098 113000001 32 
2021-01-03T16:57:11 0 0 경기79바1660 4 70 232000098 113000003 33 
2021-01-03T16:58:10 0 0 경기79바1660 4 70 232000098 113000003 33 
2021-01-03T16:59:10 0 0 경기79바1660 4 70 232000098 113000003 33 
2021-01-03T17:00:10 0 0 경기79바1660 4 70 232000098 112000430 34 
2021-01-03T17:01:10 0 0 경기79바1660 4 70 232000098 112000430 34 
2021-01-03T17:02:09 0 0 경기79바1660 4 70 232000098 101000304 35 
2021-01-03T17:03:09 0 0 경기79바1660 4 70 232000098 101000304 35 
2021-01-03T17:04:08 0 0 경기79바1660 4 70 232000098 100000380 36 
2021-01-03T17:05:08 0 0 경기79바1660 4 70 232000098 100000380 36 
2021-01-03T17:06:08 0 0 경기79바1660 4 70 232000098 100000025 37 
2021-01-03T17:07:08 0 0 경기79바1660 4 70 232000098 100000025 37 
2021-01-03T17:08:08 0 0 경기79바1660 4 70 232000098 100000025 37 
2021-01-03T17:09:07 0 0 경기79바1660 4 70 232000098 277101975 39 
2021-01-03T17:10:06 0 0 경기79바1660 4 70 232000098 112000170 40 
2021-01-03T17:11:06 0 0 경기79바1660 4 70 232000098 277102290 41 
2021-01-03T17:12:06 0 0 경기79바1660 4 70 232000098 277102290 41 
2021-01-03T17:13:06 0 0 경기79바1660 4 70 232000098 113000004 42 
2021-01-03T17:14:06 0 0 경기79바1660 4 70 232000098 113000004 42 
2021-01-03T17:15:06 0 0 경기79바1660 4 70 232000098 113000002 43 
2021-01-03T17:16:05 0 0 경기79바1660 4 70 232000098 113000002 43 
2021-01-03T17:17:05 0 0 경기79바1660 4 70 232000098 277104321 44 
2021-01-03T17:18:04 0 0 경기79바1660 4 70 232000098 277104321 44 
2021-01-03T17:19:04 0 0 경기79바1660 4 70 232000098 118000008 45 
2021-01-03T17:20:04 0 0 경기79바1660 4 70 232000098 118000008 45 
2021-01-03T17:21:04 0 0 경기79바1660 4 70 232000098 118000008 45 
2021-01-03T17:22:04 0 0 경기79바1660 4 70 232000098 118000008 45 
2021-01-03T17:23:04 0 0 경기79바1660 4 70 232000098 277102829 46 
2021-01-03T17:24:03 0 0 경기79바1660 4 70 232000098 277102829 46 
2021-01-03T17:25:03 0 0 경기79바1660 4 70 232000098 277102829 46 
2021-01-03T17:26:03 0 0 경기79바1660 4 70 232000098 277102829 46 
2021-01-03T17:27:02 0 0 경기79바1660 4 70 232000098 277102830 47 
2021-01-03T17:28:01 0 0 경기79바1660 4 70 232000098 277102830 47 
2021-01-03T17:29:01 0 0 경기79바1660 4 70 232000098 277102830 47 
2021-01-03T17:30:01 0 0 경기79바1660 4 68 232000098 118000501 48 
2021-01-03T17:31:00 0 0 경기79바1660 4 68 232000098 118000501 48 
2021-01-03T17:32:00 0 0 경기79바1660 4 68 232000098 118000501 48 
2021-01-03T17:33:00 0 0 경기79바1660 4 68 232000098 277103529 49 
2021-01-03T17:34:00 0 0 경기79바1660 4 68 232000098 277103529 49 
2021-01-03T17:34:59 0 0 경기79바1660 4 68 232000098 277103529 49 
2021-01-03T17:35:58 0 0 경기79바1660 4 68 232000098 277103529 49 
2021-01-03T17:36:58 0 0 경기79바1660 4 68 232000098 277103402 50 
2021-01-03T17:37:57 0 0 경기79바1660 4 68 232000098 277103402 50 
2021-01-03T17:38:56 0 0 경기79바1660 4 68 232000098 277103402 50 
2021-01-03T17:39:56 0 0 경기79바1660 4 68 232000098 277103401 51 
2021-01-03T17:40:56 0 0 경기79바1660 4 68 232000098 277103401 51 
2021-01-03T17:41:55 0 0 경기79바1660 4 68 232000098 277103401 51 
2021-01-03T17:42:54 0 0 경기79바1660 4 68 232000098 277102738 52 
2021-01-03T17:43:54 0 0 경기79바1660 4 68 232000098 277102738 52 
2021-01-03T17:44:54 0 0 경기79바1660 4 68 232000098 277102738 52 
2021-01-03T17:45:53 0 0 경기79바1660 4 68 232000098 277102738 52 
2021-01-03T17:46:53 0 0 경기79바1660 4 68 232000098 277102736 53 
2021-01-03T17:47:53 0 0 경기79바1660 4 68 232000098 277102736 53 
2021-01-03T17:48:52 0 0 경기79바1660 4 68 232000098 277102736 53 
2021-01-03T17:49:52 0 0 경기79바1660 4 68 232000098 277102736 53 
2021-01-03T17:50:51 0 0 경기79바1660 4 68 232000098 232000731 55 
2021-01-03T17:51:51 0 0 경기79바1660 4 68 232000098 232000731 55 
2021-01-03T17:52:51 0 0 경기79바1660 4 68 232000098 232000731 55 
2021-01-03T17:53:51 0 0 경기79바1660 4 69 232000098 232000731 55 
2021-01-03T17:54:50 0 0 경기79바1660 4 69 232000098 232000726 56 
2021-01-03T17:55:50 0 0 경기79바1660 4 69 232000098 232000759 57 
2021-01-03T17:56:50 0 0 경기79바1660 4 69 232000098 232000753 58 
2021-01-03T17:57:49 0 0 경기79바1660 4 70 232000098 232000754 59 
2021-01-03T17:58:49 0 0 경기79바1660 4 70 232000098 232000754 59 
2021-01-03T17:59:48 0 0 경기79바1660 4 70 232000098 232000754 59 
2021-01-03T18:00:48 0 0 경기79바1660 4 70 232000098 232000838 61 
2021-01-03T18:01:47 0 0 경기79바1660 4 70 232000098 232000838 61 
2021-01-03T18:02:47 0 0 경기79바1660 4 70 232000098 232000838 61 
2021-01-03T18:03:47 0 0 경기79바1660 4 70 232000098 232000681 62 
2021-01-03T18:04:46 0 0 경기79바1660 4 70 232000098 232000681 62 
2021-01-03T18:05:46 0 0 경기79바1660 4 70 232000098 232000594 63 
2021-01-03T18:06:45 0 0 경기79바1660 4 70 232000098 232000553 64 
2021-01-03T18:07:45 0 0 경기79바1660 4 70 232000098 232000541 65 
2021-01-03T18:08:45 0 0 경기79바1660 4 70 232000098 232000708 66 
2021-01-03T18:09:45 0 0 경기79바1660 4 70 232000098 232000708 66 
2021-01-03T18:10:44 0 0 경기79바1660 4 70 232000098 232000723 67 
2021-01-03T18:11:44 0 0 경기79바1660 4 70 232000098 232000723 67 
2021-01-03T18:12:44 0 0 경기79바1660 4 70 232000098 232000781 68 
2021-01-03T18:13:43 0 0 경기79바1660 4 70 232000098 232000742 69 
2021-01-03T18:14:43 0 0 경기79바1660 4 70 232000098 232000742 69 
2021-01-03T18:15:42 0 0 경기79바1660 4 70 232000098 232000767 70 
2021-01-03T18:16:42 0 0 경기79바1660 4 70 232000098 232000767 70 
2021-01-03T18:17:42 0 0 경기79바1660 4 70 232000098 232000767 70 
2021-01-03T18:18:42 0 0 경기79바1660 4 70 232000098 232000767 70 
2021-01-03T18:19:42 0 0 경기79바1660 4 70 232000098 232000767 70 
2021-01-03T18:20:42 0 0 경기79바1660 4 70 232000098 232000767 70 
2021-01-03T18:21:41 0 0 경기79바1660 4 70 232000098 232000767 70 
2021-01-03T18:22:41 0 0 경기79바1660 4 70 232000098 232000767 70 
2021-01-03T18:23:41 0 0 경기79바1660 4 70 232000098 232000767 70 
2021-01-03T18:24:40 0 0 경기79바1660 4 70 232000098 232000767 70 
2021-01-03T18:25:40 0 0 경기79바1660 4 70 232000098 232000767 70 
2021-01-03T18:26:40 0 0 경기79바1660 4 70 232000098 232000767 70 
2021-01-03T18:27:39 0 0 경기79바1660 4 70 232000098 232000767 70 
2021-01-03T18:28:39 0 0 경기79바1660 4 70 232000098 232000767 70 
2021-01-03T18:29:39 0 0 경기79바1660 4 70 232000098 232000767 70 
2021-01-03T18:30:38 0 0 경기79바1660 4 70 232000098 232000767 70 
2021-01-03T18:31:38 0 0 경기79바1660 4 70 232000098 232000767 70 
2021-01-03T18:32:38 0 0 경기79바1660 4 70 232000098 232000767 70 
2021-01-03T20:42:52 0 0 경기79바1660 4 70 232000098 277102732 3 
2021-01-03T20:43:51 0 0 경기79바1660 4 70 232000098 277102732 3 
2021-01-03T20:44:51 0 0 경기79바1660 4 70 232000098 232000741 5 
2021-01-03T20:45:50 0 0 경기79바1660 4 70 232000098 232000777 6 
2021-01-03T20:46:50 0 0 경기79바1660 4 70 232000098 232000777 6 
2021-01-03T20:47:50 0 0 경기79바1660 4 70 232000098 232000777 6 
2021-01-03T20:48:50 0 0 경기79바1660 4 70 232000098 232000777 6 
2021-01-03T20:49:49 0 0 경기79바1660 4 70 232000098 232000722 7 
2021-01-03T20:50:49 0 0 경기79바1660 4 70 232000098 232000722 7 
2021-01-03T20:51:48 0 0 경기79바1660 4 70 232000098 232000709 8 
2021-01-03T20:52:48 0 0 경기79바1660 4 70 232000098 232000709 8 
2021-01-03T20:53:48 0 0 경기79바1660 4 70 232000098 232000554 10 
2021-01-03T20:54:47 0 0 경기79바1660 4 70 232000098 232000577 11 
2021-01-03T20:55:47 0 0 경기79바1660 4 70 232000098 232000682 12 
2021-01-03T20:56:47 0 0 경기79바1660 4 70 232000098 232000682 12 
2021-01-03T20:57:46 0 0 경기79바1660 4 70 232000098 232000682 12 
2021-01-03T20:58:46 0 0 경기79바1660 4 70 232000098 232000682 12 
2021-01-03T20:59:45 0 0 경기79바1660 4 70 232000098 232000837 13 
2021-01-03T21:00:45 0 0 경기79바1660 4 70 232000098 232000684 14 
2021-01-03T21:01:45 0 0 경기79바1660 4 70 232000098 232000684 14 
2021-01-03T21:02:44 0 0 경기79바1660 4 70 232000098 232000684 14 
2021-01-03T21:03:45 0 0 경기79바1660 4 70 232000098 232000755 15 
2021-01-03T21:04:44 0 0 경기79바1660 4 70 232000098 232000756 16 
2021-01-03T21:05:44 0 0 경기79바1660 4 70 232000098 232000758 17 
2021-01-03T21:06:43 0 0 경기79바1660 4 70 232000098 232000758 17 
2021-01-03T21:07:43 0 0 경기79바1660 4 70 232000098 232000727 18 
2021-01-03T21:08:43 0 0 경기79바1660 4 70 232000098 232000734 19 
2021-01-03T21:09:43 0 0 경기79바1660 4 70 232000098 277102331 21 
2021-01-03T21:10:42 0 0 경기79바1660 4 70 232000098 277102331 21 
2021-01-03T21:11:42 0 0 경기79바1660 4 70 232000098 277102331 21 
2021-01-03T21:12:41 0 0 경기79바1660 4 70 232000098 277102735 22 
2021-01-03T21:13:41 0 0 경기79바1660 4 70 232000098 277102735 22 
2021-01-03T21:14:40 0 0 경기79바1660 4 70 232000098 277102735 22 
2021-01-03T21:15:40 0 0 경기79바1660 4 70 232000098 277102735 22 
2021-01-03T21:16:40 0 0 경기79바1660 4 70 232000098 277102737 23 
2021-01-03T21:17:39 0 0 경기79바1660 4 70 232000098 277102737 23 
2021-01-03T21:18:39 0 0 경기79바1660 4 70 232000098 277102737 23 
2021-01-03T21:19:39 0 0 경기79바1660 4 70 232000098 277101769 24 
2021-01-03T21:20:39 0 0 경기79바1660 4 70 232000098 277101769 24 
2021-01-03T21:21:38 0 0 경기79바1660 4 70 232000098 277101769 24 
2021-01-03T21:22:38 0 0 경기79바1660 4 70 232000098 277101769 24 
2021-01-03T21:23:38 0 0 경기79바1660 4 70 232000098 277103403 25 
2021-01-03T21:24:37 0 0 경기79바1660 4 70 232000098 277103403 25 
2021-01-03T21:25:37 0 0 경기79바1660 4 70 232000098 277103403 25 
2021-01-03T21:26:37 0 0 경기79바1660 4 70 232000098 277103403 25 
2021-01-03T21:27:36 0 0 경기79바1660 4 70 232000098 277103403 25 
2021-01-03T21:28:35 0 0 경기79바1660 4 70 232000098 277103515 26 
2021-01-03T21:29:35 0 0 경기79바1660 4 70 232000098 277103515 26 
2021-01-03T21:30:35 0 0 경기79바1660 4 70 232000098 118000091 27 
2021-01-03T21:31:34 0 0 경기79바1660 4 70 232000098 118000091 27 
2021-01-03T21:32:34 0 0 경기79바1660 4 70 232000098 118000091 27 
2021-01-03T21:33:34 0 0 경기79바1660 4 70 232000098 118000091 27 
2021-01-03T21:34:33 0 0 경기79바1660 4 70 232000098 277104386 28 
2021-01-03T21:35:33 0 0 경기79바1660 4 70 232000098 277104387 29 
2021-01-03T21:36:33 0 0 경기79바1660 4 70 232000098 277104387 29 
2021-01-03T21:37:33 0 0 경기79바1660 4 70 232000098 277104387 29 
2021-01-03T21:38:32 0 0 경기79바1660 4 70 232000098 277104387 29 
2021-01-03T21:39:32 0 0 경기79바1660 4 70 232000098 118000007 30 
2021-01-03T21:40:32 0 0 경기79바1660 4 70 232000098 118000007 30 
2021-01-03T21:41:31 0 0 경기79바1660 4 70 232000098 118000007 30 
2021-01-03T21:42:31 0 0 경기79바1660 4 70 232000098 277104322 31 
2021-01-03T21:43:30 0 0 경기79바1660 4 70 232000098 113000001 32 
2021-01-03T21:44:31 0 0 경기79바1660 4 70 232000098 113000003 33 
2021-01-03T21:45:29 0 0 경기79바1660 4 70 232000098 113000003 33 
2021-01-03T21:46:30 0 0 경기79바1660 4 70 232000098 113000003 33 
2021-01-03T21:47:28 0 0 경기79바1660 4 70 232000098 113000003 33 
2021-01-03T21:48:28 0 0 경기79바1660 4 70 232000098 113000003 33 
2021-01-03T21:49:28 0 0 경기79바1660 4 70 232000098 112000430 34 
2021-01-03T21:50:28 0 0 경기79바1660 4 70 232000098 101000304 35 
2021-01-03T21:51:27 0 0 경기79바1660 4 70 232000098 101000304 35 
2021-01-03T21:52:26 0 0 경기79바1660 4 70 232000098 101000304 35 
2021-01-03T21:53:26 0 0 경기79바1660 4 70 232000098 100000380 36 
2021-01-03T21:54:25 0 0 경기79바1660 4 70 232000098 100000025 37 
2021-01-03T21:55:25 0 0 경기79바1660 4 70 232000098 100000025 37 
2021-01-03T21:56:25 0 0 경기79바1660 4 70 232000098 101000038 38 
2021-01-03T21:57:24 0 0 경기79바1660 4 70 232000098 277101975 39 
2021-01-03T21:58:23 0 0 경기79바1660 4 70 232000098 112000170 40 
2021-01-03T21:59:23 0 0 경기79바1660 4 70 232000098 112000170 40 
2021-01-03T22:00:23 0 0 경기79바1660 4 70 232000098 277102290 41 
2021-01-03T22:01:22 0 0 경기79바1660 4 70 232000098 277102290 41 
2021-01-03T22:02:22 0 0 경기79바1660 4 70 232000098 277102290 41 
2021-01-03T22:03:21 0 0 경기79바1660 4 70 232000098 113000004 42 
2021-01-03T22:04:21 0 0 경기79바1660 4 70 232000098 113000004 42 
2021-01-03T22:05:20 0 0 경기79바1660 4 70 232000098 113000004 42 
2021-01-03T22:06:21 0 0 경기79바1660 4 69 232000098 113000002 43 
2021-01-03T22:07:20 0 0 경기79바1660 4 69 232000098 113000002 43 
2021-01-03T22:08:20 0 0 경기79바1660 4 69 232000098 277104321 44 
2021-01-03T22:09:19 0 0 경기79바1660 4 69 232000098 277104321 44 
2021-01-03T22:10:19 0 0 경기79바1660 4 69 232000098 118000008 45 
2021-01-03T22:11:19 0 0 경기79바1660 4 68 232000098 118000008 45 
2021-01-03T22:12:18 0 0 경기79바1660 4 68 232000098 118000008 45 
2021-01-03T22:13:18 0 0 경기79바1660 4 68 232000098 277102829 46 
2021-01-03T22:14:17 0 0 경기79바1660 4 68 232000098 277102829 46 
2021-01-03T22:15:16 0 0 경기79바1660 4 68 232000098 277102830 47 
2021-01-03T22:16:15 0 0 경기79바1660 4 68 232000098 277102830 47 
2021-01-03T22:17:15 0 0 경기79바1660 4 68 232000098 277102830 47 
2021-01-03T22:18:14 0 0 경기79바1660 4 69 232000098 118000501 48 
2021-01-03T22:19:14 0 0 경기79바1660 4 68 232000098 118000501 48 
2021-01-03T22:20:14 0 0 경기79바1660 4 68 232000098 118000501 48 
2021-01-03T22:21:13 0 0 경기79바1660 4 68 232000098 118000501 48 
2021-01-03T22:22:13 0 0 경기79바1660 4 68 232000098 277103529 49 
2021-01-03T22:23:12 0 0 경기79바1660 4 68 232000098 277103529 49 
2021-01-03T22:24:11 0 0 경기79바1660 4 68 232000098 277103529 49 
2021-01-03T22:25:11 0 0 경기79바1660 4 68 232000098 277103402 50 
2021-01-03T22:26:09 0 0 경기79바1660 4 68 232000098 277103402 50 
2021-01-03T22:27:09 0 0 경기79바1660 4 68 232000098 277103402 50 
2021-01-03T22:28:09 0 0 경기79바1660 4 68 232000098 277103401 51 
2021-01-03T22:29:08 0 0 경기79바1660 4 68 232000098 277103401 51 
2021-01-03T22:30:08 0 0 경기79바1660 4 68 232000098 277103401 51 
2021-01-03T22:31:08 0 0 경기79바1660 4 68 232000098 277102738 52 
2021-01-03T22:32:07 0 0 경기79바1660 4 68 232000098 277102738 52 
2021-01-03T22:33:07 0 0 경기79바1660 4 68 232000098 277102738 52 
2021-01-03T22:34:06 0 0 경기79바1660 4 68 232000098 277102738 52 
2021-01-03T22:35:06 0 0 경기79바1660 4 68 232000098 277102738 52 
2021-01-03T22:36:06 0 0 경기79바1660 4 68 232000098 277102736 53 
2021-01-03T22:37:05 0 0 경기79바1660 4 68 232000098 277102736 53 
2021-01-03T22:38:05 0 0 경기79바1660 4 68 232000098 277102736 53 
2021-01-03T22:39:05 0 0 경기79바1660 4 68 232000098 232000829 54 
2021-01-03T22:40:04 0 0 경기79바1660 4 68 232000098 232000829 54 
2021-01-03T22:41:03 0 0 경기79바1660 4 68 232000098 232000731 55 
2021-01-03T22:42:02 0 0 경기79바1660 4 67 232000098 232000726 56 
2021-01-03T22:43:02 0 0 경기79바1660 4 68 232000098 232000759 57 
2021-01-03T22:44:02 0 0 경기79바1660 4 68 232000098 232000759 57 
2021-01-03T22:45:01 0 0 경기79바1660 4 68 232000098 232000759 57 
2021-01-03T22:46:01 0 0 경기79바1660 4 68 232000098 232000753 58 
2021-01-03T22:47:00 0 0 경기79바1660 4 68 232000098 232000754 59 
2021-01-03T22:47:59 0 0 경기79바1660 4 68 232000098 232000683 60 
2021-01-03T22:48:59 0 0 경기79바1660 4 69 232000098 232000838 61 
2021-01-03T22:49:58 0 0 경기79바1660 4 69 232000098 232000838 61 
2021-01-03T22:50:58 0 0 경기79바1660 4 69 232000098 232000838 61 
2021-01-03T22:51:58 0 0 경기79바1660 4 69 232000098 232000681 62 
2021-01-03T22:52:57 0 0 경기79바1660 4 69 232000098 232000681 62 
2021-01-03T22:53:57 0 0 경기79바1660 4 69 232000098 232000553 64 
2021-01-03T22:54:57 0 0 경기79바1660 4 69 232000098 232000553 64 
2021-01-03T22:55:56 0 0 경기79바1660 4 69 232000098 232000541 65 
2021-01-03T22:56:56 0 0 경기79바1660 4 69 232000098 232000708 66 
2021-01-03T22:57:55 0 0 경기79바1660 4 69 232000098 232000723 67 
2021-01-03T22:58:55 0 0 경기79바1660 4 69 232000098 232000723 67 
2021-01-03T22:59:55 0 0 경기79바1660 4 69 232000098 232000742 69 
2021-01-03T23:00:55 0 0 경기79바1660 4 70 232000098 232000767 70 
2021-01-03T23:01:54 0 0 경기79바1660 4 70 232000098 232000767 70 
2021-01-03T23:02:54 0 0 경기79바1660 4 70 232000098 232000767 70 
2021-01-03T23:03:53 0 0 경기79바1660 4 70 232000098 232000767 70 
2021-01-03T23:04:53 0 0 경기79바1660 4 70 232000098 232000767 70 
2021-01-03T23:05:53 0 0 경기79바1660 4 70 232000098 232000767 70 
2021-01-03T23:06:52 0 0 경기79바1660 4 70 232000098 232000767 70 
2021-01-03T23:07:52 0 0 경기79바1660 4 70 232000098 232000767 70 
2021-01-03T23:08:51 0 0 경기79바1660 4 70 232000098 232000767 70 
2021-01-03T23:09:50 0 0 경기79바1660 4 70 232000098 232000767 70 
2021-01-03T23:10:49 0 0 경기79바1660 4 70 232000098 232000767 70 
2021-01-03T23:11:49 0 0 경기79바1660 4 70 232000098 232000767 70 
2021-01-03T23:12:49 0 0 경기79바1660 4 70 232000098 232000767 70 
2021-01-03T23:13:48 0 0 경기79바1660 4 70 232000098 232000767 70 
2021-01-03T23:14:48 0 0 경기79바1660 4 70 232000098 232000767 70 
2021-01-03T23:15:48 0 0 경기79바1660 4 70 232000098 232000767 70 
2021-01-03T23:16:47 0 0 경기79바1660 4 70 232000098 232000767 70 
2021-01-03T23:17:47 0 0 경기79바1660 4 70 232000098 232000767 70 
