204000065 2020-12-30T23:59:16.164041+09:00
2020-12-31T06:56:41 0 0 경기70아1592 3 39 204000065 277102470 3 
2020-12-31T06:57:41 0 0 경기70아1592 3 39 204000065 277102470 3 
2020-12-31T06:58:40 0 0 경기70아1592 3 39 204000065 277102470 3 
2020-12-31T06:59:39 0 0 경기70아1592 3 39 204000065 206000334 5 
2020-12-31T07:00:38 0 0 경기70아1592 3 39 204000065 206000714 7 
2020-12-31T07:01:37 0 0 경기70아1592 3 38 204000065 206000714 7 
2020-12-31T07:02:36 0 0 경기70아1592 3 38 204000065 206000714 7 
2020-12-31T07:03:35 0 0 경기70아1592 3 38 204000065 206000721 8 
2020-12-31T07:04:36 0 0 경기70아1592 3 38 204000065 206000723 9 
2020-12-31T07:05:35 0 0 경기70아1592 3 38 204000065 206000249 11 
2020-12-31T07:06:34 0 0 경기70아1592 3 37 204000065 206000038 13 
2020-12-31T07:07:33 0 0 경기70아1592 3 37 204000065 206000036 15 
2020-12-31T07:08:32 0 0 경기70아1592 3 35 204000065 206000034 17 
2020-12-31T07:09:32 0 0 경기70아1592 3 35 204000065 206000034 17 
2020-12-31T07:10:32 0 0 경기70아1592 3 35 204000065 206000033 18 
2020-12-31T07:11:31 0 0 경기70아1592 3 35 204000065 206000033 18 
2020-12-31T07:12:31 0 0 경기70아1592 3 34 204000065 206000032 19 
2020-12-31T07:13:30 0 0 경기70아1592 3 33 204000065 206000030 21 
2020-12-31T07:14:31 0 0 경기70아1592 3 33 204000065 206000030 21 
2020-12-31T07:15:30 0 0 경기70아1592 3 33 204000065 206000030 21 
2020-12-31T07:16:30 0 0 경기70아1592 3 33 204000065 206000029 22 
2020-12-31T07:17:30 0 0 경기70아1592 3 33 204000065 206000318 24 
2020-12-31T07:18:29 0 0 경기70아1592 3 33 204000065 206000318 24 
2020-12-31T07:19:28 0 0 경기70아1592 3 33 204000065 206000317 25 
2020-12-31T07:20:27 0 0 경기70아1592 3 33 204000065 206000317 25 
2020-12-31T07:21:27 0 0 경기70아1592 3 33 204000065 206000027 27 
2020-12-31T07:22:26 0 0 경기70아1592 3 33 204000065 206000027 27 
2020-12-31T07:23:26 0 0 경기70아1592 3 33 204000065 206000227 28 
2020-12-31T07:24:25 0 0 경기70아1592 3 33 204000065 206000226 29 
2020-12-31T07:25:24 0 0 경기70아1592 3 33 204000065 206000784 30 
2020-12-31T07:26:24 0 0 경기70아1592 3 32 204000065 206000784 30 
2020-12-31T07:27:23 0 0 경기70아1592 3 32 204000065 206000784 30 
2020-12-31T07:28:22 0 0 경기70아1592 3 29 204000065 205000029 31 
2020-12-31T07:29:22 0 0 경기70아1592 3 29 204000065 205000029 31 
2020-12-31T07:30:21 0 0 경기70아1592 3 29 204000065 205000029 31 
2020-12-31T07:31:20 0 0 경기70아1592 3 29 204000065 205000029 31 
2020-12-31T07:32:20 0 0 경기70아1592 3 30 204000065 205000069 32 
2020-12-31T07:33:19 0 0 경기70아1592 3 28 204000065 205000069 32 
2020-12-31T07:34:19 0 0 경기70아1592 3 28 204000065 205000069 32 
2020-12-31T07:35:19 0 0 경기70아1592 3 28 204000065 205000069 32 
2020-12-31T07:36:19 0 0 경기70아1592 3 28 204000065 277102622 33 
2020-12-31T07:37:19 0 0 경기70아1592 3 28 204000065 277102622 33 
2020-12-31T07:38:18 0 0 경기70아1592 3 28 204000065 277102622 33 
2020-12-31T07:39:18 0 0 경기70아1592 3 28 204000065 277102622 33 
2020-12-31T07:40:18 0 0 경기70아1592 3 28 204000065 277102622 33 
2020-12-31T07:41:18 0 0 경기70아1592 3 28 204000065 277102622 33 
2020-12-31T07:42:17 0 0 경기70아1592 3 28 204000065 277102622 33 
2020-12-31T07:43:17 0 0 경기70아1592 3 28 204000065 277103419 34 
2020-12-31T07:44:16 0 0 경기70아1592 3 28 204000065 277103419 34 
2020-12-31T07:45:15 0 0 경기70아1592 3 28 204000065 277103419 34 
2020-12-31T07:46:14 0 0 경기70아1592 3 28 204000065 277103419 34 
2020-12-31T07:47:14 0 0 경기70아1592 3 28 204000065 277103421 35 
2020-12-31T07:48:13 0 0 경기70아1592 3 28 204000065 277103421 35 
2020-12-31T07:49:12 0 0 경기70아1592 3 28 204000065 277103421 35 
2020-12-31T07:50:11 0 0 경기70아1592 3 29 204000065 122000287 36 
2020-12-31T07:51:11 0 0 경기70아1592 3 29 204000065 122000287 36 
2020-12-31T07:52:09 0 0 경기70아1592 3 29 204000065 122000288 37 
2020-12-31T07:53:09 0 0 경기70아1592 3 29 204000065 122000288 37 
2020-12-31T07:54:08 0 0 경기70아1592 3 29 204000065 122000258 38 
2020-12-31T07:55:08 0 0 경기70아1592 3 29 204000065 122000258 38 
2020-12-31T07:56:07 0 0 경기70아1592 3 29 204000065 122000291 39 
2020-12-31T07:57:06 0 0 경기70아1592 3 29 204000065 122000137 40 
2020-12-31T07:58:06 0 0 경기70아1592 3 29 204000065 122000137 40 
2020-12-31T07:59:05 0 0 경기70아1592 3 29 204000065 122000386 42 
2020-12-31T08:00:04 0 0 경기70아1592 3 31 204000065 122000139 43 
2020-12-31T08:01:04 0 0 경기70아1592 3 31 204000065 122000139 43 
2020-12-31T08:02:03 0 0 경기70아1592 3 32 204000065 122000094 44 
2020-12-31T08:03:03 0 0 경기70아1592 3 32 204000065 122000094 44 
2020-12-31T08:04:02 0 0 경기70아1592 3 32 204000065 122000089 45 
2020-12-31T08:05:01 0 0 경기70아1592 3 33 204000065 122000085 46 
2020-12-31T08:06:01 0 0 경기70아1592 3 33 204000065 122000085 46 
2020-12-31T08:07:00 0 0 경기70아1592 3 35 204000065 122000066 48 
2020-12-31T08:08:00 0 0 경기70아1592 3 35 204000065 122000066 48 
2020-12-31T08:08:59 0 0 경기70아1592 3 35 204000065 122000066 48 
2020-12-31T08:09:59 0 0 경기70아1592 3 35 204000065 122000066 48 
2020-12-31T08:10:59 0 0 경기70아1592 3 35 204000065 122000066 48 
2020-12-31T08:11:58 0 0 경기70아1592 3 37 204000065 122000064 49 
2020-12-31T08:12:57 0 0 경기70아1592 3 38 204000065 122000559 50 
2020-12-31T08:13:56 0 0 경기70아1592 3 38 204000065 122000559 50 
2020-12-31T08:14:56 0 0 경기70아1592 3 38 204000065 122000078 51 
2020-12-31T08:15:55 0 0 경기70아1592 3 38 204000065 122000078 51 
2020-12-31T08:16:55 0 0 경기70아1592 3 38 204000065 122000079 52 
2020-12-31T08:17:54 0 0 경기70아1592 3 38 204000065 122000079 52 
2020-12-31T08:18:53 0 0 경기70아1592 3 38 204000065 122000079 52 
2020-12-31T08:19:53 0 0 경기70아1592 3 38 204000065 122000079 52 
2020-12-31T08:20:52 0 0 경기70아1592 3 38 204000065 122000079 52 
2020-12-31T08:21:52 0 0 경기70아1592 3 38 204000065 122000079 52 
2020-12-31T08:22:51 0 0 경기70아1592 3 38 204000065 122000065 53 
2020-12-31T08:23:51 0 0 경기70아1592 3 38 204000065 122000637 54 
2020-12-31T08:24:50 0 0 경기70아1592 3 38 204000065 122000068 55 
2020-12-31T08:25:49 0 0 경기70아1592 3 38 204000065 122000068 55 
2020-12-31T08:26:48 0 0 경기70아1592 3 38 204000065 122000086 56 
2020-12-31T08:27:47 0 0 경기70아1592 3 38 204000065 122000086 56 
2020-12-31T08:28:47 0 0 경기70아1592 3 38 204000065 122000095 57 
2020-12-31T08:29:47 0 0 경기70아1592 3 38 204000065 122000096 58 
2020-12-31T08:30:46 0 0 경기70아1592 3 38 204000065 122000096 58 
2020-12-31T08:31:45 0 0 경기70아1592 3 38 204000065 122000330 59 
2020-12-31T08:32:45 0 0 경기70아1592 3 38 204000065 122000330 59 
2020-12-31T08:33:44 0 0 경기70아1592 3 38 204000065 122000142 60 
2020-12-31T08:34:43 0 0 경기70아1592 3 38 204000065 122000142 60 
2020-12-31T08:35:43 0 0 경기70아1592 3 37 204000065 122000142 60 
2020-12-31T08:36:42 0 0 경기70아1592 3 37 204000065 122000133 61 
2020-12-31T08:37:42 0 0 경기70아1592 3 37 204000065 122000256 62 
2020-12-31T08:38:41 0 0 경기70아1592 3 37 204000065 122000256 62 
2020-12-31T08:39:40 0 0 경기70아1592 3 37 204000065 122000257 63 
2020-12-31T08:40:40 0 0 경기70아1592 3 37 204000065 122000257 63 
2020-12-31T08:41:39 0 0 경기70아1592 3 37 204000065 122000257 63 
2020-12-31T08:42:39 0 0 경기70아1592 3 37 204000065 122000286 64 
2020-12-31T08:43:38 0 0 경기70아1592 3 37 204000065 122000285 65 
2020-12-31T08:44:37 0 0 경기70아1592 3 37 204000065 277103420 66 
2020-12-31T08:45:36 0 0 경기70아1592 3 37 204000065 277103420 66 
2020-12-31T08:46:35 0 0 경기70아1592 3 37 204000065 277103420 66 
2020-12-31T08:47:34 0 0 경기70아1592 3 37 204000065 277103418 67 
2020-12-31T08:48:34 0 0 경기70아1592 3 37 204000065 277103418 67 
2020-12-31T08:49:34 0 0 경기70아1592 3 37 204000065 277103418 67 
2020-12-31T08:50:33 0 0 경기70아1592 3 37 204000065 277103418 67 
2020-12-31T08:51:33 0 0 경기70아1592 3 37 204000065 277103418 67 
2020-12-31T08:52:32 0 0 경기70아1592 3 37 204000065 277103418 67 
2020-12-31T08:53:32 0 0 경기70아1592 3 37 204000065 277103418 67 
2020-12-31T08:54:31 0 0 경기70아1592 3 37 204000065 205000207 68 
2020-12-31T08:55:30 0 0 경기70아1592 3 37 204000065 205000207 68 
2020-12-31T08:56:29 0 0 경기70아1592 3 37 204000065 205000207 68 
2020-12-31T08:57:29 0 0 경기70아1592 3 37 204000065 205000207 68 
2020-12-31T08:58:28 0 0 경기70아1592 3 37 204000065 205000245 69 
2020-12-31T08:59:27 0 0 경기70아1592 3 37 204000065 205000245 69 
2020-12-31T09:00:27 0 0 경기70아1592 3 37 204000065 206000361 70 
2020-12-31T09:01:27 0 0 경기70아1592 3 38 204000065 206000157 71 
2020-12-31T09:02:26 0 0 경기70아1592 3 38 204000065 206000157 71 
2020-12-31T09:03:25 0 0 경기70아1592 3 38 204000065 206000157 71 
2020-12-31T09:04:25 0 0 경기70아1592 3 38 204000065 206000157 71 
2020-12-31T09:05:25 0 0 경기70아1592 3 39 204000065 206000054 73 
2020-12-31T09:06:24 0 0 경기70아1592 3 39 204000065 206000053 74 
2020-12-31T09:07:24 0 0 경기70아1592 3 39 204000065 206000053 74 
2020-12-31T09:08:24 0 0 경기70아1592 3 39 204000065 206000238 75 
2020-12-31T09:09:23 0 0 경기70아1592 3 39 204000065 206000237 76 
2020-12-31T09:10:22 0 0 경기70아1592 3 39 204000065 206000237 76 
2020-12-31T09:11:21 0 0 경기70아1592 3 39 204000065 206000052 77 
2020-12-31T09:12:20 0 0 경기70아1592 3 39 204000065 206000050 80 
2020-12-31T09:13:20 0 0 경기70아1592 3 39 204000065 206000049 81 
2020-12-31T09:14:19 0 0 경기70아1592 3 39 204000065 206000047 83 
2020-12-31T09:15:19 0 0 경기70아1592 3 39 204000065 206000672 87 
2020-12-31T09:16:18 0 0 경기70아1592 3 39 204000065 206000043 88 
2020-12-31T09:17:18 0 0 경기70아1592 3 39 204000065 206000178 89 
2020-12-31T09:18:18 0 0 경기70아1592 3 39 204000065 206000178 89 
2020-12-31T09:19:17 0 0 경기70아1592 3 39 204000065 206000724 90 
2020-12-31T09:20:17 0 0 경기70아1592 3 39 204000065 206000722 91 
2020-12-31T09:21:17 0 0 경기70아1592 3 39 204000065 206000722 91 
2020-12-31T09:22:16 0 0 경기70아1592 3 39 204000065 206000711 93 
2020-12-31T09:23:15 0 0 경기70아1592 3 39 204000065 206000171 95 
2020-12-31T10:58:31 0 0 경기70아1592 3 39 204000065 277102558 2 
2020-12-31T10:59:30 0 0 경기70아1592 3 39 204000065 277102558 2 
2020-12-31T11:00:30 0 0 경기70아1592 3 39 204000065 277102470 3 
2020-12-31T11:01:30 0 0 경기70아1592 3 39 204000065 277102470 3 
2020-12-31T11:02:29 0 0 경기70아1592 3 39 204000065 206000334 5 
2020-12-31T11:03:29 0 0 경기70아1592 3 39 204000065 206000334 5 
2020-12-31T11:04:28 0 0 경기70아1592 3 39 204000065 206000714 7 
2020-12-31T11:05:28 0 0 경기70아1592 3 39 204000065 206000714 7 
2020-12-31T11:06:27 0 0 경기70아1592 3 39 204000065 206000723 9 
2020-12-31T11:07:26 0 0 경기70아1592 3 39 204000065 206000723 9 
2020-12-31T11:08:26 0 0 경기70아1592 3 39 204000065 206000327 10 
2020-12-31T11:09:25 0 0 경기70아1592 3 39 204000065 206000249 11 
2020-12-31T11:10:24 0 0 경기70아1592 3 39 204000065 206000039 12 
2020-12-31T11:11:23 0 0 경기70아1592 3 39 204000065 206000038 13 
2020-12-31T11:12:22 0 0 경기70아1592 3 39 204000065 206000037 14 
2020-12-31T11:13:22 0 0 경기70아1592 3 39 204000065 206000035 16 
2020-12-31T11:14:21 0 0 경기70아1592 3 39 204000065 206000033 18 
2020-12-31T11:15:20 0 0 경기70아1592 3 39 204000065 206000031 20 
2020-12-31T11:16:19 0 0 경기70아1592 3 39 204000065 206000030 21 
2020-12-31T11:17:19 0 0 경기70아1592 3 39 204000065 206000030 21 
2020-12-31T11:18:18 0 0 경기70아1592 3 39 204000065 206000029 22 
2020-12-31T11:19:17 0 0 경기70아1592 3 39 204000065 206000029 22 
2020-12-31T11:20:16 0 0 경기70아1592 3 39 204000065 206000383 23 
2020-12-31T11:21:15 0 0 경기70아1592 3 39 204000065 206000383 23 
2020-12-31T11:22:14 0 0 경기70아1592 3 39 204000065 206000318 24 
2020-12-31T11:23:13 0 0 경기70아1592 3 38 204000065 206000317 25 
2020-12-31T11:24:12 0 0 경기70아1592 3 38 204000065 206000028 26 
2020-12-31T11:25:12 0 0 경기70아1592 3 38 204000065 206000227 28 
2020-12-31T11:26:12 0 0 경기70아1592 3 38 204000065 206000226 29 
2020-12-31T11:27:12 0 0 경기70아1592 3 38 204000065 206000226 29 
2020-12-31T11:28:11 0 0 경기70아1592 3 38 204000065 206000226 29 
2020-12-31T11:29:10 0 0 경기70아1592 3 38 204000065 206000784 30 
2020-12-31T11:30:10 0 0 경기70아1592 3 38 204000065 206000784 30 
2020-12-31T11:31:09 0 0 경기70아1592 3 38 204000065 205000029 31 
2020-12-31T11:32:09 0 0 경기70아1592 3 38 204000065 205000029 31 
2020-12-31T11:33:08 0 0 경기70아1592 3 38 204000065 205000029 31 
2020-12-31T11:34:08 0 0 경기70아1592 3 38 204000065 205000029 31 
2020-12-31T11:35:08 0 0 경기70아1592 3 38 204000065 205000069 32 
2020-12-31T11:36:07 0 0 경기70아1592 3 38 204000065 205000069 32 
2020-12-31T11:37:07 0 0 경기70아1592 3 38 204000065 205000069 32 
2020-12-31T11:38:07 0 0 경기70아1592 3 38 204000065 205000069 32 
2020-12-31T11:39:07 0 0 경기70아1592 3 38 204000065 277102622 33 
2020-12-31T11:40:06 0 0 경기70아1592 3 38 204000065 277102622 33 
2020-12-31T11:41:05 0 0 경기70아1592 3 38 204000065 277102622 33 
2020-12-31T11:42:05 0 0 경기70아1592 3 38 204000065 277102622 33 
2020-12-31T11:43:05 0 0 경기70아1592 3 38 204000065 277103419 34 
2020-12-31T11:44:04 0 0 경기70아1592 3 38 204000065 277103419 34 
2020-12-31T11:45:04 0 0 경기70아1592 3 38 204000065 277103419 34 
2020-12-31T11:46:03 0 0 경기70아1592 3 38 204000065 277103419 34 
2020-12-31T11:47:02 0 0 경기70아1592 3 38 204000065 277103421 35 
2020-12-31T11:48:01 0 0 경기70아1592 3 38 204000065 122000287 36 
2020-12-31T11:49:01 0 0 경기70아1592 3 38 204000065 122000288 37 
2020-12-31T11:50:01 0 0 경기70아1592 3 38 204000065 122000288 37 
2020-12-31T11:51:01 0 0 경기70아1592 3 38 204000065 122000258 38 
2020-12-31T11:52:01 0 0 경기70아1592 3 38 204000065 122000258 38 
2020-12-31T11:53:01 0 0 경기70아1592 3 38 204000065 122000291 39 
2020-12-31T11:54:00 0 0 경기70아1592 3 38 204000065 122000137 40 
2020-12-31T11:55:00 0 0 경기70아1592 3 38 204000065 122000137 40 
2020-12-31T11:55:59 0 0 경기70아1592 3 38 204000065 122000137 40 
2020-12-31T11:56:59 0 0 경기70아1592 3 38 204000065 122000386 42 
2020-12-31T11:57:58 0 0 경기70아1592 3 38 204000065 122000139 43 
2020-12-31T11:58:57 0 0 경기70아1592 3 39 204000065 122000139 43 
2020-12-31T11:59:57 0 0 경기70아1592 3 39 204000065 122000094 44 
2020-12-31T12:00:56 0 0 경기70아1592 3 39 204000065 122000094 44 
2020-12-31T12:01:56 0 0 경기70아1592 3 39 204000065 122000089 45 
2020-12-31T12:02:55 0 0 경기70아1592 3 39 204000065 122000069 47 
2020-12-31T12:03:55 0 0 경기70아1592 3 39 204000065 122000066 48 
2020-12-31T12:04:54 0 0 경기70아1592 3 39 204000065 122000066 48 
2020-12-31T12:05:54 0 0 경기70아1592 3 39 204000065 122000066 48 
2020-12-31T12:06:53 0 0 경기70아1592 3 39 204000065 122000066 48 
2020-12-31T12:07:53 0 0 경기70아1592 3 39 204000065 122000064 49 
2020-12-31T12:08:52 0 0 경기70아1592 3 39 204000065 122000064 49 
2020-12-31T12:09:52 0 0 경기70아1592 3 39 204000065 122000559 50 
2020-12-31T12:10:51 0 0 경기70아1592 3 39 204000065 122000559 50 
2020-12-31T12:11:51 0 0 경기70아1592 3 39 204000065 122000078 51 
2020-12-31T12:12:51 0 0 경기70아1592 3 39 204000065 122000078 51 
2020-12-31T12:13:50 0 0 경기70아1592 3 39 204000065 122000078 51 
2020-12-31T12:14:50 0 0 경기70아1592 3 38 204000065 122000079 52 
2020-12-31T12:15:49 0 0 경기70아1592 3 38 204000065 122000079 52 
2020-12-31T12:16:49 0 0 경기70아1592 3 38 204000065 122000079 52 
2020-12-31T12:17:49 0 0 경기70아1592 3 38 204000065 122000065 53 
2020-12-31T12:18:48 0 0 경기70아1592 3 38 204000065 122000065 53 
2020-12-31T12:19:48 0 0 경기70아1592 3 38 204000065 122000637 54 
2020-12-31T12:20:48 0 0 경기70아1592 3 38 204000065 122000068 55 
2020-12-31T12:21:48 0 0 경기70아1592 3 38 204000065 122000068 55 
2020-12-31T12:22:48 0 0 경기70아1592 3 38 204000065 122000086 56 
2020-12-31T12:23:48 0 0 경기70아1592 3 38 204000065 122000095 57 
2020-12-31T12:24:47 0 0 경기70아1592 3 38 204000065 122000096 58 
2020-12-31T12:25:47 0 0 경기70아1592 3 38 204000065 122000096 58 
2020-12-31T12:26:46 0 0 경기70아1592 3 38 204000065 122000330 59 
2020-12-31T12:27:46 0 0 경기70아1592 3 38 204000065 122000330 59 
2020-12-31T12:28:46 0 0 경기70아1592 3 38 204000065 122000142 60 
2020-12-31T12:29:46 0 0 경기70아1592 3 38 204000065 122000142 60 
2020-12-31T12:30:46 0 0 경기70아1592 3 38 204000065 122000142 60 
2020-12-31T12:31:46 0 0 경기70아1592 3 38 204000065 122000133 61 
2020-12-31T12:32:46 0 0 경기70아1592 3 38 204000065 122000133 61 
2020-12-31T12:33:45 0 0 경기70아1592 3 38 204000065 122000133 61 
2020-12-31T12:34:44 0 0 경기70아1592 3 38 204000065 122000256 62 
2020-12-31T12:35:44 0 0 경기70아1592 3 38 204000065 122000257 63 
2020-12-31T12:36:44 0 0 경기70아1592 3 38 204000065 122000257 63 
2020-12-31T12:37:43 0 0 경기70아1592 3 38 204000065 122000257 63 
2020-12-31T12:38:42 0 0 경기70아1592 3 38 204000065 122000257 63 
2020-12-31T12:39:41 0 0 경기70아1592 3 38 204000065 122000257 63 
2020-12-31T12:40:41 0 0 경기70아1592 3 38 204000065 122000286 64 
2020-12-31T12:41:40 0 0 경기70아1592 3 38 204000065 122000285 65 
2020-12-31T12:42:40 0 0 경기70아1592 3 38 204000065 122000285 65 
2020-12-31T12:43:39 0 0 경기70아1592 3 38 204000065 277103420 66 
2020-12-31T12:44:39 0 0 경기70아1592 3 38 204000065 277103420 66 
2020-12-31T12:45:39 0 0 경기70아1592 3 38 204000065 277103420 66 
2020-12-31T12:46:39 0 0 경기70아1592 3 38 204000065 277103418 67 
2020-12-31T12:47:38 0 0 경기70아1592 3 38 204000065 277103418 67 
2020-12-31T12:48:37 0 0 경기70아1592 3 38 204000065 277103418 67 
2020-12-31T12:49:37 0 0 경기70아1592 3 38 204000065 277103418 67 
2020-12-31T12:50:36 0 0 경기70아1592 3 38 204000065 277103418 67 
2020-12-31T12:51:35 0 0 경기70아1592 3 38 204000065 277103418 67 
2020-12-31T12:52:34 0 0 경기70아1592 3 38 204000065 277103418 67 
2020-12-31T12:53:35 0 0 경기70아1592 3 38 204000065 277103418 67 
2020-12-31T12:54:35 0 0 경기70아1592 3 38 204000065 205000207 68 
2020-12-31T12:55:35 0 0 경기70아1592 3 38 204000065 205000207 68 
2020-12-31T12:56:34 0 0 경기70아1592 3 38 204000065 205000207 68 
2020-12-31T12:57:34 0 0 경기70아1592 3 38 204000065 205000207 68 
2020-12-31T12:58:33 0 0 경기70아1592 3 39 204000065 205000245 69 
2020-12-31T12:59:33 0 0 경기70아1592 3 39 204000065 205000245 69 
2020-12-31T13:00:33 0 0 경기70아1592 3 39 204000065 206000361 70 
2020-12-31T13:01:33 0 0 경기70아1592 3 39 204000065 206000361 70 
2020-12-31T13:02:33 0 0 경기70아1592 3 39 204000065 206000361 70 
2020-12-31T13:03:32 0 0 경기70아1592 3 39 204000065 206000157 71 
2020-12-31T13:04:31 0 0 경기70아1592 3 39 204000065 206000157 71 
2020-12-31T13:05:32 0 0 경기70아1592 3 39 204000065 206000157 71 
2020-12-31T13:06:30 0 0 경기70아1592 3 39 204000065 206000157 71 
2020-12-31T13:07:30 0 0 경기70아1592 3 39 204000065 206000055 72 
2020-12-31T13:08:29 0 0 경기70아1592 3 39 204000065 206000055 72 
2020-12-31T13:09:28 0 0 경기70아1592 3 39 204000065 206000055 72 
2020-12-31T13:10:29 0 0 경기70아1592 3 39 204000065 206000053 74 
2020-12-31T13:11:28 0 0 경기70아1592 3 39 204000065 206000053 74 
2020-12-31T13:12:27 0 0 경기70아1592 3 39 204000065 206000053 74 
2020-12-31T13:13:26 0 0 경기70아1592 3 39 204000065 206000053 74 
2020-12-31T13:14:26 0 0 경기70아1592 3 39 204000065 206000053 74 
2020-12-31T13:15:25 0 0 경기70아1592 3 39 204000065 206000238 75 
2020-12-31T13:16:24 0 0 경기70아1592 3 39 204000065 206000238 75 
2020-12-31T13:17:24 0 0 경기70아1592 3 39 204000065 206000238 75 
2020-12-31T13:18:24 0 0 경기70아1592 3 39 204000065 206000052 77 
2020-12-31T13:19:23 0 0 경기70아1592 3 39 204000065 206000052 77 
2020-12-31T13:20:22 0 0 경기70아1592 3 39 204000065 206000051 78 
2020-12-31T13:21:22 0 0 경기70아1592 3 39 204000065 206000051 78 
2020-12-31T13:22:21 0 0 경기70아1592 3 39 204000065 206000128 79 
2020-12-31T13:23:20 0 0 경기70아1592 3 39 204000065 206000050 80 
2020-12-31T13:24:19 0 0 경기70아1592 3 39 204000065 206000048 82 
2020-12-31T13:25:18 0 0 경기70아1592 3 39 204000065 206000048 82 
2020-12-31T13:26:18 0 0 경기70아1592 3 39 204000065 206000047 83 
2020-12-31T13:27:17 0 0 경기70아1592 3 39 204000065 206000046 84 
2020-12-31T13:28:17 0 0 경기70아1592 3 39 204000065 206000046 84 
2020-12-31T13:29:16 0 0 경기70아1592 3 39 204000065 206000045 85 
2020-12-31T13:30:15 0 0 경기70아1592 3 39 204000065 206000672 87 
2020-12-31T13:31:14 0 0 경기70아1592 3 39 204000065 206000672 87 
2020-12-31T13:32:14 0 0 경기70아1592 3 39 204000065 206000043 88 
2020-12-31T13:33:13 0 0 경기70아1592 3 39 204000065 206000178 89 
2020-12-31T13:34:13 0 0 경기70아1592 3 39 204000065 206000178 89 
2020-12-31T13:35:12 0 0 경기70아1592 3 39 204000065 206000724 90 
2020-12-31T13:36:12 0 0 경기70아1592 3 39 204000065 206000722 91 
2020-12-31T13:37:12 0 0 경기70아1592 3 39 204000065 206000722 91 
2020-12-31T13:38:12 0 0 경기70아1592 3 39 204000065 206000722 91 
2020-12-31T13:39:11 0 0 경기70아1592 3 39 204000065 206000722 91 
2020-12-31T13:40:11 0 0 경기70아1592 3 39 204000065 206000711 93 
2020-12-31T13:41:10 0 0 경기70아1592 3 39 204000065 206000041 94 
2020-12-31T13:42:10 0 0 경기70아1592 3 39 204000065 206000041 94 
2020-12-31T13:43:10 0 0 경기70아1592 3 39 204000065 206000041 94 
2020-12-31T15:23:28 0 0 경기70아1592 3 39 204000065 206000334 5 
2020-12-31T15:24:28 0 0 경기70아1592 3 39 204000065 206000714 7 
2020-12-31T15:25:28 0 0 경기70아1592 3 39 204000065 206000714 7 
2020-12-31T15:26:27 0 0 경기70아1592 3 39 204000065 206000723 9 
2020-12-31T15:27:26 0 0 경기70아1592 3 39 204000065 206000723 9 
2020-12-31T15:28:26 0 0 경기70아1592 3 39 204000065 206000723 9 
2020-12-31T15:29:25 0 0 경기70아1592 3 39 204000065 206000327 10 
2020-12-31T15:30:24 0 0 경기70아1592 3 39 204000065 206000327 10 
2020-12-31T15:31:24 0 0 경기70아1592 3 39 204000065 206000327 10 
2020-12-31T15:32:24 0 0 경기70아1592 3 39 204000065 206000327 10 
2020-12-31T15:33:23 0 0 경기70아1592 3 39 204000065 206000327 10 
2020-12-31T15:34:23 0 0 경기70아1592 3 39 204000065 206000249 11 
2020-12-31T15:35:23 0 0 경기70아1592 3 39 204000065 206000249 11 
2020-12-31T15:36:22 0 0 경기70아1592 3 39 204000065 206000249 11 
2020-12-31T15:37:22 0 0 경기70아1592 3 39 204000065 206000249 11 
2020-12-31T15:38:22 0 0 경기70아1592 3 39 204000065 206000037 14 
2020-12-31T15:39:21 0 0 경기70아1592 3 39 204000065 206000036 15 
2020-12-31T15:40:21 0 0 경기70아1592 3 39 204000065 206000033 18 
2020-12-31T15:41:21 0 0 경기70아1592 3 39 204000065 206000032 19 
2020-12-31T15:42:21 0 0 경기70아1592 3 39 204000065 206000030 21 
2020-12-31T15:43:21 0 0 경기70아1592 3 39 204000065 206000030 21 
2020-12-31T15:44:21 0 0 경기70아1592 3 39 204000065 206000030 21 
2020-12-31T15:45:21 0 0 경기70아1592 3 39 204000065 206000029 22 
2020-12-31T15:46:19 0 0 경기70아1592 3 39 204000065 206000318 24 
2020-12-31T15:47:19 0 0 경기70아1592 3 39 204000065 206000318 24 
2020-12-31T15:48:19 0 0 경기70아1592 3 39 204000065 206000317 25 
2020-12-31T15:49:19 0 0 경기70아1592 3 39 204000065 206000027 27 
2020-12-31T15:50:18 0 0 경기70아1592 3 39 204000065 206000027 27 
2020-12-31T15:51:18 0 0 경기70아1592 3 39 204000065 206000227 28 
2020-12-31T15:52:18 0 0 경기70아1592 3 39 204000065 206000226 29 
2020-12-31T15:53:17 0 0 경기70아1592 3 39 204000065 206000226 29 
2020-12-31T15:54:16 0 0 경기70아1592 3 38 204000065 206000784 30 
2020-12-31T15:55:16 0 0 경기70아1592 3 38 204000065 206000784 30 
2020-12-31T15:56:16 0 0 경기70아1592 3 38 204000065 206000784 30 
2020-12-31T15:57:16 0 0 경기70아1592 3 38 204000065 205000029 31 
2020-12-31T15:58:15 0 0 경기70아1592 3 38 204000065 205000029 31 
2020-12-31T15:59:14 0 0 경기70아1592 3 38 204000065 205000029 31 
2020-12-31T16:00:14 0 0 경기70아1592 3 38 204000065 205000029 31 
2020-12-31T16:01:14 0 0 경기70아1592 3 38 204000065 205000029 31 
2020-12-31T16:02:14 0 0 경기70아1592 3 38 204000065 205000069 32 
2020-12-31T16:03:13 0 0 경기70아1592 3 38 204000065 205000069 32 
2020-12-31T16:04:13 0 0 경기70아1592 3 38 204000065 205000069 32 
2020-12-31T16:05:13 0 0 경기70아1592 3 38 204000065 205000069 32 
2020-12-31T16:06:13 0 0 경기70아1592 3 38 204000065 277102622 33 
2020-12-31T16:07:12 0 0 경기70아1592 3 38 204000065 277102622 33 
2020-12-31T16:08:12 0 0 경기70아1592 3 38 204000065 277102622 33 
2020-12-31T16:09:12 0 0 경기70아1592 3 38 204000065 277102622 33 
2020-12-31T16:10:11 0 0 경기70아1592 3 38 204000065 277102622 33 
2020-12-31T16:11:11 0 0 경기70아1592 3 38 204000065 277102622 33 
2020-12-31T16:12:11 0 0 경기70아1592 3 38 204000065 277102622 33 
2020-12-31T16:13:11 0 0 경기70아1592 3 38 204000065 277102622 33 
2020-12-31T16:14:10 0 0 경기70아1592 3 38 204000065 277102622 33 
2020-12-31T16:15:10 0 0 경기70아1592 3 38 204000065 277102622 33 
2020-12-31T16:16:09 0 0 경기70아1592 3 38 204000065 277103419 34 
2020-12-31T16:17:09 0 0 경기70아1592 3 38 204000065 277103419 34 
2020-12-31T16:18:08 0 0 경기70아1592 3 38 204000065 277103419 34 
2020-12-31T16:19:07 0 0 경기70아1592 3 38 204000065 277103419 34 
2020-12-31T16:20:07 0 0 경기70아1592 3 38 204000065 277103419 34 
2020-12-31T16:21:06 0 0 경기70아1592 3 38 204000065 277103419 34 
2020-12-31T16:22:06 0 0 경기70아1592 3 38 204000065 277103419 34 
2020-12-31T16:23:05 0 0 경기70아1592 3 38 204000065 277103419 34 
2020-12-31T16:24:05 0 0 경기70아1592 3 38 204000065 277103419 34 
2020-12-31T16:25:04 0 0 경기70아1592 3 38 204000065 277103419 34 
2020-12-31T16:26:03 0 0 경기70아1592 3 38 204000065 277103419 34 
2020-12-31T16:27:03 0 0 경기70아1592 3 38 204000065 277103419 34 
2020-12-31T16:28:02 0 0 경기70아1592 3 38 204000065 277103419 34 
2020-12-31T16:29:02 0 0 경기70아1592 3 38 204000065 277103419 34 
2020-12-31T16:30:02 0 0 경기70아1592 3 38 204000065 277103419 34 
2020-12-31T16:31:02 0 0 경기70아1592 3 38 204000065 277103419 34 
2020-12-31T16:32:01 0 0 경기70아1592 3 38 204000065 277103419 34 
2020-12-31T16:33:01 0 0 경기70아1592 3 38 204000065 277103421 35 
2020-12-31T16:34:00 0 0 경기70아1592 3 38 204000065 277103421 35 
2020-12-31T16:35:00 0 0 경기70아1592 3 39 204000065 122000287 36 
2020-12-31T16:36:00 0 0 경기70아1592 3 39 204000065 122000288 37 
2020-12-31T16:37:00 0 0 경기70아1592 3 38 204000065 122000288 37 
2020-12-31T16:37:59 0 0 경기70아1592 3 38 204000065 122000258 38 
2020-12-31T16:38:59 0 0 경기70아1592 3 38 204000065 122000291 39 
2020-12-31T16:39:59 0 0 경기70아1592 3 38 204000065 122000291 39 
2020-12-31T16:40:59 0 0 경기70아1592 3 38 204000065 122000291 39 
2020-12-31T16:41:59 0 0 경기70아1592 3 38 204000065 122000137 40 
2020-12-31T16:42:58 0 0 경기70아1592 3 38 204000065 122000137 40 
2020-12-31T16:43:57 0 0 경기70아1592 3 38 204000065 122000388 41 
2020-12-31T16:44:56 0 0 경기70아1592 3 38 204000065 122000139 43 
2020-12-31T16:45:56 0 0 경기70아1592 3 38 204000065 122000139 43 
2020-12-31T16:46:55 0 0 경기70아1592 3 38 204000065 122000094 44 
2020-12-31T16:47:54 0 0 경기70아1592 3 38 204000065 122000089 45 
2020-12-31T16:48:53 0 0 경기70아1592 3 39 204000065 122000085 46 
2020-12-31T16:49:53 0 0 경기70아1592 3 39 204000065 122000066 48 
2020-12-31T16:50:52 0 0 경기70아1592 3 39 204000065 122000066 48 
2020-12-31T16:51:52 0 0 경기70아1592 3 39 204000065 122000066 48 
2020-12-31T16:52:51 0 0 경기70아1592 3 39 204000065 122000559 50 
2020-12-31T16:53:50 0 0 경기70아1592 3 39 204000065 122000559 50 
2020-12-31T16:54:50 0 0 경기70아1592 3 39 204000065 122000078 51 
2020-12-31T16:55:50 0 0 경기70아1592 3 39 204000065 122000078 51 
2020-12-31T16:56:49 0 0 경기70아1592 3 39 204000065 122000078 51 
2020-12-31T16:57:49 0 0 경기70아1592 3 39 204000065 122000079 52 
2020-12-31T16:58:49 0 0 경기70아1592 3 39 204000065 122000079 52 
2020-12-31T16:59:49 0 0 경기70아1592 3 39 204000065 122000065 53 
2020-12-31T17:00:48 0 0 경기70아1592 3 39 204000065 122000637 54 
2020-12-31T17:01:48 0 0 경기70아1592 3 39 204000065 122000068 55 
2020-12-31T17:02:47 0 0 경기70아1592 3 39 204000065 122000086 56 
2020-12-31T17:03:47 0 0 경기70아1592 3 39 204000065 122000086 56 
2020-12-31T17:04:46 0 0 경기70아1592 3 39 204000065 122000095 57 
2020-12-31T17:05:46 0 0 경기70아1592 3 37 204000065 122000096 58 
2020-12-31T17:06:46 0 0 경기70아1592 3 35 204000065 122000096 58 
2020-12-31T17:07:45 0 0 경기70아1592 3 35 204000065 122000142 60 
2020-12-31T17:08:45 0 0 경기70아1592 3 35 204000065 122000142 60 
2020-12-31T17:09:44 0 0 경기70아1592 3 35 204000065 122000142 60 
2020-12-31T17:10:44 0 0 경기70아1592 3 35 204000065 122000133 61 
2020-12-31T17:11:44 0 0 경기70아1592 3 35 204000065 122000133 61 
2020-12-31T17:12:43 0 0 경기70아1592 3 35 204000065 122000133 61 
2020-12-31T17:13:43 0 0 경기70아1592 3 35 204000065 122000256 62 
2020-12-31T17:14:43 0 0 경기70아1592 3 35 204000065 122000256 62 
2020-12-31T17:15:42 0 0 경기70아1592 3 35 204000065 122000257 63 
2020-12-31T17:16:41 0 0 경기70아1592 3 35 204000065 122000257 63 
2020-12-31T17:17:40 0 0 경기70아1592 3 35 204000065 122000257 63 
2020-12-31T17:18:40 0 0 경기70아1592 3 35 204000065 122000257 63 
2020-12-31T17:19:40 0 0 경기70아1592 3 35 204000065 122000257 63 
2020-12-31T17:20:40 0 0 경기70아1592 3 35 204000065 122000286 64 
2020-12-31T17:21:39 0 0 경기70아1592 3 27 204000065 122000285 65 
2020-12-31T17:22:39 0 0 경기70아1592 3 27 204000065 122000285 65 
2020-12-31T17:23:39 0 0 경기70아1592 3 24 204000065 122000285 65 
2020-12-31T17:24:38 0 0 경기70아1592 3 24 204000065 122000285 65 
2020-12-31T17:25:38 0 0 경기70아1592 3 24 204000065 277103420 66 
2020-12-31T17:26:38 0 0 경기70아1592 3 24 204000065 277103420 66 
2020-12-31T17:27:37 0 0 경기70아1592 3 24 204000065 277103420 66 
2020-12-31T17:28:37 0 0 경기70아1592 3 24 204000065 277103420 66 
2020-12-31T17:29:36 0 0 경기70아1592 3 24 204000065 277103420 66 
2020-12-31T17:30:36 0 0 경기70아1592 3 24 204000065 277103418 67 
2020-12-31T17:31:36 0 0 경기70아1592 3 24 204000065 277103418 67 
2020-12-31T17:32:36 0 0 경기70아1592 3 24 204000065 277103418 67 
2020-12-31T17:33:36 0 0 경기70아1592 3 24 204000065 277103418 67 
2020-12-31T17:34:35 0 0 경기70아1592 3 24 204000065 277103418 67 
2020-12-31T17:35:35 0 0 경기70아1592 3 24 204000065 277103418 67 
2020-12-31T17:36:35 0 0 경기70아1592 3 24 204000065 277103418 67 
2020-12-31T17:37:34 0 0 경기70아1592 3 24 204000065 277103418 67 
2020-12-31T17:38:34 0 0 경기70아1592 3 28 204000065 205000207 68 
2020-12-31T17:39:33 0 0 경기70아1592 3 28 204000065 205000207 68 
2020-12-31T17:40:33 0 0 경기70아1592 3 28 204000065 205000245 69 
2020-12-31T17:41:33 0 0 경기70아1592 3 28 204000065 205000245 69 
2020-12-31T17:42:32 0 0 경기70아1592 3 28 204000065 206000361 70 
2020-12-31T17:43:31 0 0 경기70아1592 3 35 204000065 206000157 71 
2020-12-31T17:44:31 0 0 경기70아1592 3 35 204000065 206000157 71 
2020-12-31T17:45:31 0 0 경기70아1592 3 35 204000065 206000157 71 
2020-12-31T17:46:31 0 0 경기70아1592 3 35 204000065 206000055 72 
2020-12-31T17:47:31 0 0 경기70아1592 3 35 204000065 206000055 72 
2020-12-31T17:48:30 0 0 경기70아1592 3 35 204000065 206000053 74 
2020-12-31T17:49:30 0 0 경기70아1592 3 35 204000065 206000053 74 
2020-12-31T17:50:30 0 0 경기70아1592 3 35 204000065 206000053 74 
2020-12-31T17:51:29 0 0 경기70아1592 3 35 204000065 206000053 74 
2020-12-31T17:52:28 0 0 경기70아1592 3 35 204000065 206000053 74 
2020-12-31T17:53:29 0 0 경기70아1592 3 35 204000065 206000053 74 
2020-12-31T17:54:27 0 0 경기70아1592 3 35 204000065 206000053 74 
2020-12-31T17:55:28 0 0 경기70아1592 3 35 204000065 206000053 74 
2020-12-31T17:56:27 0 0 경기70아1592 3 37 204000065 206000238 75 
2020-12-31T17:57:26 0 0 경기70아1592 3 37 204000065 206000238 75 
2020-12-31T17:58:26 0 0 경기70아1592 3 37 204000065 206000237 76 
2020-12-31T17:59:25 0 0 경기70아1592 3 38 204000065 206000052 77 
2020-12-31T18:00:24 0 0 경기70아1592 3 37 204000065 206000052 77 
2020-12-31T18:01:24 0 0 경기70아1592 3 38 204000065 206000051 78 
2020-12-31T18:02:24 0 0 경기70아1592 3 38 204000065 206000128 79 
2020-12-31T18:03:23 0 0 경기70아1592 3 38 204000065 206000050 80 
2020-12-31T18:04:22 0 0 경기70아1592 3 38 204000065 206000049 81 
2020-12-31T18:05:21 0 0 경기70아1592 3 38 204000065 206000046 84 
2020-12-31T18:06:21 0 0 경기70아1592 3 39 204000065 206000672 87 
2020-12-31T18:07:21 0 0 경기70아1592 3 39 204000065 206000043 88 
2020-12-31T18:08:21 0 0 경기70아1592 3 39 204000065 206000178 89 
2020-12-31T18:09:21 0 0 경기70아1592 3 39 204000065 206000178 89 
2020-12-31T18:10:20 0 0 경기70아1592 3 39 204000065 206000178 89 
2020-12-31T18:11:20 0 0 경기70아1592 3 39 204000065 206000722 91 
2020-12-31T18:12:20 0 0 경기70아1592 3 39 204000065 206000722 91 
2020-12-31T18:13:19 0 0 경기70아1592 3 39 204000065 206000715 92 
2020-12-31T18:14:19 0 0 경기70아1592 3 39 204000065 206000041 94 
2020-12-31T18:15:19 0 0 경기70아1592 3 39 204000065 206000041 94 
2020-12-31T18:16:18 0 0 경기70아1592 3 39 204000065 206000041 94 
2020-12-31T18:17:18 0 0 경기70아1592 3 39 204000065 206000171 95 
2020-12-31T18:58:04 0 0 경기70아1592 3 39 204000065 206000405 4 
2020-12-31T18:59:04 0 0 경기70아1592 3 39 204000065 206000405 4 
2020-12-31T19:00:03 0 0 경기70아1592 3 39 204000065 206000710 6 
2020-12-31T19:01:03 0 0 경기70아1592 3 39 204000065 206000714 7 
2020-12-31T19:02:03 0 0 경기70아1592 3 39 204000065 206000714 7 
2020-12-31T19:03:03 0 0 경기70아1592 3 39 204000065 206000714 7 
2020-12-31T19:04:03 0 0 경기70아1592 3 39 204000065 206000723 9 
2020-12-31T19:05:02 0 0 경기70아1592 3 39 204000065 206000327 10 
2020-12-31T19:06:01 0 0 경기70아1592 3 39 204000065 206000249 11 
2020-12-31T19:07:01 0 0 경기70아1592 3 39 204000065 206000249 11 
2020-12-31T19:08:00 0 0 경기70아1592 3 39 204000065 206000249 11 
2020-12-31T19:09:00 0 0 경기70아1592 3 39 204000065 206000037 14 
2020-12-31T19:10:00 0 0 경기70아1592 3 39 204000065 206000037 14 
2020-12-31T19:11:00 0 0 경기70아1592 3 39 204000065 206000036 15 
2020-12-31T19:11:59 0 0 경기70아1592 3 39 204000065 206000034 17 
2020-12-31T19:12:59 0 0 경기70아1592 3 39 204000065 206000033 18 
2020-12-31T19:13:59 0 0 경기70아1592 3 39 204000065 206000033 18 
2020-12-31T19:14:59 0 0 경기70아1592 3 39 204000065 206000033 18 
2020-12-31T19:15:58 0 0 경기70아1592 3 39 204000065 206000029 22 
2020-12-31T19:16:58 0 0 경기70아1592 3 39 204000065 206000383 23 
2020-12-31T19:17:57 0 0 경기70아1592 3 39 204000065 206000317 25 
2020-12-31T19:18:57 0 0 경기70아1592 3 39 204000065 206000317 25 
2020-12-31T19:19:57 0 0 경기70아1592 3 39 204000065 206000027 27 
2020-12-31T19:20:57 0 0 경기70아1592 3 39 204000065 206000227 28 
2020-12-31T19:21:57 0 0 경기70아1592 3 39 204000065 206000227 28 
2020-12-31T19:22:56 0 0 경기70아1592 3 39 204000065 206000226 29 
2020-12-31T19:23:56 0 0 경기70아1592 3 39 204000065 206000226 29 
2020-12-31T19:24:56 0 0 경기70아1592 3 39 204000065 206000784 30 
2020-12-31T19:25:56 0 0 경기70아1592 3 39 204000065 205000029 31 
2020-12-31T19:26:55 0 0 경기70아1592 3 39 204000065 205000029 31 
2020-12-31T19:27:55 0 0 경기70아1592 3 39 204000065 205000029 31 
2020-12-31T19:28:55 0 0 경기70아1592 3 39 204000065 205000029 31 
2020-12-31T19:29:54 0 0 경기70아1592 3 39 204000065 205000069 32 
2020-12-31T19:30:53 0 0 경기70아1592 3 39 204000065 205000069 32 
2020-12-31T19:31:53 0 0 경기70아1592 3 39 204000065 205000069 32 
2020-12-31T19:32:53 0 0 경기70아1592 3 39 204000065 277102622 33 
2020-12-31T19:33:53 0 0 경기70아1592 3 39 204000065 277102622 33 
2020-12-31T19:34:53 0 0 경기70아1592 3 39 204000065 277102622 33 
2020-12-31T19:35:52 0 0 경기70아1592 3 39 204000065 277102622 33 
2020-12-31T19:36:51 0 0 경기70아1592 3 39 204000065 277103419 34 
2020-12-31T19:37:51 0 0 경기70아1592 3 39 204000065 277103419 34 
2020-12-31T19:38:51 0 0 경기70아1592 3 39 204000065 277103419 34 
2020-12-31T19:39:51 0 0 경기70아1592 3 39 204000065 277103421 35 
2020-12-31T19:40:50 0 0 경기70아1592 3 39 204000065 277103421 35 
2020-12-31T19:41:50 0 0 경기70아1592 3 39 204000065 122000288 37 
2020-12-31T19:42:49 0 0 경기70아1592 3 39 204000065 122000288 37 
2020-12-31T19:43:49 0 0 경기70아1592 3 39 204000065 122000288 37 
2020-12-31T19:44:49 0 0 경기70아1592 3 39 204000065 122000258 38 
2020-12-31T19:45:48 0 0 경기70아1592 3 39 204000065 122000258 38 
2020-12-31T19:46:48 0 0 경기70아1592 3 39 204000065 122000291 39 
2020-12-31T19:47:48 0 0 경기70아1592 3 39 204000065 122000291 39 
2020-12-31T19:48:48 0 0 경기70아1592 3 39 204000065 122000137 40 
2020-12-31T19:49:48 0 0 경기70아1592 3 39 204000065 122000386 42 
2020-12-31T19:50:47 0 0 경기70아1592 3 39 204000065 122000386 42 
2020-12-31T19:51:46 0 0 경기70아1592 3 39 204000065 122000094 44 
2020-12-31T19:52:46 0 0 경기70아1592 3 39 204000065 122000094 44 
2020-12-31T19:53:46 0 0 경기70아1592 3 39 204000065 122000094 44 
2020-12-31T19:54:46 0 0 경기70아1592 3 39 204000065 122000085 46 
2020-12-31T19:55:46 0 0 경기70아1592 3 39 204000065 122000069 47 
2020-12-31T19:56:46 0 0 경기70아1592 3 39 204000065 122000066 48 
2020-12-31T19:57:45 0 0 경기70아1592 3 39 204000065 122000066 48 
2020-12-31T19:58:45 0 0 경기70아1592 3 39 204000065 122000066 48 
2020-12-31T19:59:45 0 0 경기70아1592 3 39 204000065 122000559 50 
2020-12-31T20:00:45 0 0 경기70아1592 3 39 204000065 122000559 50 
2020-12-31T20:01:44 0 0 경기70아1592 3 39 204000065 122000078 51 
2020-12-31T20:02:44 0 0 경기70아1592 3 39 204000065 122000078 51 
2020-12-31T20:03:44 0 0 경기70아1592 3 39 204000065 122000078 51 
2020-12-31T20:04:43 0 0 경기70아1592 3 39 204000065 122000079 52 
2020-12-31T20:05:43 0 0 경기70아1592 3 39 204000065 122000079 52 
2020-12-31T20:06:43 0 0 경기70아1592 3 39 204000065 122000079 52 
2020-12-31T20:07:43 0 0 경기70아1592 3 39 204000065 122000079 52 
2020-12-31T20:08:42 0 0 경기70아1592 3 39 204000065 122000079 52 
2020-12-31T20:09:42 0 0 경기70아1592 3 39 204000065 122000079 52 
2020-12-31T20:10:41 0 0 경기70아1592 3 39 204000065 122000079 52 
2020-12-31T20:11:41 0 0 경기70아1592 3 39 204000065 122000637 54 
2020-12-31T20:12:41 0 0 경기70아1592 3 39 204000065 122000637 54 
2020-12-31T20:13:40 0 0 경기70아1592 3 38 204000065 122000068 55 
2020-12-31T20:14:40 0 0 경기70아1592 3 37 204000065 122000086 56 
2020-12-31T20:15:40 0 0 경기70아1592 3 37 204000065 122000096 58 
2020-12-31T20:16:39 0 0 경기70아1592 3 37 204000065 122000096 58 
2020-12-31T20:17:38 0 0 경기70아1592 3 37 204000065 122000330 59 
2020-12-31T20:18:38 0 0 경기70아1592 3 37 204000065 122000330 59 
2020-12-31T20:19:38 0 0 경기70아1592 3 37 204000065 122000142 60 
2020-12-31T20:20:37 0 0 경기70아1592 3 37 204000065 122000133 61 
2020-12-31T20:21:37 0 0 경기70아1592 3 37 204000065 122000133 61 
2020-12-31T20:22:37 0 0 경기70아1592 3 37 204000065 122000133 61 
2020-12-31T20:23:37 0 0 경기70아1592 3 37 204000065 122000256 62 
2020-12-31T20:24:37 0 0 경기70아1592 3 37 204000065 122000257 63 
2020-12-31T20:25:37 0 0 경기70아1592 3 37 204000065 122000257 63 
2020-12-31T20:26:37 0 0 경기70아1592 3 37 204000065 122000257 63 
2020-12-31T20:27:36 0 0 경기70아1592 3 37 204000065 122000257 63 
2020-12-31T20:28:36 0 0 경기70아1592 3 37 204000065 122000257 63 
2020-12-31T20:29:35 0 0 경기70아1592 3 36 204000065 122000285 65 
2020-12-31T20:30:35 0 0 경기70아1592 3 35 204000065 122000285 65 
2020-12-31T20:31:35 0 0 경기70아1592 3 35 204000065 277103420 66 
2020-12-31T20:32:34 0 0 경기70아1592 3 35 204000065 277103420 66 
2020-12-31T20:33:34 0 0 경기70아1592 3 35 204000065 277103420 66 
2020-12-31T20:34:33 0 0 경기70아1592 3 35 204000065 277103418 67 
2020-12-31T20:35:33 0 0 경기70아1592 3 35 204000065 277103418 67 
2020-12-31T20:36:33 0 0 경기70아1592 3 35 204000065 277103418 67 
2020-12-31T20:37:33 0 0 경기70아1592 3 35 204000065 277103418 67 
2020-12-31T20:38:32 0 0 경기70아1592 3 35 204000065 277103418 67 
2020-12-31T20:39:32 0 0 경기70아1592 3 35 204000065 277103418 67 
2020-12-31T20:40:32 0 0 경기70아1592 3 35 204000065 277103418 67 
2020-12-31T20:41:31 0 0 경기70아1592 3 37 204000065 205000207 68 
2020-12-31T20:42:31 0 0 경기70아1592 3 37 204000065 205000207 68 
2020-12-31T20:43:30 0 0 경기70아1592 3 37 204000065 206000361 70 
2020-12-31T20:44:30 0 0 경기70아1592 3 37 204000065 206000361 70 
2020-12-31T20:45:29 0 0 경기70아1592 3 37 204000065 206000361 70 
2020-12-31T20:46:28 0 0 경기70아1592 3 37 204000065 206000157 71 
2020-12-31T20:47:27 0 0 경기70아1592 3 37 204000065 206000054 73 
2020-12-31T20:48:26 0 0 경기70아1592 3 37 204000065 206000053 74 
2020-12-31T20:49:25 0 0 경기70아1592 3 37 204000065 206000053 74 
2020-12-31T20:50:26 0 0 경기70아1592 3 37 204000065 206000238 75 
2020-12-31T20:51:24 0 0 경기70아1592 3 37 204000065 206000238 75 
2020-12-31T20:52:24 0 0 경기70아1592 3 37 204000065 206000238 75 
2020-12-31T20:53:24 0 0 경기70아1592 3 37 204000065 206000052 77 
2020-12-31T20:54:23 0 0 경기70아1592 3 39 204000065 206000128 79 
2020-12-31T20:55:23 0 0 경기70아1592 3 39 204000065 206000049 81 
2020-12-31T20:56:23 0 0 경기70아1592 3 39 204000065 206000047 83 
2020-12-31T20:57:23 0 0 경기70아1592 3 39 204000065 206000672 87 
2020-12-31T20:58:22 0 0 경기70아1592 3 39 204000065 206000043 88 
2020-12-31T20:59:22 0 0 경기70아1592 3 39 204000065 206000178 89 
2020-12-31T21:00:20 0 0 경기70아1592 3 39 204000065 206000178 89 
2020-12-31T21:01:21 0 0 경기70아1592 3 39 204000065 206000722 91 
2020-12-31T21:02:20 0 0 경기70아1592 3 39 204000065 206000715 92 
2020-12-31T21:03:20 0 0 경기70아1592 3 39 204000065 206000715 92 
2020-12-31T21:04:20 0 0 경기70아1592 3 39 204000065 206000041 94 
2020-12-31T21:05:19 0 0 경기70아1592 3 39 204000065 206000171 95 
2020-12-31T21:06:18 0 0 경기70아1592 3 39 204000065 206000171 95 
2020-12-31T21:07:18 0 0 경기70아1592 3 39 204000065 206000171 95 
2020-12-31T21:08:18 0 0 경기70아1592 3 39 204000065 206000171 95 
2020-12-31T21:09:17 0 0 경기70아1592 3 39 204000065 206000171 95 
2020-12-31T21:10:17 0 0 경기70아1592 3 39 204000065 206000171 95 
2020-12-31T21:11:16 0 0 경기70아1592 3 39 204000065 206000171 95 
2020-12-31T21:12:16 0 0 경기70아1592 3 39 204000065 206000171 95 
2020-12-31T21:13:15 0 0 경기70아1592 3 39 204000065 206000171 95 
2020-12-31T21:14:15 0 0 경기70아1592 3 39 204000065 206000171 95 
2020-12-31T21:15:14 0 0 경기70아1592 3 39 204000065 206000171 95 
2020-12-31T21:16:14 0 0 경기70아1592 3 39 204000065 206000171 95 
2020-12-31T21:17:14 0 0 경기70아1592 3 39 204000065 206000171 95 
2020-12-31T21:18:14 0 0 경기70아1592 3 39 204000065 206000171 95 
2020-12-31T21:19:14 0 0 경기70아1592 3 39 204000065 206000171 95 
2020-12-31T21:20:13 0 0 경기70아1592 3 39 204000065 206000171 95 
2020-12-31T21:55:59 0 0 경기70아1592 3 39 204000065 206000405 4 
2020-12-31T21:56:59 0 0 경기70아1592 3 39 204000065 206000334 5 
2020-12-31T21:57:58 0 0 경기70아1592 3 39 204000065 206000714 7 
2020-12-31T21:58:57 0 0 경기70아1592 3 39 204000065 206000714 7 
2020-12-31T21:59:57 0 0 경기70아1592 3 39 204000065 206000721 8 
2020-12-31T22:00:57 0 0 경기70아1592 3 39 204000065 206000723 9 
2020-12-31T22:01:56 0 0 경기70아1592 3 39 204000065 206000327 10 
2020-12-31T22:02:56 0 0 경기70아1592 3 39 204000065 206000039 12 
2020-12-31T22:03:55 0 0 경기70아1592 3 39 204000065 206000037 14 
2020-12-31T22:04:55 0 0 경기70아1592 3 39 204000065 206000034 17 
2020-12-31T22:05:55 0 0 경기70아1592 3 39 204000065 206000032 19 
2020-12-31T22:06:55 0 0 경기70아1592 3 39 204000065 206000029 22 
2020-12-31T22:07:54 0 0 경기70아1592 3 39 204000065 206000318 24 
2020-12-31T22:08:54 0 0 경기70아1592 3 39 204000065 206000317 25 
2020-12-31T22:09:54 0 0 경기70아1592 3 39 204000065 206000027 27 
2020-12-31T22:10:54 0 0 경기70아1592 3 39 204000065 206000027 27 
2020-12-31T22:11:53 0 0 경기70아1592 3 39 204000065 206000226 29 
2020-12-31T22:12:53 0 0 경기70아1592 3 39 204000065 206000784 30 
2020-12-31T22:13:53 0 0 경기70아1592 3 39 204000065 205000029 31 
2020-12-31T22:14:52 0 0 경기70아1592 3 39 204000065 205000029 31 
2020-12-31T22:15:52 0 0 경기70아1592 3 39 204000065 205000029 31 
2020-12-31T22:16:52 0 0 경기70아1592 3 39 204000065 205000029 31 
2020-12-31T22:17:51 0 0 경기70아1592 3 39 204000065 205000029 31 
2020-12-31T22:18:51 0 0 경기70아1592 3 39 204000065 205000069 32 
2020-12-31T22:19:51 0 0 경기70아1592 3 39 204000065 205000069 32 
2020-12-31T22:20:50 0 0 경기70아1592 3 39 204000065 205000069 32 
2020-12-31T22:21:50 0 0 경기70아1592 3 39 204000065 205000069 32 
2020-12-31T22:22:50 0 0 경기70아1592 3 39 204000065 277102622 33 
2020-12-31T22:23:49 0 0 경기70아1592 3 39 204000065 277102622 33 
2020-12-31T22:24:49 0 0 경기70아1592 3 39 204000065 277102622 33 
2020-12-31T22:25:49 0 0 경기70아1592 3 39 204000065 277103419 34 
2020-12-31T22:26:48 0 0 경기70아1592 3 39 204000065 277103419 34 
2020-12-31T22:27:48 0 0 경기70아1592 3 39 204000065 277103419 34 
2020-12-31T22:28:47 0 0 경기70아1592 3 39 204000065 277103421 35 
2020-12-31T22:29:47 0 0 경기70아1592 3 39 204000065 277103421 35 
2020-12-31T22:30:46 0 0 경기70아1592 3 39 204000065 122000288 37 
2020-12-31T22:31:45 0 0 경기70아1592 3 39 204000065 122000288 37 
2020-12-31T22:32:45 0 0 경기70아1592 3 39 204000065 122000291 39 
2020-12-31T22:33:45 0 0 경기70아1592 3 39 204000065 122000291 39 
2020-12-31T22:34:44 0 0 경기70아1592 3 39 204000065 122000137 40 
2020-12-31T22:35:44 0 0 경기70아1592 3 39 204000065 122000386 42 
2020-12-31T22:36:43 0 0 경기70아1592 3 39 204000065 122000139 43 
2020-12-31T22:37:43 0 0 경기70아1592 3 39 204000065 122000139 43 
2020-12-31T22:38:43 0 0 경기70아1592 3 39 204000065 122000089 45 
2020-12-31T22:39:42 0 0 경기70아1592 3 39 204000065 122000069 47 
2020-12-31T22:40:42 0 0 경기70아1592 3 39 204000065 122000066 48 
2020-12-31T22:41:41 0 0 경기70아1592 3 39 204000065 122000066 48 
2020-12-31T22:42:41 0 0 경기70아1592 3 39 204000065 122000064 49 
2020-12-31T22:43:40 0 0 경기70아1592 3 39 204000065 122000559 50 
2020-12-31T22:44:40 0 0 경기70아1592 3 39 204000065 122000078 51 
2020-12-31T22:45:39 0 0 경기70아1592 3 39 204000065 122000078 51 
2020-12-31T22:46:39 0 0 경기70아1592 3 38 204000065 122000079 52 
2020-12-31T22:47:39 0 0 경기70아1592 3 38 204000065 122000065 53 
2020-12-31T22:48:39 0 0 경기70아1592 3 38 204000065 122000637 54 
2020-12-31T22:49:38 0 0 경기70아1592 3 38 204000065 122000068 55 
2020-12-31T22:50:38 0 0 경기70아1592 3 38 204000065 122000068 55 
2020-12-31T22:51:37 0 0 경기70아1592 3 38 204000065 122000086 56 
2020-12-31T22:52:37 0 0 경기70아1592 3 38 204000065 122000095 57 
2020-12-31T22:53:37 0 0 경기70아1592 3 38 204000065 122000096 58 
2020-12-31T22:54:37 0 0 경기70아1592 3 38 204000065 122000330 59 
2020-12-31T22:55:36 0 0 경기70아1592 3 38 204000065 122000142 60 
2020-12-31T22:56:36 0 0 경기70아1592 3 38 204000065 122000133 61 
2020-12-31T22:57:36 0 0 경기70아1592 3 38 204000065 122000133 61 
2020-12-31T22:58:36 0 0 경기70아1592 3 38 204000065 122000257 63 
2020-12-31T22:59:36 0 0 경기70아1592 3 38 204000065 122000257 63 
2020-12-31T23:00:35 0 0 경기70아1592 3 38 204000065 122000257 63 
2020-12-31T23:01:35 0 0 경기70아1592 3 38 204000065 122000286 64 
2020-12-31T23:02:35 0 0 경기70아1592 3 37 204000065 122000285 65 
2020-12-31T23:03:34 0 0 경기70아1592 3 37 204000065 122000285 65 
2020-12-31T23:04:34 0 0 경기70아1592 3 37 204000065 277103420 66 
2020-12-31T23:05:34 0 0 경기70아1592 3 37 204000065 277103420 66 
2020-12-31T23:06:33 0 0 경기70아1592 3 37 204000065 277103418 67 
2020-12-31T23:07:33 0 0 경기70아1592 3 37 204000065 277103418 67 
2020-12-31T23:08:33 0 0 경기70아1592 3 37 204000065 277103418 67 
2020-12-31T23:09:33 0 0 경기70아1592 3 37 204000065 277103418 67 
2020-12-31T23:10:32 0 0 경기70아1592 3 37 204000065 277103418 67 
2020-12-31T23:11:31 0 0 경기70아1592 3 38 204000065 277103418 67 
2020-12-31T23:12:31 0 0 경기70아1592 3 38 204000065 205000207 68 
2020-12-31T23:13:31 0 0 경기70아1592 3 38 204000065 205000207 68 
2020-12-31T23:14:31 0 0 경기70아1592 3 38 204000065 205000207 68 
2020-12-31T23:15:31 0 0 경기70아1592 3 38 204000065 205000245 69 
2020-12-31T23:16:31 0 0 경기70아1592 3 38 204000065 206000157 71 
2020-12-31T23:17:30 0 0 경기70아1592 3 39 204000065 206000055 72 
2020-12-31T23:18:30 0 0 경기70아1592 3 39 204000065 206000055 72 
2020-12-31T23:19:29 0 0 경기70아1592 3 39 204000065 206000055 72 
2020-12-31T23:20:29 0 0 경기70아1592 3 38 204000065 206000053 74 
2020-12-31T23:21:29 0 0 경기70아1592 3 38 204000065 206000053 74 
2020-12-31T23:22:29 0 0 경기70아1592 3 38 204000065 206000053 74 
2020-12-31T23:23:29 0 0 경기70아1592 3 38 204000065 206000238 75 
2020-12-31T23:24:29 0 0 경기70아1592 3 38 204000065 206000237 76 
2020-12-31T23:25:29 0 0 경기70아1592 3 38 204000065 206000237 76 
2020-12-31T23:26:28 0 0 경기70아1592 3 38 204000065 206000052 77 
2020-12-31T23:27:28 0 0 경기70아1592 3 38 204000065 206000050 80 
2020-12-31T23:28:27 0 0 경기70아1592 3 38 204000065 206000049 81 
2020-12-31T23:29:26 0 0 경기70아1592 3 38 204000065 206000045 85 
2020-12-31T23:30:25 0 0 경기70아1592 3 38 204000065 206000672 87 
2020-12-31T23:31:25 0 0 경기70아1592 3 38 204000065 206000043 88 
2020-12-31T23:32:24 0 0 경기70아1592 3 38 204000065 206000178 89 
2020-12-31T23:33:23 0 0 경기70아1592 3 38 204000065 206000722 91 
2020-12-31T23:34:22 0 0 경기70아1592 3 38 204000065 206000722 91 
2020-12-31T23:35:22 0 0 경기70아1592 3 38 204000065 206000715 92 
2020-12-31T23:36:22 0 0 경기70아1592 3 38 204000065 206000041 94 
2020-12-31T23:37:21 0 0 경기70아1592 3 39 204000065 206000041 94 
2020-12-31T23:38:21 0 0 경기70아1592 3 39 204000065 206000171 95 
2020-12-31T23:39:21 0 0 경기70아1592 3 39 204000065 206000171 95 
2020-12-31T23:40:20 0 0 경기70아1592 3 39 204000065 206000171 95 
2020-12-31T23:41:20 0 0 경기70아1592 3 39 204000065 206000171 95 
2020-12-31T23:42:20 0 0 경기70아1592 3 39 204000065 206000171 95 
2020-12-31T23:43:19 0 0 경기70아1592 3 39 204000065 206000171 95 
2020-12-31T23:44:19 0 0 경기70아1592 3 39 204000065 206000171 95 
2020-12-31T23:45:19 0 0 경기70아1592 3 39 204000065 206000171 95 
2020-12-31T23:46:19 0 0 경기70아1592 3 39 204000065 206000171 95 
2020-12-31T23:47:18 0 0 경기70아1592 3 39 204000065 206000171 95 
2020-12-31T23:48:17 0 0 경기70아1592 3 39 204000065 206000171 95 
2020-12-31T23:49:17 0 0 경기70아1592 3 39 204000065 206000171 95 
2020-12-31T23:50:17 0 0 경기70아1592 3 39 204000065 206000171 95 
2020-12-31T23:51:17 0 0 경기70아1592 3 39 204000065 206000171 95 
2020-12-31T23:52:16 0 0 경기70아1592 3 39 204000065 206000171 95 
