204000065 2021-01-02T23:56:26.524401+09:00
2021-01-03T06:56:48 0 0 경기70아1592 3 39 204000065 277102558 2 
2021-01-03T06:57:47 0 0 경기70아1592 3 39 204000065 277102470 3 
2021-01-03T06:58:47 0 0 경기70아1592 3 39 204000065 277102470 3 
2021-01-03T06:59:47 0 0 경기70아1592 3 39 204000065 206000334 5 
2021-01-03T07:00:46 0 0 경기70아1592 3 39 204000065 206000714 7 
2021-01-03T07:01:45 0 0 경기70아1592 3 39 204000065 206000714 7 
2021-01-03T07:02:45 0 0 경기70아1592 3 39 204000065 206000714 7 
2021-01-03T07:03:44 0 0 경기70아1592 3 39 204000065 206000721 8 
2021-01-03T07:04:43 0 0 경기70아1592 3 39 204000065 206000723 9 
2021-01-03T07:05:43 0 0 경기70아1592 3 39 204000065 206000249 11 
2021-01-03T07:06:43 0 0 경기70아1592 3 39 204000065 206000038 13 
2021-01-03T07:07:42 0 0 경기70아1592 3 39 204000065 206000036 15 
2021-01-03T07:08:41 0 0 경기70아1592 3 37 204000065 206000035 16 
2021-01-03T07:09:41 0 0 경기70아1592 3 37 204000065 206000034 17 
2021-01-03T07:10:41 0 0 경기70아1592 3 37 204000065 206000033 18 
2021-01-03T07:11:40 0 0 경기70아1592 3 37 204000065 206000033 18 
2021-01-03T07:12:40 0 0 경기70아1592 3 37 204000065 206000031 20 
2021-01-03T07:13:40 0 0 경기70아1592 3 36 204000065 206000030 21 
2021-01-03T07:14:39 0 0 경기70아1592 3 36 204000065 206000030 21 
2021-01-03T07:15:39 0 0 경기70아1592 3 36 204000065 206000030 21 
2021-01-03T07:16:39 0 0 경기70아1592 3 36 204000065 206000318 24 
2021-01-03T07:17:38 0 0 경기70아1592 3 35 204000065 206000317 25 
2021-01-03T07:18:38 0 0 경기70아1592 3 35 204000065 206000317 25 
2021-01-03T07:19:38 0 0 경기70아1592 3 35 204000065 206000027 27 
2021-01-03T07:20:37 0 0 경기70아1592 3 35 204000065 206000226 29 
2021-01-03T07:21:37 0 0 경기70아1592 3 35 204000065 206000226 29 
2021-01-03T07:22:36 0 0 경기70아1592 3 35 204000065 206000784 30 
2021-01-03T07:23:36 0 0 경기70아1592 3 35 204000065 206000784 30 
2021-01-03T07:24:36 0 0 경기70아1592 3 35 204000065 206000784 30 
2021-01-03T07:25:36 0 0 경기70아1592 3 35 204000065 205000029 31 
2021-01-03T07:26:35 0 0 경기70아1592 3 35 204000065 205000029 31 
2021-01-03T07:27:34 0 0 경기70아1592 3 35 204000065 205000029 31 
2021-01-03T07:28:34 0 0 경기70아1592 3 35 204000065 205000029 31 
2021-01-03T07:29:33 0 0 경기70아1592 3 35 204000065 205000069 32 
2021-01-03T07:30:33 0 0 경기70아1592 3 35 204000065 205000069 32 
2021-01-03T07:31:33 0 0 경기70아1592 3 35 204000065 205000069 32 
2021-01-03T07:32:32 0 0 경기70아1592 3 35 204000065 277102622 33 
2021-01-03T07:33:32 0 0 경기70아1592 3 35 204000065 277102622 33 
2021-01-03T07:34:32 0 0 경기70아1592 3 35 204000065 277102622 33 
2021-01-03T07:35:31 0 0 경기70아1592 3 35 204000065 277102622 33 
2021-01-03T07:36:30 0 0 경기70아1592 3 35 204000065 277103419 34 
2021-01-03T07:37:29 0 0 경기70아1592 3 35 204000065 277103419 34 
2021-01-03T07:38:28 0 0 경기70아1592 3 35 204000065 277103419 34 
2021-01-03T07:39:28 0 0 경기70아1592 3 35 204000065 277103421 35 
2021-01-03T07:40:28 0 0 경기70아1592 3 35 204000065 122000288 37 
2021-01-03T07:41:27 0 0 경기70아1592 3 35 204000065 122000258 38 
2021-01-03T07:42:26 0 0 경기70아1592 3 35 204000065 122000258 38 
2021-01-03T07:43:25 0 0 경기70아1592 3 35 204000065 122000258 38 
2021-01-03T07:44:25 0 0 경기70아1592 3 35 204000065 122000291 39 
2021-01-03T07:45:24 0 0 경기70아1592 3 35 204000065 122000291 39 
2021-01-03T07:46:24 0 0 경기70아1592 3 35 204000065 122000137 40 
2021-01-03T07:47:23 0 0 경기70아1592 3 35 204000065 122000386 42 
2021-01-03T07:48:23 0 0 경기70아1592 3 36 204000065 122000139 43 
2021-01-03T07:49:22 0 0 경기70아1592 3 36 204000065 122000094 44 
2021-01-03T07:50:21 0 0 경기70아1592 3 37 204000065 122000085 46 
2021-01-03T07:51:21 0 0 경기70아1592 3 37 204000065 122000069 47 
2021-01-03T07:52:21 0 0 경기70아1592 3 38 204000065 122000066 48 
2021-01-03T07:53:20 0 0 경기70아1592 3 38 204000065 122000066 48 
2021-01-03T07:54:19 0 0 경기70아1592 3 38 204000065 122000066 48 
2021-01-03T07:55:19 0 0 경기70아1592 3 38 204000065 122000066 48 
2021-01-03T07:56:18 0 0 경기70아1592 3 39 204000065 122000559 50 
2021-01-03T07:57:18 0 0 경기70아1592 3 39 204000065 122000078 51 
2021-01-03T07:58:17 0 0 경기70아1592 3 39 204000065 122000078 51 
2021-01-03T07:59:16 0 0 경기70아1592 3 39 204000065 122000079 52 
2021-01-03T08:00:15 0 0 경기70아1592 3 39 204000065 122000079 52 
2021-01-03T08:01:15 0 0 경기70아1592 3 39 204000065 122000079 52 
2021-01-03T08:02:15 0 0 경기70아1592 3 39 204000065 122000079 52 
2021-01-03T08:03:14 0 0 경기70아1592 3 39 204000065 122000079 52 
2021-01-03T08:04:14 0 0 경기70아1592 3 39 204000065 122000079 52 
2021-01-03T08:05:14 0 0 경기70아1592 3 39 204000065 122000079 52 
2021-01-03T08:06:13 0 0 경기70아1592 3 39 204000065 122000065 53 
2021-01-03T08:07:13 0 0 경기70아1592 3 39 204000065 122000637 54 
2021-01-03T08:08:12 0 0 경기70아1592 3 39 204000065 122000068 55 
2021-01-03T08:09:12 0 0 경기70아1592 3 39 204000065 122000068 55 
2021-01-03T08:10:12 0 0 경기70아1592 3 39 204000065 122000086 56 
2021-01-03T08:11:12 0 0 경기70아1592 3 39 204000065 122000095 57 
2021-01-03T08:12:12 0 0 경기70아1592 3 39 204000065 122000096 58 
2021-01-03T08:13:11 0 0 경기70아1592 3 39 204000065 122000330 59 
2021-01-03T08:14:11 0 0 경기70아1592 3 39 204000065 122000142 60 
2021-01-03T08:15:11 0 0 경기70아1592 3 39 204000065 122000142 60 
2021-01-03T08:16:10 0 0 경기70아1592 3 39 204000065 122000133 61 
2021-01-03T08:17:10 0 0 경기70아1592 3 39 204000065 122000256 62 
2021-01-03T08:18:08 0 0 경기70아1592 3 39 204000065 122000257 63 
2021-01-03T08:19:08 0 0 경기70아1592 3 39 204000065 122000257 63 
2021-01-03T08:20:07 0 0 경기70아1592 3 39 204000065 122000286 64 
2021-01-03T08:21:07 0 0 경기70아1592 3 38 204000065 122000285 65 
2021-01-03T08:22:06 0 0 경기70아1592 3 38 204000065 122000285 65 
2021-01-03T08:23:06 0 0 경기70아1592 3 38 204000065 277103420 66 
2021-01-03T08:24:05 0 0 경기70아1592 3 38 204000065 277103420 66 
2021-01-03T08:25:04 0 0 경기70아1592 3 38 204000065 277103420 66 
2021-01-03T08:26:04 0 0 경기70아1592 3 38 204000065 277103418 67 
2021-01-03T08:27:03 0 0 경기70아1592 3 38 204000065 277103418 67 
2021-01-03T08:28:02 0 0 경기70아1592 3 38 204000065 277103418 67 
2021-01-03T08:29:01 0 0 경기70아1592 3 38 204000065 277103418 67 
2021-01-03T08:30:01 0 0 경기70아1592 3 38 204000065 277103418 67 
2021-01-03T08:31:01 0 0 경기70아1592 3 38 204000065 277103418 67 
2021-01-03T08:32:00 0 0 경기70아1592 3 38 204000065 205000207 68 
2021-01-03T08:33:00 0 0 경기70아1592 3 38 204000065 205000207 68 
2021-01-03T08:34:00 0 0 경기70아1592 3 38 204000065 205000245 69 
2021-01-03T08:35:00 0 0 경기70아1592 3 38 204000065 205000245 69 
2021-01-03T08:35:59 0 0 경기70아1592 3 38 204000065 205000245 69 
2021-01-03T08:36:59 0 0 경기70아1592 3 38 204000065 206000157 71 
2021-01-03T08:37:59 0 0 경기70아1592 3 38 204000065 206000055 72 
2021-01-03T08:38:59 0 0 경기70아1592 3 38 204000065 206000054 73 
2021-01-03T08:39:58 0 0 경기70아1592 3 37 204000065 206000054 73 
2021-01-03T08:40:57 0 0 경기70아1592 3 37 204000065 206000054 73 
2021-01-03T08:41:57 0 0 경기70아1592 3 37 204000065 206000053 74 
2021-01-03T08:42:56 0 0 경기70아1592 3 37 204000065 206000053 74 
2021-01-03T08:43:56 0 0 경기70아1592 3 37 204000065 206000053 74 
2021-01-03T08:44:55 0 0 경기70아1592 3 37 204000065 206000238 75 
2021-01-03T08:45:54 0 0 경기70아1592 3 37 204000065 206000238 75 
2021-01-03T08:46:54 0 0 경기70아1592 3 37 204000065 206000237 76 
2021-01-03T08:47:53 0 0 경기70아1592 3 37 204000065 206000051 78 
2021-01-03T08:48:52 0 0 경기70아1592 3 37 204000065 206000050 80 
2021-01-03T08:49:52 0 0 경기70아1592 3 37 204000065 206000047 83 
2021-01-03T08:50:51 0 0 경기70아1592 3 37 204000065 206000046 84 
2021-01-03T08:51:50 0 0 경기70아1592 3 38 204000065 206000046 84 
2021-01-03T08:52:50 0 0 경기70아1592 3 38 204000065 206000044 86 
2021-01-03T08:53:49 0 0 경기70아1592 3 38 204000065 206000672 87 
2021-01-03T08:54:48 0 0 경기70아1592 3 38 204000065 206000672 87 
2021-01-03T08:55:48 0 0 경기70아1592 3 38 204000065 206000178 89 
2021-01-03T08:56:47 0 0 경기70아1592 3 38 204000065 206000178 89 
2021-01-03T08:57:47 0 0 경기70아1592 3 38 204000065 206000724 90 
2021-01-03T08:58:46 0 0 경기70아1592 3 38 204000065 206000722 91 
2021-01-03T08:59:45 0 0 경기70아1592 3 38 204000065 206000722 91 
2021-01-03T09:00:44 0 0 경기70아1592 3 38 204000065 206000715 92 
2021-01-03T09:01:44 0 0 경기70아1592 3 38 204000065 206000711 93 
2021-01-03T09:02:43 0 0 경기70아1592 3 39 204000065 206000711 93 
2021-01-03T09:03:42 0 0 경기70아1592 3 39 204000065 206000041 94 
2021-01-03T09:04:41 0 0 경기70아1592 3 39 204000065 206000041 94 
2021-01-03T11:05:41 0 0 경기70아1592 3 39 204000065 206000721 8 
2021-01-03T11:06:40 0 0 경기70아1592 3 39 204000065 206000723 9 
2021-01-03T11:07:40 0 0 경기70아1592 3 39 204000065 206000327 10 
2021-01-03T11:08:39 0 0 경기70아1592 3 39 204000065 206000038 13 
2021-01-03T11:09:39 0 0 경기70아1592 3 39 204000065 206000037 14 
2021-01-03T11:10:39 0 0 경기70아1592 3 39 204000065 206000036 15 
2021-01-03T11:11:39 0 0 경기70아1592 3 39 204000065 206000034 17 
2021-01-03T11:12:39 0 0 경기70아1592 3 39 204000065 206000034 17 
2021-01-03T11:13:39 0 0 경기70아1592 3 39 204000065 206000033 18 
2021-01-03T11:14:39 0 0 경기70아1592 3 39 204000065 206000033 18 
2021-01-03T11:15:39 0 0 경기70아1592 3 39 204000065 206000031 20 
2021-01-03T11:16:39 0 0 경기70아1592 3 39 204000065 206000030 21 
2021-01-03T11:17:38 0 0 경기70아1592 3 39 204000065 206000030 21 
2021-01-03T11:18:37 0 0 경기70아1592 3 39 204000065 206000030 21 
2021-01-03T11:19:37 0 0 경기70아1592 3 39 204000065 206000383 23 
2021-01-03T11:20:36 0 0 경기70아1592 3 38 204000065 206000318 24 
2021-01-03T11:21:35 0 0 경기70아1592 3 38 204000065 206000318 24 
2021-01-03T11:22:34 0 0 경기70아1592 3 38 204000065 206000318 24 
2021-01-03T11:23:34 0 0 경기70아1592 3 38 204000065 206000317 25 
2021-01-03T11:24:34 0 0 경기70아1592 3 38 204000065 206000027 27 
2021-01-03T11:25:33 0 0 경기70아1592 3 38 204000065 206000027 27 
2021-01-03T11:26:32 0 0 경기70아1592 3 38 204000065 206000227 28 
2021-01-03T11:27:32 0 0 경기70아1592 3 38 204000065 206000226 29 
2021-01-03T11:28:31 0 0 경기70아1592 3 38 204000065 206000226 29 
2021-01-03T11:29:31 0 0 경기70아1592 3 38 204000065 206000226 29 
2021-01-03T11:30:31 0 0 경기70아1592 3 38 204000065 206000226 29 
2021-01-03T11:31:31 0 0 경기70아1592 3 38 204000065 205000029 31 
2021-01-03T11:32:30 0 0 경기70아1592 3 38 204000065 205000029 31 
2021-01-03T11:33:30 0 0 경기70아1592 3 38 204000065 205000029 31 
2021-01-03T11:34:30 0 0 경기70아1592 3 38 204000065 205000029 31 
2021-01-03T11:35:29 0 0 경기70아1592 3 38 204000065 205000029 31 
2021-01-03T11:36:29 0 0 경기70아1592 3 39 204000065 205000069 32 
2021-01-03T11:37:29 0 0 경기70아1592 3 39 204000065 205000069 32 
2021-01-03T11:38:28 0 0 경기70아1592 3 39 204000065 205000069 32 
2021-01-03T11:39:28 0 0 경기70아1592 3 39 204000065 277102622 33 
2021-01-03T11:40:27 0 0 경기70아1592 3 39 204000065 277102622 33 
2021-01-03T11:41:26 0 0 경기70아1592 3 39 204000065 277102622 33 
2021-01-03T11:42:26 0 0 경기70아1592 3 39 204000065 277103419 34 
2021-01-03T11:43:25 0 0 경기70아1592 3 39 204000065 277103419 34 
2021-01-03T11:44:24 0 0 경기70아1592 3 39 204000065 277103419 34 
2021-01-03T11:45:24 0 0 경기70아1592 3 39 204000065 277103419 34 
2021-01-03T11:46:24 0 0 경기70아1592 3 39 204000065 277103421 35 
2021-01-03T11:47:23 0 0 경기70아1592 3 39 204000065 122000287 36 
2021-01-03T11:48:22 0 0 경기70아1592 3 39 204000065 122000288 37 
2021-01-03T11:49:21 0 0 경기70아1592 3 38 204000065 122000288 37 
2021-01-03T11:50:20 0 0 경기70아1592 3 38 204000065 122000258 38 
2021-01-03T11:51:20 0 0 경기70아1592 3 38 204000065 122000258 38 
2021-01-03T11:52:20 0 0 경기70아1592 3 39 204000065 122000258 38 
2021-01-03T11:53:19 0 0 경기70아1592 3 39 204000065 122000291 39 
2021-01-03T11:54:19 0 0 경기70아1592 3 39 204000065 122000137 40 
2021-01-03T11:55:19 0 0 경기70아1592 3 39 204000065 122000137 40 
2021-01-03T11:56:18 0 0 경기70아1592 3 39 204000065 122000137 40 
2021-01-03T11:57:17 0 0 경기70아1592 3 39 204000065 122000386 42 
2021-01-03T11:58:17 0 0 경기70아1592 3 39 204000065 122000139 43 
2021-01-03T11:59:16 0 0 경기70아1592 3 39 204000065 122000139 43 
2021-01-03T12:00:16 0 0 경기70아1592 3 39 204000065 122000094 44 
2021-01-03T12:01:15 0 0 경기70아1592 3 39 204000065 122000094 44 
2021-01-03T12:02:14 0 0 경기70아1592 3 39 204000065 122000089 45 
2021-01-03T12:03:13 0 0 경기70아1592 3 39 204000065 122000085 46 
2021-01-03T12:04:13 0 0 경기70아1592 3 39 204000065 122000066 48 
2021-01-03T12:05:12 0 0 경기70아1592 3 39 204000065 122000064 49 
2021-01-03T12:06:12 0 0 경기70아1592 3 39 204000065 122000064 49 
2021-01-03T12:07:12 0 0 경기70아1592 3 39 204000065 122000559 50 
2021-01-03T12:08:11 0 0 경기70아1592 3 39 204000065 122000559 50 
2021-01-03T12:09:11 0 0 경기70아1592 3 39 204000065 122000078 51 
2021-01-03T12:10:10 0 0 경기70아1592 3 39 204000065 122000078 51 
2021-01-03T12:11:09 0 0 경기70아1592 3 39 204000065 122000079 52 
2021-01-03T12:12:08 0 0 경기70아1592 3 39 204000065 122000079 52 
2021-01-03T12:13:08 0 0 경기70아1592 3 39 204000065 122000079 52 
2021-01-03T12:14:07 0 0 경기70아1592 3 39 204000065 122000079 52 
2021-01-03T12:15:07 0 0 경기70아1592 3 39 204000065 122000079 52 
2021-01-03T12:16:06 0 0 경기70아1592 3 39 204000065 122000079 52 
2021-01-03T12:17:06 0 0 경기70아1592 3 39 204000065 122000065 53 
2021-01-03T12:18:05 0 0 경기70아1592 3 39 204000065 122000068 55 
2021-01-03T12:19:05 0 0 경기70아1592 3 39 204000065 122000068 55 
2021-01-03T12:20:04 0 0 경기70아1592 3 39 204000065 122000068 55 
2021-01-03T12:21:04 0 0 경기70아1592 3 39 204000065 122000095 57 
2021-01-03T12:22:04 0 0 경기70아1592 3 39 204000065 122000096 58 
2021-01-03T12:23:04 0 0 경기70아1592 3 39 204000065 122000096 58 
2021-01-03T12:24:03 0 0 경기70아1592 3 39 204000065 122000330 59 
2021-01-03T12:25:02 0 0 경기70아1592 3 39 204000065 122000330 59 
2021-01-03T12:26:02 0 0 경기70아1592 3 39 204000065 122000330 59 
2021-01-03T12:27:02 0 0 경기70아1592 3 39 204000065 122000142 60 
2021-01-03T12:28:01 0 0 경기70아1592 3 39 204000065 122000142 60 
2021-01-03T12:29:00 0 0 경기70아1592 3 39 204000065 122000133 61 
2021-01-03T12:29:59 0 0 경기70아1592 3 39 204000065 122000133 61 
2021-01-03T12:30:59 0 0 경기70아1592 3 39 204000065 122000133 61 
2021-01-03T12:31:58 0 0 경기70아1592 3 39 204000065 122000256 62 
2021-01-03T12:32:57 0 0 경기70아1592 3 39 204000065 122000256 62 
2021-01-03T12:33:56 0 0 경기70아1592 3 39 204000065 122000257 63 
2021-01-03T12:34:56 0 0 경기70아1592 3 39 204000065 122000257 63 
2021-01-03T12:35:55 0 0 경기70아1592 3 39 204000065 122000257 63 
2021-01-03T12:36:54 0 0 경기70아1592 3 39 204000065 122000286 64 
2021-01-03T12:37:53 0 0 경기70아1592 3 39 204000065 122000285 65 
2021-01-03T12:38:53 0 0 경기70아1592 3 39 204000065 122000285 65 
2021-01-03T12:39:53 0 0 경기70아1592 3 39 204000065 277103420 66 
2021-01-03T12:40:52 0 0 경기70아1592 3 39 204000065 277103420 66 
2021-01-03T12:41:52 0 0 경기70아1592 3 39 204000065 277103420 66 
2021-01-03T12:42:51 0 0 경기70아1592 3 39 204000065 277103420 66 
2021-01-03T12:43:50 0 0 경기70아1592 3 39 204000065 277103418 67 
2021-01-03T12:44:49 0 0 경기70아1592 3 39 204000065 277103418 67 
2021-01-03T12:45:48 0 0 경기70아1592 3 39 204000065 277103418 67 
2021-01-03T12:46:49 0 0 경기70아1592 3 39 204000065 277103418 67 
2021-01-03T12:47:48 0 0 경기70아1592 3 39 204000065 277103418 67 
2021-01-03T12:48:48 0 0 경기70아1592 3 39 204000065 277103418 67 
2021-01-03T12:49:47 0 0 경기70아1592 3 39 204000065 277103418 67 
2021-01-03T12:50:46 0 0 경기70아1592 3 39 204000065 205000207 68 
2021-01-03T12:51:46 0 0 경기70아1592 3 39 204000065 205000207 68 
2021-01-03T12:52:46 0 0 경기70아1592 3 39 204000065 205000207 68 
2021-01-03T12:53:45 0 0 경기70아1592 3 39 204000065 205000207 68 
2021-01-03T12:54:44 0 0 경기70아1592 3 39 204000065 205000207 68 
2021-01-03T12:55:44 0 0 경기70아1592 3 39 204000065 205000245 69 
2021-01-03T12:56:43 0 0 경기70아1592 3 39 204000065 205000245 69 
2021-01-03T12:57:43 0 0 경기70아1592 3 39 204000065 206000361 70 
2021-01-03T12:58:43 0 0 경기70아1592 3 39 204000065 206000157 71 
2021-01-03T12:59:43 0 0 경기70아1592 3 39 204000065 206000157 71 
2021-01-03T13:00:43 0 0 경기70아1592 3 39 204000065 206000157 71 
2021-01-03T13:01:42 0 0 경기70아1592 3 39 204000065 206000157 71 
2021-01-03T13:02:42 0 0 경기70아1592 3 39 204000065 206000054 73 
2021-01-03T13:03:42 0 0 경기70아1592 3 39 204000065 206000053 74 
2021-01-03T13:04:42 0 0 경기70아1592 3 39 204000065 206000053 74 
2021-01-03T13:05:41 0 0 경기70아1592 3 39 204000065 206000238 75 
2021-01-03T13:06:40 0 0 경기70아1592 3 39 204000065 206000238 75 
2021-01-03T13:07:40 0 0 경기70아1592 3 39 204000065 206000237 76 
2021-01-03T13:08:39 0 0 경기70아1592 3 39 204000065 206000052 77 
2021-01-03T13:09:38 0 0 경기70아1592 3 39 204000065 206000051 78 
2021-01-03T13:10:37 0 0 경기70아1592 3 39 204000065 206000128 79 
2021-01-03T13:11:37 0 0 경기70아1592 3 39 204000065 206000128 79 
2021-01-03T13:12:37 0 0 경기70아1592 3 39 204000065 206000050 80 
2021-01-03T13:13:36 0 0 경기70아1592 3 39 204000065 206000049 81 
2021-01-03T13:14:35 0 0 경기70아1592 3 39 204000065 206000047 83 
2021-01-03T13:15:35 0 0 경기70아1592 3 39 204000065 206000046 84 
2021-01-03T13:16:35 0 0 경기70아1592 3 39 204000065 206000044 86 
2021-01-03T13:17:35 0 0 경기70아1592 3 39 204000065 206000672 87 
2021-01-03T13:18:34 0 0 경기70아1592 3 39 204000065 206000672 87 
2021-01-03T13:19:33 0 0 경기70아1592 3 39 204000065 206000043 88 
2021-01-03T13:20:33 0 0 경기70아1592 3 39 204000065 206000178 89 
2021-01-03T13:21:33 0 0 경기70아1592 3 39 204000065 206000178 89 
2021-01-03T13:22:33 0 0 경기70아1592 3 39 204000065 206000724 90 
2021-01-03T13:23:33 0 0 경기70아1592 3 39 204000065 206000722 91 
2021-01-03T13:24:33 0 0 경기70아1592 3 39 204000065 206000722 91 
2021-01-03T13:25:32 0 0 경기70아1592 3 39 204000065 206000722 91 
2021-01-03T13:26:32 0 0 경기70아1592 3 39 204000065 206000711 93 
2021-01-03T13:27:31 0 0 경기70아1592 3 39 204000065 206000041 94 
2021-01-03T13:28:30 0 0 경기70아1592 3 39 204000065 206000041 94 
2021-01-03T13:29:30 0 0 경기70아1592 3 39 204000065 206000171 95 
2021-01-03T15:26:46 0 0 경기70아1592 3 39 204000065 277102470 3 
2021-01-03T15:27:45 0 0 경기70아1592 3 39 204000065 277102470 3 
2021-01-03T15:28:44 0 0 경기70아1592 3 39 204000065 277102470 3 
2021-01-03T15:29:44 0 0 경기70아1592 3 39 204000065 206000334 5 
2021-01-03T15:30:44 0 0 경기70아1592 3 39 204000065 206000714 7 
2021-01-03T15:31:44 0 0 경기70아1592 3 39 204000065 206000714 7 
2021-01-03T15:32:43 0 0 경기70아1592 3 39 204000065 206000714 7 
2021-01-03T15:33:43 0 0 경기70아1592 3 39 204000065 206000723 9 
2021-01-03T15:34:42 0 0 경기70아1592 3 39 204000065 206000723 9 
2021-01-03T15:35:42 0 0 경기70아1592 3 39 204000065 206000327 10 
2021-01-03T15:36:42 0 0 경기70아1592 3 39 204000065 206000249 11 
2021-01-03T15:37:41 0 0 경기70아1592 3 39 204000065 206000039 12 
2021-01-03T15:38:40 0 0 경기70아1592 3 39 204000065 206000037 14 
2021-01-03T15:39:39 0 0 경기70아1592 3 39 204000065 206000037 14 
2021-01-03T15:40:38 0 0 경기70아1592 3 39 204000065 206000036 15 
2021-01-03T15:41:38 0 0 경기70아1592 3 38 204000065 206000034 17 
2021-01-03T15:42:38 0 0 경기70아1592 3 38 204000065 206000034 17 
2021-01-03T15:43:38 0 0 경기70아1592 3 38 204000065 206000033 18 
2021-01-03T15:44:37 0 0 경기70아1592 3 38 204000065 206000033 18 
2021-01-03T15:45:36 0 0 경기70아1592 3 38 204000065 206000032 19 
2021-01-03T15:46:36 0 0 경기70아1592 3 38 204000065 206000032 19 
2021-01-03T15:47:36 0 0 경기70아1592 3 37 204000065 206000031 20 
2021-01-03T15:48:36 0 0 경기70아1592 3 37 204000065 206000030 21 
2021-01-03T15:49:35 0 0 경기70아1592 3 37 204000065 206000029 22 
2021-01-03T15:50:35 0 0 경기70아1592 3 37 204000065 206000318 24 
2021-01-03T15:51:34 0 0 경기70아1592 3 37 204000065 206000317 25 
2021-01-03T15:52:34 0 0 경기70아1592 3 37 204000065 206000027 27 
2021-01-03T15:53:34 0 0 경기70아1592 3 38 204000065 206000227 28 
2021-01-03T15:54:34 0 0 경기70아1592 3 38 204000065 206000227 28 
2021-01-03T15:55:33 0 0 경기70아1592 3 38 204000065 206000227 28 
2021-01-03T15:56:32 0 0 경기70아1592 3 37 204000065 206000226 29 
2021-01-03T15:57:31 0 0 경기70아1592 3 37 204000065 206000226 29 
2021-01-03T15:58:30 0 0 경기70아1592 3 37 204000065 206000784 30 
2021-01-03T15:59:30 0 0 경기70아1592 3 37 204000065 205000029 31 
2021-01-03T16:00:29 0 0 경기70아1592 3 37 204000065 205000029 31 
2021-01-03T16:01:29 0 0 경기70아1592 3 37 204000065 205000029 31 
2021-01-03T16:02:28 0 0 경기70아1592 3 37 204000065 205000069 32 
2021-01-03T16:03:28 0 0 경기70아1592 3 37 204000065 205000069 32 
2021-01-03T16:04:27 0 0 경기70아1592 3 37 204000065 205000069 32 
2021-01-03T16:05:26 0 0 경기70아1592 3 37 204000065 205000069 32 
2021-01-03T16:06:26 0 0 경기70아1592 3 37 204000065 277102622 33 
2021-01-03T16:07:26 0 0 경기70아1592 3 37 204000065 277102622 33 
2021-01-03T16:08:25 0 0 경기70아1592 3 37 204000065 277102622 33 
2021-01-03T16:09:24 0 0 경기70아1592 3 37 204000065 277102622 33 
2021-01-03T16:10:23 0 0 경기70아1592 3 37 204000065 277103419 34 
2021-01-03T16:11:22 0 0 경기70아1592 3 37 204000065 277103419 34 
2021-01-03T16:12:22 0 0 경기70아1592 3 37 204000065 277103419 34 
2021-01-03T16:13:22 0 0 경기70아1592 3 37 204000065 277103421 35 
2021-01-03T16:14:22 0 0 경기70아1592 3 37 204000065 122000287 36 
2021-01-03T16:15:21 0 0 경기70아1592 3 37 204000065 122000288 37 
2021-01-03T16:16:20 0 0 경기70아1592 3 37 204000065 122000288 37 
2021-01-03T16:17:19 0 0 경기70아1592 3 37 204000065 122000258 38 
2021-01-03T16:18:19 0 0 경기70아1592 3 37 204000065 122000258 38 
2021-01-03T16:19:19 0 0 경기70아1592 3 37 204000065 122000291 39 
2021-01-03T16:20:19 0 0 경기70아1592 3 37 204000065 122000291 39 
2021-01-03T16:21:18 0 0 경기70아1592 3 37 204000065 122000386 42 
2021-01-03T16:22:18 0 0 경기70아1592 3 38 204000065 122000139 43 
2021-01-03T16:23:18 0 0 경기70아1592 3 38 204000065 122000139 43 
2021-01-03T16:24:17 0 0 경기70아1592 3 38 204000065 122000094 44 
2021-01-03T16:25:16 0 0 경기70아1592 3 38 204000065 122000094 44 
2021-01-03T16:26:16 0 0 경기70아1592 3 38 204000065 122000089 45 
2021-01-03T16:27:16 0 0 경기70아1592 3 39 204000065 122000066 48 
2021-01-03T16:28:16 0 0 경기70아1592 3 39 204000065 122000066 48 
2021-01-03T16:29:15 0 0 경기70아1592 3 39 204000065 122000064 49 
2021-01-03T16:30:15 0 0 경기70아1592 3 39 204000065 122000064 49 
2021-01-03T16:31:15 0 0 경기70아1592 3 39 204000065 122000559 50 
2021-01-03T16:32:15 0 0 경기70아1592 3 39 204000065 122000078 51 
2021-01-03T16:33:14 0 0 경기70아1592 3 39 204000065 122000078 51 
2021-01-03T16:34:15 0 0 경기70아1592 3 39 204000065 122000079 52 
2021-01-03T16:35:15 0 0 경기70아1592 3 39 204000065 122000079 52 
2021-01-03T16:36:14 0 0 경기70아1592 3 39 204000065 122000637 54 
2021-01-03T16:37:14 0 0 경기70아1592 3 39 204000065 122000068 55 
2021-01-03T16:38:14 0 0 경기70아1592 3 39 204000065 122000068 55 
2021-01-03T16:39:13 0 0 경기70아1592 3 39 204000065 122000095 57 
2021-01-03T16:40:13 0 0 경기70아1592 3 39 204000065 122000095 57 
2021-01-03T16:41:13 0 0 경기70아1592 3 39 204000065 122000096 58 
2021-01-03T16:42:13 0 0 경기70아1592 3 39 204000065 122000096 58 
2021-01-03T16:43:12 0 0 경기70아1592 3 38 204000065 122000330 59 
2021-01-03T16:44:11 0 0 경기70아1592 3 38 204000065 122000330 59 
2021-01-03T16:45:11 0 0 경기70아1592 3 38 204000065 122000142 60 
2021-01-03T16:46:11 0 0 경기70아1592 3 38 204000065 122000133 61 
2021-01-03T16:47:11 0 0 경기70아1592 3 38 204000065 122000133 61 
2021-01-03T16:48:10 0 0 경기70아1592 3 38 204000065 122000256 62 
2021-01-03T16:49:10 0 0 경기70아1592 3 38 204000065 122000257 63 
2021-01-03T16:50:10 0 0 경기70아1592 3 38 204000065 122000257 63 
2021-01-03T16:51:09 0 0 경기70아1592 3 38 204000065 122000257 63 
2021-01-03T16:52:09 0 0 경기70아1592 3 38 204000065 122000257 63 
2021-01-03T16:53:09 0 0 경기70아1592 3 38 204000065 122000257 63 
2021-01-03T16:54:08 0 0 경기70아1592 3 38 204000065 122000285 65 
2021-01-03T16:55:08 0 0 경기70아1592 3 38 204000065 122000285 65 
2021-01-03T16:56:08 0 0 경기70아1592 3 38 204000065 277103420 66 
2021-01-03T16:57:08 0 0 경기70아1592 3 38 204000065 277103420 66 
2021-01-03T16:58:07 0 0 경기70아1592 3 38 204000065 277103420 66 
2021-01-03T16:59:07 0 0 경기70아1592 3 38 204000065 277103418 67 
2021-01-03T17:00:07 0 0 경기70아1592 3 38 204000065 277103418 67 
2021-01-03T17:01:06 0 0 경기70아1592 3 38 204000065 277103418 67 
2021-01-03T17:02:06 0 0 경기70아1592 3 38 204000065 277103418 67 
2021-01-03T17:03:05 0 0 경기70아1592 3 38 204000065 277103418 67 
2021-01-03T17:04:05 0 0 경기70아1592 3 39 204000065 205000207 68 
2021-01-03T17:05:05 0 0 경기70아1592 3 39 204000065 205000207 68 
2021-01-03T17:06:05 0 0 경기70아1592 3 39 204000065 205000207 68 
2021-01-03T17:07:05 0 0 경기70아1592 3 39 204000065 205000245 69 
2021-01-03T17:08:04 0 0 경기70아1592 3 39 204000065 205000245 69 
2021-01-03T17:09:04 0 0 경기70아1592 3 39 204000065 205000245 69 
2021-01-03T17:10:03 0 0 경기70아1592 3 39 204000065 206000157 71 
2021-01-03T17:11:03 0 0 경기70아1592 3 39 204000065 206000055 72 
2021-01-03T17:12:03 0 0 경기70아1592 3 39 204000065 206000053 74 
2021-01-03T17:13:03 0 0 경기70아1592 3 39 204000065 206000053 74 
2021-01-03T17:14:03 0 0 경기70아1592 3 39 204000065 206000053 74 
2021-01-03T17:15:02 0 0 경기70아1592 3 39 204000065 206000237 76 
2021-01-03T17:16:02 0 0 경기70아1592 3 39 204000065 206000237 76 
2021-01-03T17:17:02 0 0 경기70아1592 3 39 204000065 206000052 77 
2021-01-03T17:18:01 0 0 경기70아1592 3 39 204000065 206000128 79 
2021-01-03T17:19:01 0 0 경기70아1592 3 39 204000065 206000049 81 
2021-01-03T17:20:01 0 0 경기70아1592 3 39 204000065 206000047 83 
2021-01-03T17:21:01 0 0 경기70아1592 3 39 204000065 206000672 87 
2021-01-03T17:22:01 0 0 경기70아1592 3 39 204000065 206000672 87 
2021-01-03T17:23:00 0 0 경기70아1592 3 39 204000065 206000178 89 
2021-01-03T17:24:00 0 0 경기70아1592 3 39 204000065 206000724 90 
2021-01-03T17:24:59 0 0 경기70아1592 3 39 204000065 206000724 90 
2021-01-03T17:25:59 0 0 경기70아1592 3 39 204000065 206000722 91 
2021-01-03T17:26:58 0 0 경기70아1592 3 39 204000065 206000722 91 
2021-01-03T17:27:58 0 0 경기70아1592 3 39 204000065 206000711 93 
2021-01-03T17:28:58 0 0 경기70아1592 3 39 204000065 206000041 94 
2021-01-03T17:29:58 0 0 경기70아1592 3 39 204000065 206000171 95 
2021-01-03T17:30:57 0 0 경기70아1592 3 39 204000065 206000171 95 
2021-01-03T17:31:57 0 0 경기70아1592 3 39 204000065 206000171 95 
2021-01-03T17:32:57 0 0 경기70아1592 3 39 204000065 206000171 95 
2021-01-03T17:33:57 0 0 경기70아1592 3 39 204000065 206000171 95 
2021-01-03T17:34:56 0 0 경기70아1592 3 39 204000065 206000171 95 
2021-01-03T17:35:55 0 0 경기70아1592 3 39 204000065 206000171 95 
2021-01-03T17:36:54 0 0 경기70아1592 3 39 204000065 206000171 95 
2021-01-03T17:37:54 0 0 경기70아1592 3 39 204000065 206000171 95 
2021-01-03T17:38:53 0 0 경기70아1592 3 39 204000065 206000171 95 
2021-01-03T17:39:53 0 0 경기70아1592 3 39 204000065 206000171 95 
2021-01-03T17:40:52 0 0 경기70아1592 3 39 204000065 206000171 95 
2021-01-03T17:41:52 0 0 경기70아1592 3 39 204000065 206000171 95 
2021-01-03T17:42:51 0 0 경기70아1592 3 39 204000065 206000171 95 
2021-01-03T17:43:51 0 0 경기70아1592 3 39 204000065 206000171 95 
2021-01-03T19:04:24 0 0 경기70아1592 3 39 204000065 206000714 7 
2021-01-03T19:05:23 0 0 경기70아1592 3 39 204000065 206000714 7 
2021-01-03T19:06:23 0 0 경기70아1592 3 39 204000065 206000723 9 
2021-01-03T19:07:23 0 0 경기70아1592 3 39 204000065 206000723 9 
2021-01-03T19:08:22 0 0 경기70아1592 3 39 204000065 206000249 11 
2021-01-03T19:09:21 0 0 경기70아1592 3 39 204000065 206000039 12 
2021-01-03T19:10:21 0 0 경기70아1592 3 39 204000065 206000036 15 
2021-01-03T19:11:20 0 0 경기70아1592 3 39 204000065 206000034 17 
2021-01-03T19:12:20 0 0 경기70아1592 3 39 204000065 206000034 17 
2021-01-03T19:13:19 0 0 경기70아1592 3 39 204000065 206000033 18 
2021-01-03T19:14:19 0 0 경기70아1592 3 39 204000065 206000033 18 
2021-01-03T19:15:19 0 0 경기70아1592 3 39 204000065 206000031 20 
2021-01-03T19:16:18 0 0 경기70아1592 3 39 204000065 206000029 22 
2021-01-03T19:17:18 0 0 경기70아1592 3 39 204000065 206000318 24 
2021-01-03T19:18:18 0 0 경기70아1592 3 39 204000065 206000317 25 
2021-01-03T19:19:18 0 0 경기70아1592 3 39 204000065 206000027 27 
2021-01-03T19:20:17 0 0 경기70아1592 3 39 204000065 206000227 28 
2021-01-03T19:21:17 0 0 경기70아1592 3 39 204000065 206000226 29 
2021-01-03T19:22:17 0 0 경기70아1592 3 39 204000065 206000784 30 
2021-01-03T19:23:17 0 0 경기70아1592 3 39 204000065 206000784 30 
2021-01-03T19:24:16 0 0 경기70아1592 3 39 204000065 206000784 30 
2021-01-03T19:25:15 0 0 경기70아1592 3 39 204000065 205000029 31 
2021-01-03T19:26:15 0 0 경기70아1592 3 39 204000065 205000029 31 
2021-01-03T19:27:14 0 0 경기70아1592 3 39 204000065 205000029 31 
2021-01-03T19:28:14 0 0 경기70아1592 3 39 204000065 205000069 32 
2021-01-03T19:29:13 0 0 경기70아1592 3 39 204000065 205000069 32 
2021-01-03T19:30:13 0 0 경기70아1592 3 39 204000065 277102622 33 
2021-01-03T19:31:13 0 0 경기70아1592 3 39 204000065 277102622 33 
2021-01-03T19:32:13 0 0 경기70아1592 3 39 204000065 277102622 33 
2021-01-03T19:33:13 0 0 경기70아1592 3 39 204000065 277103419 34 
2021-01-03T19:34:13 0 0 경기70아1592 3 39 204000065 277103419 34 
2021-01-03T19:35:12 0 0 경기70아1592 3 39 204000065 277103419 34 
2021-01-03T19:36:12 0 0 경기70아1592 3 39 204000065 277103419 34 
2021-01-03T19:37:12 0 0 경기70아1592 3 39 204000065 277103421 35 
2021-01-03T19:38:12 0 0 경기70아1592 3 39 204000065 277103421 35 
2021-01-03T19:39:11 0 0 경기70아1592 3 39 204000065 122000288 37 
2021-01-03T19:40:11 0 0 경기70아1592 3 39 204000065 122000258 38 
2021-01-03T19:41:11 0 0 경기70아1592 3 39 204000065 122000258 38 
2021-01-03T19:42:11 0 0 경기70아1592 3 39 204000065 122000291 39 
2021-01-03T19:43:11 0 0 경기70아1592 3 39 204000065 122000291 39 
2021-01-03T19:44:11 0 0 경기70아1592 3 39 204000065 122000386 42 
2021-01-03T19:45:10 0 0 경기70아1592 3 39 204000065 122000386 42 
2021-01-03T19:46:11 0 0 경기70아1592 3 39 204000065 122000139 43 
2021-01-03T19:47:11 0 0 경기70아1592 3 39 204000065 122000094 44 
2021-01-03T19:48:10 0 0 경기70아1592 3 39 204000065 122000094 44 
2021-01-03T19:49:10 0 0 경기70아1592 3 39 204000065 122000085 46 
2021-01-03T19:50:10 0 0 경기70아1592 3 39 204000065 122000066 48 
2021-01-03T19:51:10 0 0 경기70아1592 3 39 204000065 122000064 49 
2021-01-03T19:52:09 0 0 경기70아1592 3 39 204000065 122000064 49 
2021-01-03T19:53:08 0 0 경기70아1592 3 39 204000065 122000064 49 
2021-01-03T19:54:08 0 0 경기70아1592 3 39 204000065 122000559 50 
2021-01-03T19:55:08 0 0 경기70아1592 3 39 204000065 122000078 51 
2021-01-03T19:56:07 0 0 경기70아1592 3 39 204000065 122000078 51 
2021-01-03T19:57:07 0 0 경기70아1592 3 39 204000065 122000079 52 
2021-01-03T19:58:07 0 0 경기70아1592 3 39 204000065 122000079 52 
2021-01-03T19:59:06 0 0 경기70아1592 3 39 204000065 122000079 52 
2021-01-03T20:00:06 0 0 경기70아1592 3 39 204000065 122000079 52 
2021-01-03T20:01:06 0 0 경기70아1592 3 39 204000065 122000079 52 
2021-01-03T20:02:05 0 0 경기70아1592 3 39 204000065 122000065 53 
2021-01-03T20:03:05 0 0 경기70아1592 3 39 204000065 122000065 53 
2021-01-03T20:04:05 0 0 경기70아1592 3 39 204000065 122000637 54 
2021-01-03T20:05:04 0 0 경기70아1592 3 39 204000065 122000068 55 
2021-01-03T20:06:03 0 0 경기70아1592 3 39 204000065 122000068 55 
2021-01-03T20:07:03 0 0 경기70아1592 3 39 204000065 122000086 56 
2021-01-03T20:08:02 0 0 경기70아1592 3 39 204000065 122000095 57 
2021-01-03T20:09:02 0 0 경기70아1592 3 39 204000065 122000096 58 
2021-01-03T20:10:02 0 0 경기70아1592 3 38 204000065 122000096 58 
2021-01-03T20:11:01 0 0 경기70아1592 3 38 204000065 122000096 58 
2021-01-03T20:12:01 0 0 경기70아1592 3 38 204000065 122000330 59 
2021-01-03T20:13:00 0 0 경기70아1592 3 38 204000065 122000330 59 
2021-01-03T20:14:00 0 0 경기70아1592 3 38 204000065 122000142 60 
2021-01-03T20:15:00 0 0 경기70아1592 3 38 204000065 122000142 60 
2021-01-03T20:15:59 0 0 경기70아1592 3 38 204000065 122000142 60 
2021-01-03T20:16:59 0 0 경기70아1592 3 38 204000065 122000133 61 
2021-01-03T20:17:59 0 0 경기70아1592 3 38 204000065 122000133 61 
2021-01-03T20:18:58 0 0 경기70아1592 3 38 204000065 122000256 62 
2021-01-03T20:19:58 0 0 경기70아1592 3 38 204000065 122000257 63 
2021-01-03T20:20:58 0 0 경기70아1592 3 38 204000065 122000257 63 
2021-01-03T20:21:57 0 0 경기70아1592 3 38 204000065 122000257 63 
2021-01-03T20:22:57 0 0 경기70아1592 3 38 204000065 122000257 63 
2021-01-03T20:23:57 0 0 경기70아1592 3 38 204000065 122000285 65 
2021-01-03T20:24:57 0 0 경기70아1592 3 38 204000065 122000285 65 
2021-01-03T20:25:57 0 0 경기70아1592 3 38 204000065 277103420 66 
2021-01-03T20:27:06 0 0 경기70아1592 3 38 204000065 277103420 66 
2021-01-03T20:27:56 0 0 경기70아1592 3 38 204000065 277103420 66 
2021-01-03T20:28:55 0 0 경기70아1592 3 38 204000065 277103418 67 
2021-01-03T20:29:54 0 0 경기70아1592 3 38 204000065 277103418 67 
2021-01-03T20:30:54 0 0 경기70아1592 3 38 204000065 277103418 67 
2021-01-03T20:31:54 0 0 경기70아1592 3 38 204000065 277103418 67 
2021-01-03T20:32:53 0 0 경기70아1592 3 38 204000065 277103418 67 
2021-01-03T20:33:52 0 0 경기70아1592 3 38 204000065 205000207 68 
2021-01-03T20:34:52 0 0 경기70아1592 3 38 204000065 205000207 68 
2021-01-03T20:35:52 0 0 경기70아1592 3 38 204000065 205000207 68 
2021-01-03T20:36:52 0 0 경기70아1592 3 38 204000065 206000361 70 
2021-01-03T20:37:51 0 0 경기70아1592 3 38 204000065 206000157 71 
2021-01-03T20:38:51 0 0 경기70아1592 3 38 204000065 206000157 71 
2021-01-03T20:39:50 0 0 경기70아1592 3 38 204000065 206000157 71 
2021-01-03T20:40:49 0 0 경기70아1592 3 38 204000065 206000055 72 
2021-01-03T20:41:49 0 0 경기70아1592 3 38 204000065 206000053 74 
2021-01-03T20:42:48 0 0 경기70아1592 3 38 204000065 206000053 74 
2021-01-03T20:43:48 0 0 경기70아1592 3 38 204000065 206000053 74 
2021-01-03T20:44:48 0 0 경기70아1592 3 39 204000065 206000238 75 
2021-01-03T20:45:47 0 0 경기70아1592 3 39 204000065 206000238 75 
2021-01-03T20:46:47 0 0 경기70아1592 3 39 204000065 206000237 76 
2021-01-03T20:47:47 0 0 경기70아1592 3 39 204000065 206000051 78 
2021-01-03T20:48:46 0 0 경기70아1592 3 39 204000065 206000049 81 
2021-01-03T20:49:46 0 0 경기70아1592 3 39 204000065 206000047 83 
2021-01-03T20:50:45 0 0 경기70아1592 3 39 204000065 206000044 86 
2021-01-03T20:51:45 0 0 경기70아1592 3 39 204000065 206000672 87 
2021-01-03T20:52:44 0 0 경기70아1592 3 39 204000065 206000178 89 
2021-01-03T20:53:44 0 0 경기70아1592 3 39 204000065 206000178 89 
2021-01-03T20:54:44 0 0 경기70아1592 3 39 204000065 206000724 90 
2021-01-03T20:55:43 0 0 경기70아1592 3 39 204000065 206000722 91 
2021-01-03T20:56:43 0 0 경기70아1592 3 39 204000065 206000722 91 
2021-01-03T20:57:43 0 0 경기70아1592 3 39 204000065 206000715 92 
2021-01-03T20:58:43 0 0 경기70아1592 3 39 204000065 206000041 94 
2021-01-03T21:54:22 0 0 경기70아1592 3 39 204000065 277102470 3 
2021-01-03T21:55:22 0 0 경기70아1592 3 39 204000065 277102470 3 
2021-01-03T21:56:21 0 0 경기70아1592 3 39 204000065 206000334 5 
2021-01-03T21:57:20 0 0 경기70아1592 3 39 204000065 206000334 5 
2021-01-03T21:58:20 0 0 경기70아1592 3 39 204000065 206000714 7 
2021-01-03T21:59:20 0 0 경기70아1592 3 39 204000065 206000721 8 
2021-01-03T22:00:20 0 0 경기70아1592 3 39 204000065 206000723 9 
2021-01-03T22:01:19 0 0 경기70아1592 3 39 204000065 206000327 10 
2021-01-03T22:02:19 0 0 경기70아1592 3 39 204000065 206000039 12 
2021-01-03T22:03:18 0 0 경기70아1592 3 38 204000065 206000037 14 
2021-01-03T22:04:18 0 0 경기70아1592 3 38 204000065 206000036 15 
2021-01-03T22:05:17 0 0 경기70아1592 3 38 204000065 206000033 18 
2021-01-03T22:06:17 0 0 경기70아1592 3 38 204000065 206000031 20 
2021-01-03T22:07:17 0 0 경기70아1592 3 38 204000065 206000383 23 
2021-01-03T22:08:17 0 0 경기70아1592 3 38 204000065 206000317 25 
2021-01-03T22:09:16 0 0 경기70아1592 3 38 204000065 206000317 25 
2021-01-03T22:10:16 0 0 경기70아1592 3 38 204000065 206000027 27 
2021-01-03T22:11:16 0 0 경기70아1592 3 38 204000065 206000227 28 
2021-01-03T22:12:15 0 0 경기70아1592 3 38 204000065 206000227 28 
2021-01-03T22:13:15 0 0 경기70아1592 3 38 204000065 206000227 28 
2021-01-03T22:14:14 0 0 경기70아1592 3 38 204000065 206000226 29 
2021-01-03T22:15:13 0 0 경기70아1592 3 38 204000065 206000226 29 
2021-01-03T22:16:12 0 0 경기70아1592 3 38 204000065 205000029 31 
2021-01-03T22:17:12 0 0 경기70아1592 3 38 204000065 205000029 31 
2021-01-03T22:18:11 0 0 경기70아1592 3 38 204000065 205000029 31 
2021-01-03T22:19:11 0 0 경기70아1592 3 38 204000065 205000029 31 
2021-01-03T22:20:10 0 0 경기70아1592 3 38 204000065 205000029 31 
2021-01-03T22:21:10 0 0 경기70아1592 3 38 204000065 205000029 31 
2021-01-03T22:22:10 0 0 경기70아1592 3 37 204000065 205000069 32 
2021-01-03T22:23:09 0 0 경기70아1592 3 37 204000065 277102622 33 
2021-01-03T22:24:08 0 0 경기70아1592 3 37 204000065 277102622 33 
2021-01-03T22:25:08 0 0 경기70아1592 3 37 204000065 277102622 33 
2021-01-03T22:26:07 0 0 경기70아1592 3 37 204000065 277102622 33 
2021-01-03T22:27:06 0 0 경기70아1592 3 37 204000065 277103419 34 
2021-01-03T22:28:06 0 0 경기70아1592 3 37 204000065 277103419 34 
2021-01-03T22:29:05 0 0 경기70아1592 3 37 204000065 277103421 35 
2021-01-03T22:30:05 0 0 경기70아1592 3 37 204000065 277103421 35 
2021-01-03T22:31:05 0 0 경기70아1592 3 37 204000065 122000287 36 
2021-01-03T22:32:04 0 0 경기70아1592 3 38 204000065 122000288 37 
2021-01-03T22:33:03 0 0 경기70아1592 3 38 204000065 122000288 37 
2021-01-03T22:34:03 0 0 경기70아1592 3 38 204000065 122000258 38 
2021-01-03T22:35:03 0 0 경기70아1592 3 38 204000065 122000291 39 
2021-01-03T22:36:02 0 0 경기70아1592 3 38 204000065 122000291 39 
2021-01-03T22:37:02 0 0 경기70아1592 3 38 204000065 122000137 40 
2021-01-03T22:38:02 0 0 경기70아1592 3 38 204000065 122000386 42 
2021-01-03T22:39:02 0 0 경기70아1592 3 39 204000065 122000139 43 
2021-01-03T22:40:01 0 0 경기70아1592 3 39 204000065 122000139 43 
2021-01-03T22:41:00 0 0 경기70아1592 3 39 204000065 122000089 45 
2021-01-03T22:41:59 0 0 경기70아1592 3 39 204000065 122000066 48 
2021-01-03T22:42:59 0 0 경기70아1592 3 39 204000065 122000066 48 
2021-01-03T22:43:59 0 0 경기70아1592 3 39 204000065 122000066 48 
2021-01-03T22:44:58 0 0 경기70아1592 3 39 204000065 122000066 48 
2021-01-03T22:45:58 0 0 경기70아1592 3 39 204000065 122000064 49 
2021-01-03T22:46:57 0 0 경기70아1592 3 39 204000065 122000559 50 
2021-01-03T22:47:56 0 0 경기70아1592 3 39 204000065 122000078 51 
2021-01-03T22:48:55 0 0 경기70아1592 3 39 204000065 122000078 51 
2021-01-03T22:49:55 0 0 경기70아1592 3 39 204000065 122000079 52 
2021-01-03T22:50:54 0 0 경기70아1592 3 39 204000065 122000079 52 
2021-01-03T22:51:54 0 0 경기70아1592 3 39 204000065 122000079 52 
2021-01-03T22:52:54 0 0 경기70아1592 3 39 204000065 122000065 53 
2021-01-03T22:53:54 0 0 경기70아1592 3 39 204000065 122000068 55 
2021-01-03T22:54:53 0 0 경기70아1592 3 39 204000065 122000086 56 
2021-01-03T22:55:53 0 0 경기70아1592 3 39 204000065 122000096 58 
2021-01-03T22:56:52 0 0 경기70아1592 3 39 204000065 122000330 59 
2021-01-03T22:57:52 0 0 경기70아1592 3 39 204000065 122000142 60 
2021-01-03T22:58:52 0 0 경기70아1592 3 39 204000065 122000133 61 
2021-01-03T22:59:52 0 0 경기70아1592 3 39 204000065 122000133 61 
2021-01-03T23:00:52 0 0 경기70아1592 3 39 204000065 122000256 62 
2021-01-03T23:01:51 0 0 경기70아1592 3 39 204000065 122000257 63 
2021-01-03T23:02:51 0 0 경기70아1592 3 39 204000065 122000257 63 
2021-01-03T23:03:50 0 0 경기70아1592 3 39 204000065 122000257 63 
2021-01-03T23:04:50 0 0 경기70아1592 3 39 204000065 122000285 65 
2021-01-03T23:05:50 0 0 경기70아1592 3 39 204000065 122000285 65 
2021-01-03T23:06:49 0 0 경기70아1592 3 39 204000065 277103420 66 
2021-01-03T23:07:49 0 0 경기70아1592 3 39 204000065 277103420 66 
2021-01-03T23:08:48 0 0 경기70아1592 3 39 204000065 277103420 66 
2021-01-03T23:09:47 0 0 경기70아1592 3 39 204000065 277103418 67 
2021-01-03T23:10:46 0 0 경기70아1592 3 39 204000065 277103418 67 
2021-01-03T23:11:46 0 0 경기70아1592 3 39 204000065 277103418 67 
2021-01-03T23:12:46 0 0 경기70아1592 3 39 204000065 277103418 67 
2021-01-03T23:13:45 0 0 경기70아1592 3 39 204000065 277103418 67 
2021-01-03T23:14:45 0 0 경기70아1592 3 39 204000065 205000207 68 
2021-01-03T23:15:45 0 0 경기70아1592 3 39 204000065 205000207 68 
2021-01-03T23:16:44 0 0 경기70아1592 3 39 204000065 205000207 68 
2021-01-03T23:17:43 0 0 경기70아1592 3 39 204000065 205000207 68 
2021-01-03T23:18:43 0 0 경기70아1592 3 39 204000065 205000245 69 
2021-01-03T23:19:42 0 0 경기70아1592 3 39 204000065 206000157 71 
2021-01-03T23:20:42 0 0 경기70아1592 3 39 204000065 206000054 73 
2021-01-03T23:21:41 0 0 경기70아1592 3 39 204000065 206000053 74 
2021-01-03T23:22:40 0 0 경기70아1592 3 39 204000065 206000053 74 
2021-01-03T23:23:40 0 0 경기70아1592 3 39 204000065 206000237 76 
2021-01-03T23:24:39 0 0 경기70아1592 3 39 204000065 206000237 76 
2021-01-03T23:25:39 0 0 경기70아1592 3 39 204000065 206000052 77 
2021-01-03T23:26:38 0 0 경기70아1592 3 39 204000065 206000052 77 
2021-01-03T23:27:37 0 0 경기70아1592 3 39 204000065 206000050 80 
2021-01-03T23:28:37 0 0 경기70아1592 3 39 204000065 206000048 82 
2021-01-03T23:29:36 0 0 경기70아1592 3 39 204000065 206000672 87 
2021-01-03T23:30:36 0 0 경기70아1592 3 39 204000065 206000672 87 
2021-01-03T23:31:35 0 0 경기70아1592 3 39 204000065 206000178 89 
2021-01-03T23:32:35 0 0 경기70아1592 3 39 204000065 206000724 90 
2021-01-03T23:33:34 0 0 경기70아1592 3 39 204000065 206000722 91 
2021-01-03T23:34:34 0 0 경기70아1592 3 39 204000065 206000715 92 
2021-01-03T23:35:33 0 0 경기70아1592 3 39 204000065 206000711 93 
2021-01-03T23:36:33 0 0 경기70아1592 3 39 204000065 206000041 94 
2021-01-03T23:37:32 0 0 경기70아1592 3 39 204000065 206000041 94 
2021-01-03T23:38:31 0 0 경기70아1592 3 39 204000065 206000171 95 
2021-01-03T23:39:30 0 0 경기70아1592 3 39 204000065 206000171 95 
2021-01-03T23:40:30 0 0 경기70아1592 3 39 204000065 206000171 95 
2021-01-03T23:41:30 0 0 경기70아1592 3 39 204000065 206000171 95 
2021-01-03T23:42:29 0 0 경기70아1592 3 39 204000065 206000171 95 
2021-01-03T23:43:29 0 0 경기70아1592 3 39 204000065 206000171 95 
2021-01-03T23:44:28 0 0 경기70아1592 3 39 204000065 206000171 95 
2021-01-03T23:45:28 0 0 경기70아1592 3 39 204000065 206000171 95 
2021-01-03T23:46:27 0 0 경기70아1592 3 39 204000065 206000171 95 
2021-01-03T23:47:26 0 0 경기70아1592 3 39 204000065 206000171 95 
2021-01-03T23:48:25 0 0 경기70아1592 3 39 204000065 206000171 95 
2021-01-03T23:49:25 0 0 경기70아1592 3 39 204000065 206000171 95 
2021-01-03T23:50:24 0 0 경기70아1592 3 39 204000065 206000171 95 
2021-01-03T23:51:24 0 0 경기70아1592 3 39 204000065 206000171 95 
2021-01-03T23:52:24 0 0 경기70아1592 3 39 204000065 206000171 95 
