204000065 2021-01-01T23:59:38.429470+09:00
2021-01-02T06:56:53 0 0 경기70아1592 3 39 204000065 206000334 5 
2021-01-02T06:57:52 0 0 경기70아1592 3 39 204000065 206000334 5 
2021-01-02T06:58:52 0 0 경기70아1592 3 39 204000065 206000334 5 
2021-01-02T06:59:51 0 0 경기70아1592 3 39 204000065 206000710 6 
2021-01-02T07:00:51 0 0 경기70아1592 3 39 204000065 206000714 7 
2021-01-02T07:01:50 0 0 경기70아1592 3 39 204000065 206000714 7 
2021-01-02T07:02:49 0 0 경기70아1592 3 39 204000065 206000714 7 
2021-01-02T07:03:48 0 0 경기70아1592 3 39 204000065 206000723 9 
2021-01-02T07:04:48 0 0 경기70아1592 3 39 204000065 206000327 10 
2021-01-02T07:05:48 0 0 경기70아1592 3 39 204000065 206000039 12 
2021-01-02T07:06:47 0 0 경기70아1592 3 39 204000065 206000037 14 
2021-01-02T07:07:46 0 0 경기70아1592 3 39 204000065 206000035 16 
2021-01-02T07:08:46 0 0 경기70아1592 3 38 204000065 206000034 17 
2021-01-02T07:09:45 0 0 경기70아1592 3 38 204000065 206000034 17 
2021-01-02T07:10:45 0 0 경기70아1592 3 38 204000065 206000033 18 
2021-01-02T07:11:45 0 0 경기70아1592 3 38 204000065 206000033 18 
2021-01-02T07:12:44 0 0 경기70아1592 3 38 204000065 206000030 21 
2021-01-02T07:13:43 0 0 경기70아1592 3 38 204000065 206000383 23 
2021-01-02T07:14:43 0 0 경기70아1592 3 38 204000065 206000318 24 
2021-01-02T07:15:42 0 0 경기70아1592 3 38 204000065 206000317 25 
2021-01-02T07:16:42 0 0 경기70아1592 3 38 204000065 206000027 27 
2021-01-02T07:17:41 0 0 경기70아1592 3 38 204000065 206000226 29 
2021-01-02T07:18:41 0 0 경기70아1592 3 38 204000065 206000226 29 
2021-01-02T07:19:41 0 0 경기70아1592 3 38 204000065 205000029 31 
2021-01-02T07:20:40 0 0 경기70아1592 3 38 204000065 205000029 31 
2021-01-02T07:21:40 0 0 경기70아1592 3 38 204000065 205000029 31 
2021-01-02T07:22:40 0 0 경기70아1592 3 38 204000065 205000029 31 
2021-01-02T07:23:39 0 0 경기70아1592 3 38 204000065 205000029 31 
2021-01-02T07:24:39 0 0 경기70아1592 3 38 204000065 205000029 31 
2021-01-02T07:25:38 0 0 경기70아1592 3 38 204000065 205000069 32 
2021-01-02T07:26:37 0 0 경기70아1592 3 38 204000065 277102622 33 
2021-01-02T07:27:36 0 0 경기70아1592 3 38 204000065 277102622 33 
2021-01-02T07:28:36 0 0 경기70아1592 3 38 204000065 277102622 33 
2021-01-02T07:29:35 0 0 경기70아1592 3 38 204000065 277102622 33 
2021-01-02T07:30:34 0 0 경기70아1592 3 38 204000065 277103419 34 
2021-01-02T07:31:34 0 0 경기70아1592 3 38 204000065 277103419 34 
2021-01-02T07:32:33 0 0 경기70아1592 3 38 204000065 277103419 34 
2021-01-02T07:33:33 0 0 경기70아1592 3 38 204000065 277103421 35 
2021-01-02T07:34:33 0 0 경기70아1592 3 38 204000065 277103421 35 
2021-01-02T07:35:33 0 0 경기70아1592 3 38 204000065 122000288 37 
2021-01-02T07:36:32 0 0 경기70아1592 3 38 204000065 122000288 37 
2021-01-02T07:37:31 0 0 경기70아1592 3 38 204000065 122000258 38 
2021-01-02T07:38:31 0 0 경기70아1592 3 38 204000065 122000291 39 
2021-01-02T07:39:30 0 0 경기70아1592 3 38 204000065 122000137 40 
2021-01-02T07:40:29 0 0 경기70아1592 3 38 204000065 122000137 40 
2021-01-02T07:41:29 0 0 경기70아1592 3 38 204000065 122000386 42 
2021-01-02T07:42:28 0 0 경기70아1592 3 38 204000065 122000386 42 
2021-01-02T07:43:28 0 0 경기70아1592 3 38 204000065 122000139 43 
2021-01-02T07:44:28 0 0 경기70아1592 3 39 204000065 122000094 44 
2021-01-02T07:45:28 0 0 경기70아1592 3 39 204000065 122000089 45 
2021-01-02T07:46:28 0 0 경기70아1592 3 39 204000065 122000069 47 
2021-01-02T07:47:27 0 0 경기70아1592 3 39 204000065 122000066 48 
2021-01-02T07:48:27 0 0 경기70아1592 3 39 204000065 122000066 48 
2021-01-02T07:49:26 0 0 경기70아1592 3 39 204000065 122000559 50 
2021-01-02T07:50:25 0 0 경기70아1592 3 39 204000065 122000078 51 
2021-01-02T07:51:25 0 0 경기70아1592 3 39 204000065 122000078 51 
2021-01-02T07:52:24 0 0 경기70아1592 3 39 204000065 122000078 51 
2021-01-02T07:53:24 0 0 경기70아1592 3 39 204000065 122000079 52 
2021-01-02T07:54:23 0 0 경기70아1592 3 39 204000065 122000079 52 
2021-01-02T07:55:22 0 0 경기70아1592 3 39 204000065 122000079 52 
2021-01-02T07:56:21 0 0 경기70아1592 3 39 204000065 122000065 53 
2021-01-02T07:57:20 0 0 경기70아1592 3 39 204000065 122000068 55 
2021-01-02T07:58:20 0 0 경기70아1592 3 39 204000065 122000068 55 
2021-01-02T07:59:19 0 0 경기70아1592 3 39 204000065 122000068 55 
2021-01-02T08:00:19 0 0 경기70아1592 3 39 204000065 122000086 56 
2021-01-02T08:01:19 0 0 경기70아1592 3 39 204000065 122000095 57 
2021-01-02T08:02:19 0 0 경기70아1592 3 39 204000065 122000096 58 
2021-01-02T08:03:19 0 0 경기70아1592 3 39 204000065 122000096 58 
2021-01-02T08:04:18 0 0 경기70아1592 3 39 204000065 122000142 60 
2021-01-02T08:05:18 0 0 경기70아1592 3 39 204000065 122000133 61 
2021-01-02T08:06:17 0 0 경기70아1592 3 39 204000065 122000133 61 
2021-01-02T08:07:16 0 0 경기70아1592 3 39 204000065 122000256 62 
2021-01-02T08:08:15 0 0 경기70아1592 3 39 204000065 122000256 62 
2021-01-02T08:09:15 0 0 경기70아1592 3 39 204000065 122000257 63 
2021-01-02T08:10:15 0 0 경기70아1592 3 39 204000065 122000257 63 
2021-01-02T08:11:14 0 0 경기70아1592 3 39 204000065 122000257 63 
2021-01-02T08:12:13 0 0 경기70아1592 3 39 204000065 122000286 64 
2021-01-02T08:13:13 0 0 경기70아1592 3 39 204000065 122000285 65 
2021-01-02T08:14:12 0 0 경기70아1592 3 39 204000065 277103420 66 
2021-01-02T08:15:12 0 0 경기70아1592 3 39 204000065 277103420 66 
2021-01-02T08:16:11 0 0 경기70아1592 3 39 204000065 277103420 66 
2021-01-02T08:17:10 0 0 경기70아1592 3 39 204000065 277103418 67 
2021-01-02T08:18:11 0 0 경기70아1592 3 39 204000065 277103418 67 
2021-01-02T08:19:10 0 0 경기70아1592 3 39 204000065 277103418 67 
2021-01-02T08:20:10 0 0 경기70아1592 3 39 204000065 277103418 67 
2021-01-02T08:21:09 0 0 경기70아1592 3 39 204000065 277103418 67 
2021-01-02T08:22:08 0 0 경기70아1592 3 39 204000065 277103418 67 
2021-01-02T08:23:07 0 0 경기70아1592 3 39 204000065 205000207 68 
2021-01-02T08:24:06 0 0 경기70아1592 3 39 204000065 205000207 68 
2021-01-02T08:25:06 0 0 경기70아1592 3 39 204000065 205000207 68 
2021-01-02T08:26:05 0 0 경기70아1592 3 39 204000065 205000245 69 
2021-01-02T08:27:05 0 0 경기70아1592 3 39 204000065 205000245 69 
2021-01-02T08:28:04 0 0 경기70아1592 3 38 204000065 206000361 70 
2021-01-02T08:29:03 0 0 경기70아1592 3 38 204000065 206000157 71 
2021-01-02T08:30:03 0 0 경기70아1592 3 38 204000065 206000157 71 
2021-01-02T08:31:02 0 0 경기70아1592 3 38 204000065 206000157 71 
2021-01-02T08:32:01 0 0 경기70아1592 3 38 204000065 206000055 72 
2021-01-02T08:33:01 0 0 경기70아1592 3 38 204000065 206000053 74 
2021-01-02T08:34:00 0 0 경기70아1592 3 38 204000065 206000053 74 
2021-01-02T08:34:59 0 0 경기70아1592 3 38 204000065 206000053 74 
2021-01-02T08:35:58 0 0 경기70아1592 3 39 204000065 206000238 75 
2021-01-02T08:36:57 0 0 경기70아1592 3 39 204000065 206000238 75 
2021-01-02T08:37:57 0 0 경기70아1592 3 39 204000065 206000052 77 
2021-01-02T08:38:56 0 0 경기70아1592 3 39 204000065 206000051 78 
2021-01-02T08:39:55 0 0 경기70아1592 3 39 204000065 206000049 81 
2021-01-02T08:40:55 0 0 경기70아1592 3 39 204000065 206000048 82 
2021-01-02T08:41:54 0 0 경기70아1592 3 39 204000065 206000047 83 
2021-01-02T08:42:53 0 0 경기70아1592 3 39 204000065 206000047 83 
2021-01-02T08:43:53 0 0 경기70아1592 3 39 204000065 206000047 83 
2021-01-02T08:44:52 0 0 경기70아1592 3 39 204000065 206000672 87 
2021-01-02T08:45:52 0 0 경기70아1592 3 39 204000065 206000672 87 
2021-01-02T08:46:51 0 0 경기70아1592 3 39 204000065 206000178 89 
2021-01-02T08:47:50 0 0 경기70아1592 3 39 204000065 206000178 89 
2021-01-02T08:48:49 0 0 경기70아1592 3 39 204000065 206000722 91 
2021-01-02T08:49:48 0 0 경기70아1592 3 39 204000065 206000722 91 
2021-01-02T08:50:48 0 0 경기70아1592 3 39 204000065 206000715 92 
2021-01-02T08:51:47 0 0 경기70아1592 3 39 204000065 206000711 93 
2021-01-02T08:52:46 0 0 경기70아1592 3 39 204000065 206000041 94 
2021-01-02T08:53:46 0 0 경기70아1592 3 39 204000065 206000171 95 
2021-01-02T08:54:46 0 0 경기70아1592 3 39 204000065 206000171 95 
2021-01-02T08:55:45 0 0 경기70아1592 3 39 204000065 206000171 95 
2021-01-02T08:56:45 0 0 경기70아1592 3 39 204000065 206000171 95 
2021-01-02T08:57:44 0 0 경기70아1592 3 39 204000065 206000171 95 
2021-01-02T08:58:43 0 0 경기70아1592 3 39 204000065 206000171 95 
2021-01-02T08:59:43 0 0 경기70아1592 3 39 204000065 206000171 95 
2021-01-02T09:00:43 0 0 경기70아1592 3 39 204000065 206000171 95 
2021-01-02T09:01:42 0 0 경기70아1592 3 39 204000065 206000171 95 
2021-01-02T09:02:41 0 0 경기70아1592 3 39 204000065 206000171 95 
2021-01-02T09:03:40 0 0 경기70아1592 3 39 204000065 206000171 95 
2021-01-02T09:04:40 0 0 경기70아1592 3 39 204000065 206000171 95 
2021-01-02T09:05:39 0 0 경기70아1592 3 39 204000065 206000171 95 
2021-01-02T09:06:38 0 0 경기70아1592 3 39 204000065 206000171 95 
2021-01-02T09:07:38 0 0 경기70아1592 3 39 204000065 206000171 95 
2021-01-02T10:59:39 0 0 경기70아1592 3 39 204000065 206000405 4 
2021-01-02T11:00:38 0 0 경기70아1592 3 39 204000065 206000334 5 
2021-01-02T11:01:38 0 0 경기70아1592 3 39 204000065 206000334 5 
2021-01-02T11:02:38 0 0 경기70아1592 3 39 204000065 206000334 5 
2021-01-02T11:03:37 0 0 경기70아1592 3 39 204000065 206000334 5 
2021-01-02T11:04:36 0 0 경기70아1592 3 39 204000065 206000714 7 
2021-01-02T11:05:36 0 0 경기70아1592 3 39 204000065 206000714 7 
2021-01-02T11:06:35 0 0 경기70아1592 3 39 204000065 206000723 9 
2021-01-02T11:07:34 0 0 경기70아1592 3 39 204000065 206000723 9 
2021-01-02T11:08:33 0 0 경기70아1592 3 39 204000065 206000327 10 
2021-01-02T11:09:33 0 0 경기70아1592 3 39 204000065 206000249 11 
2021-01-02T11:10:33 0 0 경기70아1592 3 39 204000065 206000039 12 
2021-01-02T11:11:32 0 0 경기70아1592 3 39 204000065 206000038 13 
2021-01-02T11:12:32 0 0 경기70아1592 3 38 204000065 206000037 14 
2021-01-02T11:13:32 0 0 경기70아1592 3 39 204000065 206000036 15 
2021-01-02T11:14:31 0 0 경기70아1592 3 39 204000065 206000035 16 
2021-01-02T11:15:31 0 0 경기70아1592 3 39 204000065 206000034 17 
2021-01-02T11:16:30 0 0 경기70아1592 3 39 204000065 206000033 18 
2021-01-02T11:17:29 0 0 경기70아1592 3 39 204000065 206000033 18 
2021-01-02T11:18:29 0 0 경기70아1592 3 39 204000065 206000031 20 
2021-01-02T11:19:29 0 0 경기70아1592 3 39 204000065 206000029 22 
2021-01-02T11:20:28 0 0 경기70아1592 3 39 204000065 206000318 24 
2021-01-02T11:21:28 0 0 경기70아1592 3 38 204000065 206000318 24 
2021-01-02T11:22:28 0 0 경기70아1592 3 38 204000065 206000318 24 
2021-01-02T11:23:28 0 0 경기70아1592 3 38 204000065 206000317 25 
2021-01-02T11:24:28 0 0 경기70아1592 3 38 204000065 206000027 27 
2021-01-02T11:25:28 0 0 경기70아1592 3 38 204000065 206000027 27 
2021-01-02T11:26:27 0 0 경기70아1592 3 38 204000065 206000227 28 
2021-01-02T11:27:27 0 0 경기70아1592 3 38 204000065 206000226 29 
2021-01-02T11:28:26 0 0 경기70아1592 3 39 204000065 206000784 30 
2021-01-02T11:29:25 0 0 경기70아1592 3 38 204000065 206000784 30 
2021-01-02T11:30:24 0 0 경기70아1592 3 38 204000065 206000784 30 
2021-01-02T11:31:23 0 0 경기70아1592 3 36 204000065 205000029 31 
2021-01-02T11:32:23 0 0 경기70아1592 3 36 204000065 205000029 31 
2021-01-02T11:33:22 0 0 경기70아1592 3 36 204000065 205000029 31 
2021-01-02T11:34:22 0 0 경기70아1592 3 36 204000065 205000029 31 
2021-01-02T11:35:22 0 0 경기70아1592 3 36 204000065 205000029 31 
2021-01-02T11:36:22 0 0 경기70아1592 3 35 204000065 205000069 32 
2021-01-02T11:37:21 0 0 경기70아1592 3 35 204000065 205000069 32 
2021-01-02T11:38:21 0 0 경기70아1592 3 35 204000065 205000069 32 
2021-01-02T11:39:20 0 0 경기70아1592 3 35 204000065 277102622 33 
2021-01-02T11:40:19 0 0 경기70아1592 3 35 204000065 277102622 33 
2021-01-02T11:41:19 0 0 경기70아1592 3 35 204000065 277102622 33 
2021-01-02T11:42:19 0 0 경기70아1592 3 35 204000065 277102622 33 
2021-01-02T11:43:19 0 0 경기70아1592 3 35 204000065 277103419 34 
2021-01-02T11:44:18 0 0 경기70아1592 3 35 204000065 277103419 34 
2021-01-02T11:45:18 0 0 경기70아1592 3 35 204000065 277103419 34 
2021-01-02T11:46:17 0 0 경기70아1592 3 35 204000065 277103419 34 
2021-01-02T11:47:17 0 0 경기70아1592 3 35 204000065 277103421 35 
2021-01-02T11:48:17 0 0 경기70아1592 3 35 204000065 277103421 35 
2021-01-02T11:49:16 0 0 경기70아1592 3 35 204000065 122000288 37 
2021-01-02T11:50:16 0 0 경기70아1592 3 35 204000065 122000258 38 
2021-01-02T11:51:15 0 0 경기70아1592 3 35 204000065 122000258 38 
2021-01-02T11:52:15 0 0 경기70아1592 3 35 204000065 122000258 38 
2021-01-02T11:53:14 0 0 경기70아1592 3 35 204000065 122000291 39 
2021-01-02T11:54:13 0 0 경기70아1592 3 35 204000065 122000137 40 
2021-01-02T11:55:13 0 0 경기70아1592 3 35 204000065 122000386 42 
2021-01-02T11:56:13 0 0 경기70아1592 3 35 204000065 122000386 42 
2021-01-02T11:57:13 0 0 경기70아1592 3 36 204000065 122000139 43 
2021-01-02T11:58:12 0 0 경기70아1592 3 36 204000065 122000139 43 
2021-01-02T11:59:12 0 0 경기70아1592 3 36 204000065 122000139 43 
2021-01-02T12:00:12 0 0 경기70아1592 3 38 204000065 122000094 44 
2021-01-02T12:01:11 0 0 경기70아1592 3 38 204000065 122000094 44 
2021-01-02T12:02:11 0 0 경기70아1592 3 38 204000065 122000089 45 
2021-01-02T12:03:11 0 0 경기70아1592 3 38 204000065 122000069 47 
2021-01-02T12:04:11 0 0 경기70아1592 3 38 204000065 122000066 48 
2021-01-02T12:05:10 0 0 경기70아1592 3 38 204000065 122000066 48 
2021-01-02T12:06:10 0 0 경기70아1592 3 38 204000065 122000066 48 
2021-01-02T12:07:10 0 0 경기70아1592 3 39 204000065 122000064 49 
2021-01-02T12:08:09 0 0 경기70아1592 3 39 204000065 122000064 49 
2021-01-02T12:09:09 0 0 경기70아1592 3 39 204000065 122000559 50 
2021-01-02T12:10:08 0 0 경기70아1592 3 39 204000065 122000559 50 
2021-01-02T12:11:07 0 0 경기70아1592 3 39 204000065 122000078 51 
2021-01-02T12:12:07 0 0 경기70아1592 3 39 204000065 122000079 52 
2021-01-02T12:13:07 0 0 경기70아1592 3 39 204000065 122000079 52 
2021-01-02T12:14:06 0 0 경기70아1592 3 39 204000065 122000079 52 
2021-01-02T12:15:06 0 0 경기70아1592 3 39 204000065 122000079 52 
2021-01-02T12:16:06 0 0 경기70아1592 3 39 204000065 122000079 52 
2021-01-02T12:17:06 0 0 경기70아1592 3 39 204000065 122000079 52 
2021-01-02T12:18:06 0 0 경기70아1592 3 39 204000065 122000079 52 
2021-01-02T12:19:04 0 0 경기70아1592 3 39 204000065 122000079 52 
2021-01-02T12:20:04 0 0 경기70아1592 3 39 204000065 122000065 53 
2021-01-02T12:21:03 0 0 경기70아1592 3 39 204000065 122000068 55 
2021-01-02T12:22:03 0 0 경기70아1592 3 39 204000065 122000068 55 
2021-01-02T12:23:02 0 0 경기70아1592 3 39 204000065 122000086 56 
2021-01-02T12:24:02 0 0 경기70아1592 3 39 204000065 122000095 57 
2021-01-02T12:25:02 0 0 경기70아1592 3 39 204000065 122000096 58 
2021-01-02T12:26:01 0 0 경기70아1592 3 39 204000065 122000096 58 
2021-01-02T12:27:01 0 0 경기70아1592 3 39 204000065 122000330 59 
2021-01-02T12:28:01 0 0 경기70아1592 3 39 204000065 122000330 59 
2021-01-02T12:29:01 0 0 경기70아1592 3 39 204000065 122000142 60 
2021-01-02T12:30:01 0 0 경기70아1592 3 39 204000065 122000142 60 
2021-01-02T12:31:00 0 0 경기70아1592 3 39 204000065 122000142 60 
2021-01-02T12:31:59 0 0 경기70아1592 3 39 204000065 122000133 61 
2021-01-02T12:32:58 0 0 경기70아1592 3 39 204000065 122000133 61 
2021-01-02T12:33:58 0 0 경기70아1592 3 39 204000065 122000133 61 
2021-01-02T12:34:57 0 0 경기70아1592 3 39 204000065 122000256 62 
2021-01-02T12:35:56 0 0 경기70아1592 3 39 204000065 122000257 63 
2021-01-02T12:36:56 0 0 경기70아1592 3 39 204000065 122000257 63 
2021-01-02T12:37:56 0 0 경기70아1592 3 39 204000065 122000257 63 
2021-01-02T12:38:55 0 0 경기70아1592 3 39 204000065 122000257 63 
2021-01-02T12:39:54 0 0 경기70아1592 3 39 204000065 122000286 64 
2021-01-02T12:40:53 0 0 경기70아1592 3 39 204000065 122000285 65 
2021-01-02T12:41:53 0 0 경기70아1592 3 39 204000065 122000285 65 
2021-01-02T12:42:53 0 0 경기70아1592 3 39 204000065 277103420 66 
2021-01-02T12:43:53 0 0 경기70아1592 3 39 204000065 277103420 66 
2021-01-02T12:44:52 0 0 경기70아1592 3 39 204000065 277103420 66 
2021-01-02T12:45:51 0 0 경기70아1592 3 39 204000065 277103418 67 
2021-01-02T12:46:51 0 0 경기70아1592 3 39 204000065 277103418 67 
2021-01-02T12:47:50 0 0 경기70아1592 3 39 204000065 277103418 67 
2021-01-02T12:48:50 0 0 경기70아1592 3 39 204000065 277103418 67 
2021-01-02T12:49:49 0 0 경기70아1592 3 39 204000065 277103418 67 
2021-01-02T12:50:48 0 0 경기70아1592 3 39 204000065 277103418 67 
2021-01-02T12:51:48 0 0 경기70아1592 3 39 204000065 277103418 67 
2021-01-02T12:52:48 0 0 경기70아1592 3 39 204000065 277103418 67 
2021-01-02T12:53:48 0 0 경기70아1592 3 39 204000065 205000207 68 
2021-01-02T12:54:48 0 0 경기70아1592 3 39 204000065 205000207 68 
2021-01-02T12:55:47 0 0 경기70아1592 3 39 204000065 205000207 68 
2021-01-02T12:56:46 0 0 경기70아1592 3 39 204000065 205000207 68 
2021-01-02T12:57:46 0 0 경기70아1592 3 39 204000065 205000207 68 
2021-01-02T12:58:46 0 0 경기70아1592 3 39 204000065 205000245 69 
2021-01-02T12:59:46 0 0 경기70아1592 3 39 204000065 205000245 69 
2021-01-02T13:00:45 0 0 경기70아1592 3 39 204000065 206000361 70 
2021-01-02T13:01:45 0 0 경기70아1592 3 39 204000065 206000157 71 
2021-01-02T13:02:45 0 0 경기70아1592 3 39 204000065 206000157 71 
2021-01-02T13:03:44 0 0 경기70아1592 3 39 204000065 206000157 71 
2021-01-02T13:04:44 0 0 경기70아1592 3 39 204000065 206000157 71 
2021-01-02T13:05:43 0 0 경기70아1592 3 39 204000065 206000055 72 
2021-01-02T13:06:43 0 0 경기70아1592 3 39 204000065 206000054 73 
2021-01-02T13:07:42 0 0 경기70아1592 3 39 204000065 206000054 73 
2021-01-02T13:08:42 0 0 경기70아1592 3 39 204000065 206000053 74 
2021-01-02T13:09:41 0 0 경기70아1592 3 39 204000065 206000053 74 
2021-01-02T13:10:41 0 0 경기70아1592 3 39 204000065 206000053 74 
2021-01-02T13:11:40 0 0 경기70아1592 3 39 204000065 206000238 75 
2021-01-02T13:12:39 0 0 경기70아1592 3 39 204000065 206000238 75 
2021-01-02T13:13:39 0 0 경기70아1592 3 39 204000065 206000237 76 
2021-01-02T13:14:38 0 0 경기70아1592 3 39 204000065 206000052 77 
2021-01-02T13:15:38 0 0 경기70아1592 3 39 204000065 206000052 77 
2021-01-02T13:16:38 0 0 경기70아1592 3 39 204000065 206000128 79 
2021-01-02T13:17:37 0 0 경기70아1592 3 39 204000065 206000128 79 
2021-01-02T13:18:37 0 0 경기70아1592 3 39 204000065 206000050 80 
2021-01-02T13:19:36 0 0 경기70아1592 3 39 204000065 206000048 82 
2021-01-02T13:20:36 0 0 경기70아1592 3 39 204000065 206000047 83 
2021-01-02T13:21:36 0 0 경기70아1592 3 39 204000065 206000046 84 
2021-01-02T13:22:36 0 0 경기70아1592 3 39 204000065 206000044 86 
2021-01-02T13:23:36 0 0 경기70아1592 3 39 204000065 206000672 87 
2021-01-02T13:24:36 0 0 경기70아1592 3 39 204000065 206000672 87 
2021-01-02T13:25:35 0 0 경기70아1592 3 39 204000065 206000043 88 
2021-01-02T13:26:35 0 0 경기70아1592 3 39 204000065 206000178 89 
2021-01-02T13:27:34 0 0 경기70아1592 3 39 204000065 206000178 89 
2021-01-02T13:28:34 0 0 경기70아1592 3 39 204000065 206000722 91 
2021-01-02T13:29:33 0 0 경기70아1592 3 39 204000065 206000722 91 
2021-01-02T13:30:33 0 0 경기70아1592 3 39 204000065 206000715 92 
2021-01-02T13:31:32 0 0 경기70아1592 3 39 204000065 206000715 92 
2021-01-02T13:32:31 0 0 경기70아1592 3 39 204000065 206000041 94 
2021-01-02T13:33:30 0 0 경기70아1592 3 39 204000065 206000041 94 
2021-01-02T13:34:30 0 0 경기70아1592 3 39 204000065 206000041 94 
2021-01-02T13:35:30 0 0 경기70아1592 3 39 204000065 206000171 95 
2021-01-02T13:36:30 0 0 경기70아1592 3 39 204000065 206000171 95 
2021-01-02T13:37:29 0 0 경기70아1592 3 39 204000065 206000171 95 
2021-01-02T13:38:29 0 0 경기70아1592 3 39 204000065 206000171 95 
2021-01-02T13:39:28 0 0 경기70아1592 3 39 204000065 206000171 95 
2021-01-02T13:40:28 0 0 경기70아1592 3 39 204000065 206000171 95 
2021-01-02T13:41:28 0 0 경기70아1592 3 39 204000065 206000171 95 
2021-01-02T13:42:28 0 0 경기70아1592 3 39 204000065 206000171 95 
2021-01-02T13:43:27 0 0 경기70아1592 3 39 204000065 206000171 95 
2021-01-02T13:44:26 0 0 경기70아1592 3 39 204000065 206000171 95 
2021-01-02T13:45:26 0 0 경기70아1592 3 39 204000065 206000171 95 
2021-01-02T13:46:25 0 0 경기70아1592 3 39 204000065 206000171 95 
2021-01-02T13:47:24 0 0 경기70아1592 3 39 204000065 206000171 95 
2021-01-02T13:48:23 0 0 경기70아1592 3 39 204000065 206000171 95 
2021-01-02T13:49:23 0 0 경기70아1592 3 39 204000065 206000171 95 
2021-01-02T13:50:23 0 0 경기70아1592 3 39 204000065 206000171 95 
2021-01-02T15:26:53 0 0 경기70아1592 3 39 204000065 206000405 4 
2021-01-02T15:27:53 0 0 경기70아1592 3 39 204000065 206000334 5 
2021-01-02T15:28:52 0 0 경기70아1592 3 39 204000065 206000334 5 
2021-01-02T15:29:53 0 0 경기70아1592 3 39 204000065 206000710 6 
2021-01-02T15:30:52 0 0 경기70아1592 3 39 204000065 206000714 7 
2021-01-02T15:31:51 0 0 경기70아1592 3 39 204000065 206000714 7 
2021-01-02T15:32:52 0 0 경기70아1592 3 39 204000065 206000714 7 
2021-01-02T15:33:51 0 0 경기70아1592 3 39 204000065 206000723 9 
2021-01-02T15:34:50 0 0 경기70아1592 3 39 204000065 206000723 9 
2021-01-02T15:35:50 0 0 경기70아1592 3 39 204000065 206000249 11 
2021-01-02T15:36:50 0 0 경기70아1592 3 39 204000065 206000249 11 
2021-01-02T15:37:50 0 0 경기70아1592 3 39 204000065 206000039 12 
2021-01-02T15:38:49 0 0 경기70아1592 3 38 204000065 206000038 13 
2021-01-02T15:39:49 0 0 경기70아1592 3 38 204000065 206000037 14 
2021-01-02T15:40:49 0 0 경기70아1592 3 38 204000065 206000036 15 
2021-01-02T15:41:48 0 0 경기70아1592 3 37 204000065 206000034 17 
2021-01-02T15:42:48 0 0 경기70아1592 3 37 204000065 206000033 18 
2021-01-02T15:43:48 0 0 경기70아1592 3 37 204000065 206000033 18 
2021-01-02T15:44:48 0 0 경기70아1592 3 37 204000065 206000033 18 
2021-01-02T15:45:48 0 0 경기70아1592 3 37 204000065 206000032 19 
2021-01-02T15:46:47 0 0 경기70아1592 3 37 204000065 206000032 19 
2021-01-02T15:47:46 0 0 경기70아1592 3 37 204000065 206000030 21 
2021-01-02T15:48:46 0 0 경기70아1592 3 37 204000065 206000030 21 
2021-01-02T15:49:46 0 0 경기70아1592 3 37 204000065 206000029 22 
2021-01-02T15:50:45 0 0 경기70아1592 3 37 204000065 206000318 24 
2021-01-02T15:51:44 0 0 경기70아1592 3 37 204000065 206000318 24 
2021-01-02T15:52:44 0 0 경기70아1592 3 37 204000065 206000317 25 
2021-01-02T15:53:44 0 0 경기70아1592 3 37 204000065 206000028 26 
2021-01-02T15:54:44 0 0 경기70아1592 3 37 204000065 206000027 27 
2021-01-02T15:55:43 0 0 경기70아1592 3 37 204000065 206000027 27 
2021-01-02T15:56:43 0 0 경기70아1592 3 37 204000065 206000227 28 
2021-01-02T15:57:43 0 0 경기70아1592 3 37 204000065 206000226 29 
2021-01-02T15:58:43 0 0 경기70아1592 3 37 204000065 206000226 29 
2021-01-02T15:59:42 0 0 경기70아1592 3 37 204000065 206000226 29 
2021-01-02T16:00:42 0 0 경기70아1592 3 37 204000065 206000784 30 
2021-01-02T16:01:41 0 0 경기70아1592 3 38 204000065 205000029 31 
2021-01-02T16:02:41 0 0 경기70아1592 3 37 204000065 205000029 31 
2021-01-02T16:03:41 0 0 경기70아1592 3 37 204000065 205000029 31 
2021-01-02T16:04:40 0 0 경기70아1592 3 37 204000065 205000029 31 
2021-01-02T16:05:39 0 0 경기70아1592 3 38 204000065 205000069 32 
2021-01-02T16:06:39 0 0 경기70아1592 3 37 204000065 205000069 32 
2021-01-02T16:07:39 0 0 경기70아1592 3 37 204000065 205000069 32 
2021-01-02T16:08:39 0 0 경기70아1592 3 37 204000065 205000069 32 
2021-01-02T16:09:38 0 0 경기70아1592 3 37 204000065 277102622 33 
2021-01-02T16:10:37 0 0 경기70아1592 3 37 204000065 277102622 33 
2021-01-02T16:11:37 0 0 경기70아1592 3 37 204000065 277102622 33 
2021-01-02T16:12:37 0 0 경기70아1592 3 37 204000065 277102622 33 
2021-01-02T16:13:36 0 0 경기70아1592 3 37 204000065 277103419 34 
2021-01-02T16:14:36 0 0 경기70아1592 3 37 204000065 277103419 34 
2021-01-02T16:15:36 0 0 경기70아1592 3 37 204000065 277103419 34 
2021-01-02T16:16:36 0 0 경기70아1592 3 37 204000065 277103421 35 
2021-01-02T16:17:36 0 0 경기70아1592 3 38 204000065 122000287 36 
2021-01-02T16:18:35 0 0 경기70아1592 3 38 204000065 122000288 37 
2021-01-02T16:19:35 0 0 경기70아1592 3 38 204000065 122000288 37 
2021-01-02T16:20:35 0 0 경기70아1592 3 38 204000065 122000258 38 
2021-01-02T16:21:34 0 0 경기70아1592 3 38 204000065 122000258 38 
2021-01-02T16:22:34 0 0 경기70아1592 3 38 204000065 122000291 39 
2021-01-02T16:23:34 0 0 경기70아1592 3 38 204000065 122000137 40 
2021-01-02T16:24:34 0 0 경기70아1592 3 38 204000065 122000386 42 
2021-01-02T16:25:33 0 0 경기70아1592 3 38 204000065 122000386 42 
2021-01-02T16:26:33 0 0 경기70아1592 3 38 204000065 122000139 43 
2021-01-02T16:27:33 0 0 경기70아1592 3 39 204000065 122000094 44 
2021-01-02T16:28:33 0 0 경기70아1592 3 39 204000065 122000094 44 
2021-01-02T16:29:32 0 0 경기70아1592 3 39 204000065 122000085 46 
2021-01-02T16:30:31 0 0 경기70아1592 3 39 204000065 122000066 48 
2021-01-02T16:31:31 0 0 경기70아1592 3 39 204000065 122000064 49 
2021-01-02T16:32:30 0 0 경기70아1592 3 39 204000065 122000064 49 
2021-01-02T16:33:30 0 0 경기70아1592 3 39 204000065 122000064 49 
2021-01-02T16:34:30 0 0 경기70아1592 3 39 204000065 122000559 50 
2021-01-02T16:35:29 0 0 경기70아1592 3 39 204000065 122000078 51 
2021-01-02T16:36:29 0 0 경기70아1592 3 39 204000065 122000078 51 
2021-01-02T16:37:29 0 0 경기70아1592 3 39 204000065 122000079 52 
2021-01-02T16:38:28 0 0 경기70아1592 3 39 204000065 122000065 53 
2021-01-02T16:39:28 0 0 경기70아1592 3 39 204000065 122000637 54 
2021-01-02T16:40:28 0 0 경기70아1592 3 39 204000065 122000068 55 
2021-01-02T16:41:27 0 0 경기70아1592 3 39 204000065 122000086 56 
2021-01-02T16:42:26 0 0 경기70아1592 3 39 204000065 122000095 57 
2021-01-02T16:43:26 0 0 경기70아1592 3 39 204000065 122000095 57 
2021-01-02T16:44:26 0 0 경기70아1592 3 39 204000065 122000096 58 
2021-01-02T16:45:25 0 0 경기70아1592 3 38 204000065 122000330 59 
2021-01-02T16:46:24 0 0 경기70아1592 3 38 204000065 122000330 59 
2021-01-02T16:47:24 0 0 경기70아1592 3 38 204000065 122000330 59 
2021-01-02T16:48:23 0 0 경기70아1592 3 38 204000065 122000133 61 
2021-01-02T16:49:22 0 0 경기70아1592 3 38 204000065 122000133 61 
2021-01-02T16:50:22 0 0 경기70아1592 3 38 204000065 122000133 61 
2021-01-02T16:51:21 0 0 경기70아1592 3 38 204000065 122000256 62 
2021-01-02T16:52:20 0 0 경기70아1592 3 38 204000065 122000257 63 
2021-01-02T16:53:19 0 0 경기70아1592 3 38 204000065 122000257 63 
2021-01-02T16:54:19 0 0 경기70아1592 3 38 204000065 122000257 63 
2021-01-02T16:55:18 0 0 경기70아1592 3 38 204000065 122000257 63 
2021-01-02T16:56:18 0 0 경기70아1592 3 38 204000065 122000286 64 
2021-01-02T16:57:18 0 0 경기70아1592 3 38 204000065 122000285 65 
2021-01-02T16:58:17 0 0 경기70아1592 3 38 204000065 122000285 65 
2021-01-02T16:59:17 0 0 경기70아1592 3 38 204000065 277103420 66 
2021-01-02T17:00:17 0 0 경기70아1592 3 38 204000065 277103420 66 
2021-01-02T17:01:17 0 0 경기70아1592 3 38 204000065 277103420 66 
2021-01-02T17:02:17 0 0 경기70아1592 3 38 204000065 277103418 67 
2021-01-02T17:03:16 0 0 경기70아1592 3 38 204000065 277103418 67 
2021-01-02T17:04:16 0 0 경기70아1592 3 38 204000065 277103418 67 
2021-01-02T17:05:16 0 0 경기70아1592 3 38 204000065 277103418 67 
2021-01-02T17:06:15 0 0 경기70아1592 3 38 204000065 277103418 67 
2021-01-02T17:07:15 0 0 경기70아1592 3 38 204000065 277103418 67 
2021-01-02T17:08:15 0 0 경기70아1592 3 38 204000065 277103418 67 
2021-01-02T17:09:15 0 0 경기70아1592 3 38 204000065 205000207 68 
2021-01-02T17:10:15 0 0 경기70아1592 3 38 204000065 205000207 68 
2021-01-02T17:11:15 0 0 경기70아1592 3 38 204000065 205000207 68 
2021-01-02T17:12:14 0 0 경기70아1592 3 38 204000065 205000207 68 
2021-01-02T17:13:14 0 0 경기70아1592 3 39 204000065 205000245 69 
2021-01-02T17:14:14 0 0 경기70아1592 3 39 204000065 205000245 69 
2021-01-02T17:15:14 0 0 경기70아1592 3 39 204000065 205000245 69 
2021-01-02T17:16:14 0 0 경기70아1592 3 39 204000065 206000157 71 
2021-01-02T17:17:13 0 0 경기70아1592 3 38 204000065 206000157 71 
2021-01-02T17:18:13 0 0 경기70아1592 3 38 204000065 206000157 71 
2021-01-02T17:19:12 0 0 경기70아1592 3 38 204000065 206000157 71 
2021-01-02T17:20:12 0 0 경기70아1592 3 38 204000065 206000054 73 
2021-01-02T17:21:12 0 0 경기70아1592 3 38 204000065 206000053 74 
2021-01-02T17:22:12 0 0 경기70아1592 3 38 204000065 206000053 74 
2021-01-02T17:23:11 0 0 경기70아1592 3 38 204000065 206000238 75 
2021-01-02T17:24:11 0 0 경기70아1592 3 38 204000065 206000238 75 
2021-01-02T17:25:11 0 0 경기70아1592 3 38 204000065 206000238 75 
2021-01-02T17:26:10 0 0 경기70아1592 3 38 204000065 206000052 77 
2021-01-02T17:27:10 0 0 경기70아1592 3 38 204000065 206000128 79 
2021-01-02T17:28:10 0 0 경기70아1592 3 38 204000065 206000049 81 
2021-01-02T17:29:10 0 0 경기70아1592 3 39 204000065 206000047 83 
2021-01-02T17:30:09 0 0 경기70아1592 3 39 204000065 206000046 84 
2021-01-02T17:31:09 0 0 경기70아1592 3 39 204000065 206000045 85 
2021-01-02T17:32:09 0 0 경기70아1592 3 39 204000065 206000044 86 
2021-01-02T17:33:08 0 0 경기70아1592 3 39 204000065 206000672 87 
2021-01-02T17:34:07 0 0 경기70아1592 3 39 204000065 206000043 88 
2021-01-02T17:35:06 0 0 경기70아1592 3 39 204000065 206000178 89 
2021-01-02T17:36:06 0 0 경기70아1592 3 39 204000065 206000178 89 
2021-01-02T17:37:05 0 0 경기70아1592 3 39 204000065 206000724 90 
2021-01-02T17:38:05 0 0 경기70아1592 3 39 204000065 206000722 91 
2021-01-02T17:39:05 0 0 경기70아1592 3 39 204000065 206000722 91 
2021-01-02T17:40:04 0 0 경기70아1592 3 39 204000065 206000715 92 
2021-01-02T17:41:03 0 0 경기70아1592 3 39 204000065 206000715 92 
2021-01-02T17:42:03 0 0 경기70아1592 3 39 204000065 206000041 94 
2021-01-02T17:43:03 0 0 경기70아1592 3 39 204000065 206000041 94 
2021-01-02T17:44:03 0 0 경기70아1592 3 39 204000065 206000171 95 
2021-01-02T17:45:02 0 0 경기70아1592 3 39 204000065 206000171 95 
2021-01-02T17:46:01 0 0 경기70아1592 3 39 204000065 206000171 95 
2021-01-02T17:47:01 0 0 경기70아1592 3 39 204000065 206000171 95 
2021-01-02T17:48:01 0 0 경기70아1592 3 39 204000065 206000171 95 
2021-01-02T17:49:01 0 0 경기70아1592 3 39 204000065 206000171 95 
2021-01-02T17:50:00 0 0 경기70아1592 3 39 204000065 206000171 95 
2021-01-02T17:51:00 0 0 경기70아1592 3 39 204000065 206000171 95 
2021-01-02T17:51:59 0 0 경기70아1592 3 39 204000065 206000171 95 
2021-01-02T17:52:59 0 0 경기70아1592 3 39 204000065 206000171 95 
2021-01-02T17:53:58 0 0 경기70아1592 3 39 204000065 206000171 95 
2021-01-02T17:54:58 0 0 경기70아1592 3 39 204000065 206000171 95 
2021-01-02T17:55:57 0 0 경기70아1592 3 39 204000065 206000171 95 
2021-01-02T17:56:57 0 0 경기70아1592 3 39 204000065 206000171 95 
2021-01-02T17:57:57 0 0 경기70아1592 3 39 204000065 206000171 95 
2021-01-02T17:58:56 0 0 경기70아1592 3 39 204000065 206000171 95 
2021-01-02T19:05:22 0 0 경기70아1592 3 39 204000065 206000405 4 
2021-01-02T19:06:21 0 0 경기70아1592 3 39 204000065 206000334 5 
2021-01-02T19:07:20 0 0 경기70아1592 3 39 204000065 206000334 5 
2021-01-02T19:08:20 0 0 경기70아1592 3 39 204000065 206000334 5 
2021-01-02T19:09:19 0 0 경기70아1592 3 39 204000065 206000334 5 
2021-01-02T19:10:19 0 0 경기70아1592 3 39 204000065 206000714 7 
2021-01-02T19:11:19 0 0 경기70아1592 3 39 204000065 206000721 8 
2021-01-02T19:12:19 0 0 경기70아1592 3 39 204000065 206000721 8 
2021-01-02T19:13:19 0 0 경기70아1592 3 39 204000065 206000723 9 
2021-01-02T19:14:18 0 0 경기70아1592 3 39 204000065 206000723 9 
2021-01-02T19:15:18 0 0 경기70아1592 3 39 204000065 206000249 11 
2021-01-02T19:16:18 0 0 경기70아1592 3 39 204000065 206000039 12 
2021-01-02T19:17:17 0 0 경기70아1592 3 39 204000065 206000039 12 
2021-01-02T19:18:17 0 0 경기70아1592 3 39 204000065 206000037 14 
2021-01-02T19:19:16 0 0 경기70아1592 3 39 204000065 206000036 15 
2021-01-02T19:20:16 0 0 경기70아1592 3 39 204000065 206000034 17 
2021-01-02T19:21:16 0 0 경기70아1592 3 39 204000065 206000032 19 
2021-01-02T19:22:15 0 0 경기70아1592 3 39 204000065 206000029 22 
2021-01-02T19:23:14 0 0 경기70아1592 3 39 204000065 206000318 24 
2021-01-02T19:24:14 0 0 경기70아1592 3 39 204000065 206000317 25 
2021-01-02T19:25:14 0 0 경기70아1592 3 39 204000065 206000027 27 
2021-01-02T19:26:14 0 0 경기70아1592 3 39 204000065 206000227 28 
2021-01-02T19:27:14 0 0 경기70아1592 3 39 204000065 206000226 29 
2021-01-02T19:28:13 0 0 경기70아1592 3 39 204000065 206000784 30 
2021-01-02T19:29:13 0 0 경기70아1592 3 39 204000065 205000029 31 
2021-01-02T19:30:13 0 0 경기70아1592 3 39 204000065 205000029 31 
2021-01-02T19:31:13 0 0 경기70아1592 3 39 204000065 205000029 31 
2021-01-02T19:32:13 0 0 경기70아1592 3 39 204000065 205000029 31 
2021-01-02T19:33:13 0 0 경기70아1592 3 39 204000065 205000069 32 
2021-01-02T19:34:12 0 0 경기70아1592 3 39 204000065 205000069 32 
2021-01-02T19:35:12 0 0 경기70아1592 3 39 204000065 205000069 32 
2021-01-02T19:36:11 0 0 경기70아1592 3 39 204000065 205000069 32 
2021-01-02T19:37:12 0 0 경기70아1592 3 39 204000065 277102622 33 
2021-01-02T19:38:11 0 0 경기70아1592 3 39 204000065 277102622 33 
2021-01-02T19:39:11 0 0 경기70아1592 3 39 204000065 277102622 33 
2021-01-02T19:40:10 0 0 경기70아1592 3 39 204000065 277103419 34 
2021-01-02T19:41:10 0 0 경기70아1592 3 39 204000065 277103419 34 
2021-01-02T19:42:09 0 0 경기70아1592 3 39 204000065 277103419 34 
2021-01-02T19:43:09 0 0 경기70아1592 3 39 204000065 277103421 35 
2021-01-02T19:44:08 0 0 경기70아1592 3 39 204000065 122000287 36 
2021-01-02T19:45:08 0 0 경기70아1592 3 39 204000065 122000288 37 
2021-01-02T19:46:08 0 0 경기70아1592 3 39 204000065 122000258 38 
2021-01-02T19:47:08 0 0 경기70아1592 3 39 204000065 122000258 38 
2021-01-02T19:48:08 0 0 경기70아1592 3 39 204000065 122000291 39 
2021-01-02T19:49:07 0 0 경기70아1592 3 39 204000065 122000137 40 
2021-01-02T19:50:07 0 0 경기70아1592 3 39 204000065 122000386 42 
2021-01-02T19:51:07 0 0 경기70아1592 3 39 204000065 122000386 42 
2021-01-02T19:52:06 0 0 경기70아1592 3 39 204000065 122000094 44 
2021-01-02T19:53:06 0 0 경기70아1592 3 39 204000065 122000094 44 
2021-01-02T19:54:06 0 0 경기70아1592 3 39 204000065 122000089 45 
2021-01-02T19:55:05 0 0 경기70아1592 3 39 204000065 122000069 47 
2021-01-02T19:56:05 0 0 경기70아1592 3 39 204000065 122000066 48 
2021-01-02T19:57:04 0 0 경기70아1592 3 39 204000065 122000064 49 
2021-01-02T19:58:03 0 0 경기70아1592 3 39 204000065 122000064 49 
2021-01-02T19:59:02 0 0 경기70아1592 3 39 204000065 122000559 50 
2021-01-02T20:00:02 0 0 경기70아1592 3 39 204000065 122000078 51 
2021-01-02T20:01:02 0 0 경기70아1592 3 39 204000065 122000078 51 
2021-01-02T20:02:01 0 0 경기70아1592 3 39 204000065 122000079 52 
2021-01-02T20:03:01 0 0 경기70아1592 3 39 204000065 122000079 52 
2021-01-02T20:04:01 0 0 경기70아1592 3 39 204000065 122000065 53 
2021-01-02T20:05:00 0 0 경기70아1592 3 39 204000065 122000068 55 
2021-01-02T20:06:00 0 0 경기70아1592 3 39 204000065 122000086 56 
2021-01-02T20:07:00 0 0 경기70아1592 3 39 204000065 122000086 56 
2021-01-02T20:07:59 0 0 경기70아1592 3 39 204000065 122000086 56 
2021-01-02T20:08:59 0 0 경기70아1592 3 39 204000065 122000095 57 
2021-01-02T20:09:58 0 0 경기70아1592 3 38 204000065 122000096 58 
2021-01-02T20:10:58 0 0 경기70아1592 3 38 204000065 122000096 58 
2021-01-02T20:11:57 0 0 경기70아1592 3 38 204000065 122000330 59 
2021-01-02T20:12:56 0 0 경기70아1592 3 38 204000065 122000330 59 
2021-01-02T20:13:56 0 0 경기70아1592 3 38 204000065 122000330 59 
2021-01-02T20:14:55 0 0 경기70아1592 3 38 204000065 122000142 60 
2021-01-02T20:15:55 0 0 경기70아1592 3 38 204000065 122000142 60 
2021-01-02T20:16:54 0 0 경기70아1592 3 38 204000065 122000133 61 
2021-01-02T20:17:53 0 0 경기70아1592 3 38 204000065 122000133 61 
2021-01-02T20:18:53 0 0 경기70아1592 3 38 204000065 122000133 61 
2021-01-02T20:19:52 0 0 경기70아1592 3 38 204000065 122000257 63 
2021-01-02T20:20:52 0 0 경기70아1592 3 38 204000065 122000286 64 
2021-01-02T20:21:52 0 0 경기70아1592 3 37 204000065 122000285 65 
2021-01-02T20:22:51 0 0 경기70아1592 3 37 204000065 122000285 65 
2021-01-02T20:23:50 0 0 경기70아1592 3 37 204000065 277103420 66 
2021-01-02T20:24:50 0 0 경기70아1592 3 37 204000065 277103420 66 
2021-01-02T20:25:49 0 0 경기70아1592 3 37 204000065 277103420 66 
2021-01-02T20:26:49 0 0 경기70아1592 3 37 204000065 277103418 67 
2021-01-02T20:27:49 0 0 경기70아1592 3 37 204000065 277103418 67 
2021-01-02T20:28:49 0 0 경기70아1592 3 37 204000065 277103418 67 
2021-01-02T20:29:49 0 0 경기70아1592 3 37 204000065 277103418 67 
2021-01-02T20:30:48 0 0 경기70아1592 3 37 204000065 277103418 67 
2021-01-02T20:31:47 0 0 경기70아1592 3 37 204000065 277103418 67 
2021-01-02T20:32:47 0 0 경기70아1592 3 38 204000065 205000207 68 
2021-01-02T20:33:47 0 0 경기70아1592 3 38 204000065 205000207 68 
2021-01-02T20:34:46 0 0 경기70아1592 3 38 204000065 205000207 68 
2021-01-02T20:35:46 0 0 경기70아1592 3 38 204000065 205000207 68 
2021-01-02T20:36:45 0 0 경기70아1592 3 38 204000065 205000207 68 
2021-01-02T20:37:45 0 0 경기70아1592 3 38 204000065 205000245 69 
2021-01-02T20:38:45 0 0 경기70아1592 3 38 204000065 205000245 69 
2021-01-02T20:39:45 0 0 경기70아1592 3 38 204000065 206000157 71 
2021-01-02T20:40:44 0 0 경기70아1592 3 38 204000065 206000157 71 
2021-01-02T20:41:44 0 0 경기70아1592 3 38 204000065 206000054 73 
2021-01-02T20:42:44 0 0 경기70아1592 3 38 204000065 206000054 73 
2021-01-02T20:43:44 0 0 경기70아1592 3 38 204000065 206000054 73 
2021-01-02T20:44:44 0 0 경기70아1592 3 38 204000065 206000053 74 
2021-01-02T20:45:43 0 0 경기70아1592 3 38 204000065 206000053 74 
2021-01-02T20:46:43 0 0 경기70아1592 3 38 204000065 206000053 74 
2021-01-02T20:47:42 0 0 경기70아1592 3 39 204000065 206000238 75 
2021-01-02T20:48:42 0 0 경기70아1592 3 39 204000065 206000238 75 
2021-01-02T20:49:41 0 0 경기70아1592 3 39 204000065 206000237 76 
2021-01-02T20:50:41 0 0 경기70아1592 3 39 204000065 206000052 77 
2021-01-02T20:51:41 0 0 경기70아1592 3 39 204000065 206000050 80 
2021-01-02T20:52:40 0 0 경기70아1592 3 39 204000065 206000048 82 
2021-01-02T20:53:40 0 0 경기70아1592 3 39 204000065 206000046 84 
2021-01-02T20:54:40 0 0 경기70아1592 3 39 204000065 206000046 84 
2021-01-02T20:55:39 0 0 경기70아1592 3 39 204000065 206000044 86 
2021-01-02T20:56:39 0 0 경기70아1592 3 39 204000065 206000672 87 
2021-01-02T20:57:39 0 0 경기70아1592 3 39 204000065 206000672 87 
2021-01-02T20:58:38 0 0 경기70아1592 3 39 204000065 206000178 89 
2021-01-02T20:59:38 0 0 경기70아1592 3 39 204000065 206000178 89 
2021-01-02T21:00:37 0 0 경기70아1592 3 39 204000065 206000724 90 
2021-01-02T21:01:37 0 0 경기70아1592 3 39 204000065 206000722 91 
2021-01-02T21:02:37 0 0 경기70아1592 3 39 204000065 206000715 92 
2021-01-02T21:03:36 0 0 경기70아1592 3 39 204000065 206000711 93 
2021-01-02T21:04:36 0 0 경기70아1592 3 39 204000065 206000041 94 
2021-01-02T21:05:36 0 0 경기70아1592 3 39 204000065 206000171 95 
2021-01-02T21:06:35 0 0 경기70아1592 3 39 204000065 206000171 95 
2021-01-02T21:07:35 0 0 경기70아1592 3 39 204000065 206000171 95 
2021-01-02T21:08:35 0 0 경기70아1592 3 39 204000065 206000171 95 
2021-01-02T21:09:34 0 0 경기70아1592 3 39 204000065 206000171 95 
2021-01-02T21:10:34 0 0 경기70아1592 3 39 204000065 206000171 95 
2021-01-02T21:11:33 0 0 경기70아1592 3 39 204000065 206000171 95 
2021-01-02T21:12:33 0 0 경기70아1592 3 39 204000065 206000171 95 
2021-01-02T21:13:33 0 0 경기70아1592 3 39 204000065 206000171 95 
2021-01-02T21:14:32 0 0 경기70아1592 3 39 204000065 206000171 95 
2021-01-02T21:15:31 0 0 경기70아1592 3 39 204000065 206000171 95 
2021-01-02T21:16:31 0 0 경기70아1592 3 39 204000065 206000171 95 
2021-01-02T21:17:31 0 0 경기70아1592 3 39 204000065 206000171 95 
2021-01-02T21:18:31 0 0 경기70아1592 3 39 204000065 206000171 95 
2021-01-02T21:19:31 0 0 경기70아1592 3 39 204000065 206000171 95 
2021-01-02T21:56:19 0 0 경기70아1592 3 39 204000065 206000405 4 
2021-01-02T21:57:19 0 0 경기70아1592 3 39 204000065 206000334 5 
2021-01-02T21:58:19 0 0 경기70아1592 3 39 204000065 206000714 7 
2021-01-02T21:59:18 0 0 경기70아1592 3 39 204000065 206000714 7 
2021-01-02T22:00:18 0 0 경기70아1592 3 39 204000065 206000714 7 
2021-01-02T22:01:17 0 0 경기70아1592 3 39 204000065 206000723 9 
2021-01-02T22:02:17 0 0 경기70아1592 3 39 204000065 206000723 9 
2021-01-02T22:03:16 0 0 경기70아1592 3 39 204000065 206000249 11 
2021-01-02T22:04:15 0 0 경기70아1592 3 39 204000065 206000037 14 
2021-01-02T22:05:15 0 0 경기70아1592 3 39 204000065 206000035 16 
2021-01-02T22:06:14 0 0 경기70아1592 3 39 204000065 206000034 17 
2021-01-02T22:07:14 0 0 경기70아1592 3 39 204000065 206000033 18 
2021-01-02T22:08:14 0 0 경기70아1592 3 39 204000065 206000033 18 
2021-01-02T22:09:13 0 0 경기70아1592 3 39 204000065 206000032 19 
2021-01-02T22:10:14 0 0 경기70아1592 3 39 204000065 206000029 22 
2021-01-02T22:11:14 0 0 경기70아1592 3 39 204000065 206000317 25 
2021-01-02T22:12:13 0 0 경기70아1592 3 39 204000065 206000317 25 
2021-01-02T22:13:13 0 0 경기70아1592 3 39 204000065 206000027 27 
2021-01-02T22:14:13 0 0 경기70아1592 3 39 204000065 206000227 28 
2021-01-02T22:15:12 0 0 경기70아1592 3 39 204000065 206000226 29 
2021-01-02T22:16:12 0 0 경기70아1592 3 39 204000065 206000784 30 
2021-01-02T22:17:12 0 0 경기70아1592 3 39 204000065 205000029 31 
2021-01-02T22:18:11 0 0 경기70아1592 3 39 204000065 205000029 31 
2021-01-02T22:19:11 0 0 경기70아1592 3 39 204000065 205000029 31 
2021-01-02T22:20:10 0 0 경기70아1592 3 39 204000065 205000029 31 
2021-01-02T22:21:10 0 0 경기70아1592 3 39 204000065 205000029 31 
2021-01-02T22:22:09 0 0 경기70아1592 3 39 204000065 205000069 32 
2021-01-02T22:23:09 0 0 경기70아1592 3 39 204000065 277102622 33 
2021-01-02T22:24:08 0 0 경기70아1592 3 39 204000065 277102622 33 
2021-01-02T22:25:07 0 0 경기70아1592 3 39 204000065 277102622 33 
2021-01-02T22:26:07 0 0 경기70아1592 3 39 204000065 277103419 34 
2021-01-02T22:27:06 0 0 경기70아1592 3 39 204000065 277103419 34 
2021-01-02T22:28:06 0 0 경기70아1592 3 39 204000065 277103419 34 
2021-01-02T22:29:05 0 0 경기70아1592 3 39 204000065 277103421 35 
2021-01-02T22:30:05 0 0 경기70아1592 3 39 204000065 277103421 35 
2021-01-02T22:31:05 0 0 경기70아1592 3 39 204000065 122000287 36 
2021-01-02T22:32:04 0 0 경기70아1592 3 39 204000065 122000288 37 
2021-01-02T22:33:05 0 0 경기70아1592 3 39 204000065 122000258 38 
2021-01-02T22:34:06 0 0 경기70아1592 3 39 204000065 122000258 38 
2021-01-02T22:35:05 0 0 경기70아1592 3 39 204000065 122000291 39 
2021-01-02T22:36:06 0 0 경기70아1592 3 39 204000065 122000291 39 
2021-01-02T22:37:04 0 0 경기70아1592 3 39 204000065 122000137 40 
2021-01-02T22:38:03 0 0 경기70아1592 3 39 204000065 122000386 42 
2021-01-02T22:39:04 0 0 경기70아1592 3 39 204000065 122000139 43 
2021-01-02T22:40:04 0 0 경기70아1592 3 39 204000065 122000139 43 
2021-01-02T22:41:04 0 0 경기70아1592 3 39 204000065 122000089 45 
2021-01-02T22:42:02 0 0 경기70아1592 3 39 204000065 122000069 47 
2021-01-02T22:43:02 0 0 경기70아1592 3 39 204000065 122000066 48 
2021-01-02T22:44:02 0 0 경기70아1592 3 39 204000065 122000066 48 
2021-01-02T22:45:01 0 0 경기70아1592 3 39 204000065 122000066 48 
2021-01-02T22:46:00 0 0 경기70아1592 3 39 204000065 122000064 49 
2021-01-02T22:47:00 0 0 경기70아1592 3 39 204000065 122000559 50 
2021-01-02T22:48:00 0 0 경기70아1592 3 39 204000065 122000078 51 
2021-01-02T22:49:00 0 0 경기70아1592 3 39 204000065 122000078 51 
2021-01-02T22:49:58 0 0 경기70아1592 3 39 204000065 122000079 52 
2021-01-02T22:50:59 0 0 경기70아1592 3 39 204000065 122000079 52 
2021-01-02T22:51:57 0 0 경기70아1592 3 39 204000065 122000079 52 
2021-01-02T22:52:59 0 0 경기70아1592 3 39 204000065 122000065 53 
2021-01-02T22:53:57 0 0 경기70아1592 3 39 204000065 122000637 54 
2021-01-02T22:54:59 0 0 경기70아1592 3 39 204000065 122000068 55 
2021-01-02T22:55:57 0 0 경기70아1592 3 39 204000065 122000068 55 
2021-01-02T22:56:55 0 0 경기70아1592 3 39 204000065 122000086 56 
2021-01-02T22:57:55 0 0 경기70아1592 3 39 204000065 122000095 57 
2021-01-02T22:58:54 0 0 경기70아1592 3 39 204000065 122000096 58 
2021-01-02T22:59:54 0 0 경기70아1592 3 39 204000065 122000142 60 
2021-01-02T23:00:56 0 0 경기70아1592 3 39 204000065 122000133 61 
2021-01-02T23:01:53 0 0 경기70아1592 3 39 204000065 122000133 61 
2021-01-02T23:02:53 0 0 경기70아1592 3 39 204000065 122000256 62 
2021-01-02T23:03:52 0 0 경기70아1592 3 39 204000065 122000257 63 
2021-01-02T23:04:51 0 0 경기70아1592 3 39 204000065 122000257 63 
2021-01-02T23:05:51 0 0 경기70아1592 3 39 204000065 122000257 63 
2021-01-02T23:06:50 0 0 경기70아1592 3 39 204000065 122000286 64 
2021-01-02T23:07:50 0 0 경기70아1592 3 39 204000065 122000285 65 
2021-01-02T23:08:50 0 0 경기70아1592 3 39 204000065 277103420 66 
2021-01-02T23:09:49 0 0 경기70아1592 3 39 204000065 277103420 66 
2021-01-02T23:10:48 0 0 경기70아1592 3 39 204000065 277103420 66 
2021-01-02T23:11:47 0 0 경기70아1592 3 39 204000065 277103418 67 
2021-01-02T23:12:48 0 0 경기70아1592 3 39 204000065 277103418 67 
2021-01-02T23:13:46 0 0 경기70아1592 3 39 204000065 277103418 67 
2021-01-02T23:14:45 0 0 경기70아1592 3 39 204000065 277103418 67 
2021-01-02T23:15:45 0 0 경기70아1592 3 39 204000065 277103418 67 
2021-01-02T23:16:45 0 0 경기70아1592 3 39 204000065 205000207 68 
2021-01-02T23:17:44 0 0 경기70아1592 3 39 204000065 205000207 68 
2021-01-02T23:18:44 0 0 경기70아1592 3 39 204000065 205000245 69 
2021-01-02T23:19:44 0 0 경기70아1592 3 39 204000065 206000157 71 
2021-01-02T23:20:43 0 0 경기70아1592 3 38 204000065 206000157 71 
2021-01-02T23:21:42 0 0 경기70아1592 3 38 204000065 206000157 71 
2021-01-02T23:22:42 0 0 경기70아1592 3 38 204000065 206000055 72 
2021-01-02T23:23:42 0 0 경기70아1592 3 38 204000065 206000053 74 
2021-01-02T23:24:41 0 0 경기70아1592 3 38 204000065 206000053 74 
2021-01-02T23:25:41 0 0 경기70아1592 3 38 204000065 206000053 74 
2021-01-02T23:26:41 0 0 경기70아1592 3 38 204000065 206000237 76 
2021-01-02T23:27:41 0 0 경기70아1592 3 38 204000065 206000237 76 
2021-01-02T23:28:40 0 0 경기70아1592 3 38 204000065 206000052 77 
2021-01-02T23:29:40 0 0 경기70아1592 3 38 204000065 206000052 77 
2021-01-02T23:30:39 0 0 경기70아1592 3 38 204000065 206000050 80 
2021-01-02T23:31:39 0 0 경기70아1592 3 38 204000065 206000048 82 
2021-01-02T23:32:38 0 0 경기70아1592 3 39 204000065 206000046 84 
2021-01-02T23:33:37 0 0 경기70아1592 3 39 204000065 206000672 87 
2021-01-02T23:34:37 0 0 경기70아1592 3 39 204000065 206000178 89 
2021-01-02T23:35:36 0 0 경기70아1592 3 39 204000065 206000178 89 
2021-01-02T23:36:36 0 0 경기70아1592 3 39 204000065 206000722 91 
2021-01-02T23:37:36 0 0 경기70아1592 3 39 204000065 206000715 92 
2021-01-02T23:38:35 0 0 경기70아1592 3 39 204000065 206000041 94 
2021-01-02T23:39:34 0 0 경기70아1592 3 39 204000065 206000041 94 
2021-01-02T23:40:34 0 0 경기70아1592 3 39 204000065 206000041 94 
2021-01-02T23:41:33 0 0 경기70아1592 3 39 204000065 206000171 95 
2021-01-02T23:42:33 0 0 경기70아1592 3 39 204000065 206000171 95 
2021-01-02T23:43:32 0 0 경기70아1592 3 39 204000065 206000171 95 
2021-01-02T23:44:32 0 0 경기70아1592 3 39 204000065 206000171 95 
2021-01-02T23:45:31 0 0 경기70아1592 3 39 204000065 206000171 95 
2021-01-02T23:46:31 0 0 경기70아1592 3 39 204000065 206000171 95 
2021-01-02T23:47:30 0 0 경기70아1592 3 39 204000065 206000171 95 
2021-01-02T23:48:30 0 0 경기70아1592 3 39 204000065 206000171 95 
2021-01-02T23:49:29 0 0 경기70아1592 3 39 204000065 206000171 95 
2021-01-02T23:50:28 0 0 경기70아1592 3 39 204000065 206000171 95 
2021-01-02T23:51:28 0 0 경기70아1592 3 39 204000065 206000171 95 
2021-01-02T23:52:28 0 0 경기70아1592 3 39 204000065 206000171 95 
2021-01-02T23:53:27 0 0 경기70아1592 3 39 204000065 206000171 95 
2021-01-02T23:54:27 0 0 경기70아1592 3 39 204000065 206000171 95 
2021-01-02T23:55:26 0 0 경기70아1592 3 39 204000065 206000171 95 
