204000065 2020-12-31T23:53:16.412250+09:00
2021-01-01T06:59:48 0 0 경기70아1592 3 39 204000065 277102558 2 
2021-01-01T07:00:47 0 0 경기70아1592 3 39 204000065 277102470 3 
2021-01-01T07:01:46 0 0 경기70아1592 3 39 204000065 206000405 4 
2021-01-01T07:02:46 0 0 경기70아1592 3 39 204000065 206000334 5 
2021-01-01T07:03:46 0 0 경기70아1592 3 39 204000065 206000710 6 
2021-01-01T07:04:45 0 0 경기70아1592 3 39 204000065 206000714 7 
2021-01-01T07:05:45 0 0 경기70아1592 3 39 204000065 206000721 8 
2021-01-01T07:06:44 0 0 경기70아1592 3 39 204000065 206000723 9 
2021-01-01T07:07:44 0 0 경기70아1592 3 39 204000065 206000327 10 
2021-01-01T07:08:43 0 0 경기70아1592 3 39 204000065 206000038 13 
2021-01-01T07:09:42 0 0 경기70아1592 3 39 204000065 206000037 14 
2021-01-01T07:10:41 0 0 경기70아1592 3 39 204000065 206000035 16 
2021-01-01T07:11:40 0 0 경기70아1592 3 39 204000065 206000033 18 
2021-01-01T07:12:40 0 0 경기70아1592 3 39 204000065 206000030 21 
2021-01-01T07:13:40 0 0 경기70아1592 3 39 204000065 206000318 24 
2021-01-01T07:14:40 0 0 경기70아1592 3 39 204000065 206000317 25 
2021-01-01T07:15:39 0 0 경기70아1592 3 39 204000065 206000027 27 
2021-01-01T07:16:38 0 0 경기70아1592 3 39 204000065 206000027 27 
2021-01-01T07:17:38 0 0 경기70아1592 3 39 204000065 206000226 29 
2021-01-01T07:18:37 0 0 경기70아1592 3 39 204000065 206000784 30 
2021-01-01T07:19:36 0 0 경기70아1592 3 39 204000065 205000029 31 
2021-01-01T07:20:35 0 0 경기70아1592 3 39 204000065 205000029 31 
2021-01-01T07:21:35 0 0 경기70아1592 3 39 204000065 205000029 31 
2021-01-01T07:22:35 0 0 경기70아1592 3 39 204000065 205000029 31 
2021-01-01T07:23:35 0 0 경기70아1592 3 39 204000065 205000029 31 
2021-01-01T07:24:35 0 0 경기70아1592 3 39 204000065 205000069 32 
2021-01-01T07:25:34 0 0 경기70아1592 3 39 204000065 205000069 32 
2021-01-01T07:26:34 0 0 경기70아1592 3 39 204000065 277102622 33 
2021-01-01T07:27:33 0 0 경기70아1592 3 39 204000065 277102622 33 
2021-01-01T07:28:33 0 0 경기70아1592 3 39 204000065 277102622 33 
2021-01-01T07:29:33 0 0 경기70아1592 3 39 204000065 277103419 34 
2021-01-01T07:30:33 0 0 경기70아1592 3 39 204000065 277103419 34 
2021-01-01T07:31:32 0 0 경기70아1592 3 39 204000065 277103421 35 
2021-01-01T07:32:32 0 0 경기70아1592 3 39 204000065 277103421 35 
2021-01-01T07:33:31 0 0 경기70아1592 3 39 204000065 122000288 37 
2021-01-01T07:34:31 0 0 경기70아1592 3 39 204000065 122000288 37 
2021-01-01T07:35:31 0 0 경기70아1592 3 39 204000065 122000258 38 
2021-01-01T07:36:31 0 0 경기70아1592 3 39 204000065 122000291 39 
2021-01-01T07:37:30 0 0 경기70아1592 3 39 204000065 122000137 40 
2021-01-01T07:38:29 0 0 경기70아1592 3 39 204000065 122000388 41 
2021-01-01T07:39:29 0 0 경기70아1592 3 39 204000065 122000386 42 
2021-01-01T07:40:28 0 0 경기70아1592 3 39 204000065 122000139 43 
2021-01-01T07:41:28 0 0 경기70아1592 3 39 204000065 122000139 43 
2021-01-01T07:42:27 0 0 경기70아1592 3 39 204000065 122000094 44 
2021-01-01T07:43:26 0 0 경기70아1592 3 39 204000065 122000085 46 
2021-01-01T07:44:26 0 0 경기70아1592 3 39 204000065 122000066 48 
2021-01-01T07:45:25 0 0 경기70아1592 3 39 204000065 122000064 49 
2021-01-01T07:46:24 0 0 경기70아1592 3 39 204000065 122000064 49 
2021-01-01T07:47:24 0 0 경기70아1592 3 39 204000065 122000559 50 
2021-01-01T07:48:24 0 0 경기70아1592 3 39 204000065 122000078 51 
2021-01-01T07:49:23 0 0 경기70아1592 3 39 204000065 122000078 51 
2021-01-01T07:50:23 0 0 경기70아1592 3 39 204000065 122000079 52 
2021-01-01T07:51:22 0 0 경기70아1592 3 39 204000065 122000079 52 
2021-01-01T07:52:21 0 0 경기70아1592 3 39 204000065 122000079 52 
2021-01-01T07:53:21 0 0 경기70아1592 3 39 204000065 122000079 52 
2021-01-01T07:54:21 0 0 경기70아1592 3 39 204000065 122000079 52 
2021-01-01T07:55:20 0 0 경기70아1592 3 39 204000065 122000079 52 
2021-01-01T07:56:20 0 0 경기70아1592 3 39 204000065 122000079 52 
2021-01-01T07:57:20 0 0 경기70아1592 3 39 204000065 122000079 52 
2021-01-01T07:58:20 0 0 경기70아1592 3 39 204000065 122000065 53 
2021-01-01T07:59:19 0 0 경기70아1592 3 39 204000065 122000637 54 
2021-01-01T08:00:20 0 0 경기70아1592 3 39 204000065 122000068 55 
2021-01-01T08:01:19 0 0 경기70아1592 3 39 204000065 122000068 55 
2021-01-01T08:02:19 0 0 경기70아1592 3 39 204000065 122000086 56 
2021-01-01T08:03:19 0 0 경기70아1592 3 39 204000065 122000086 56 
2021-01-01T08:04:18 0 0 경기70아1592 3 39 204000065 122000096 58 
2021-01-01T08:05:17 0 0 경기70아1592 3 39 204000065 122000096 58 
2021-01-01T08:06:17 0 0 경기70아1592 3 39 204000065 122000142 60 
2021-01-01T08:07:17 0 0 경기70아1592 3 39 204000065 122000133 61 
2021-01-01T08:08:16 0 0 경기70아1592 3 39 204000065 122000256 62 
2021-01-01T08:09:16 0 0 경기70아1592 3 39 204000065 122000257 63 
2021-01-01T08:10:16 0 0 경기70아1592 3 39 204000065 122000257 63 
2021-01-01T08:11:16 0 0 경기70아1592 3 39 204000065 122000257 63 
2021-01-01T08:12:15 0 0 경기70아1592 3 39 204000065 122000286 64 
2021-01-01T08:13:15 0 0 경기70아1592 3 38 204000065 122000285 65 
2021-01-01T08:14:14 0 0 경기70아1592 3 38 204000065 122000285 65 
2021-01-01T08:15:14 0 0 경기70아1592 3 38 204000065 277103420 66 
2021-01-01T08:16:14 0 0 경기70아1592 3 38 204000065 277103420 66 
2021-01-01T08:17:14 0 0 경기70아1592 3 38 204000065 277103418 67 
2021-01-01T08:18:13 0 0 경기70아1592 3 38 204000065 277103418 67 
2021-01-01T08:19:13 0 0 경기70아1592 3 38 204000065 277103418 67 
2021-01-01T08:20:12 0 0 경기70아1592 3 38 204000065 277103418 67 
2021-01-01T08:21:12 0 0 경기70아1592 3 38 204000065 277103418 67 
2021-01-01T08:22:11 0 0 경기70아1592 3 38 204000065 277103418 67 
2021-01-01T08:23:11 0 0 경기70아1592 3 38 204000065 205000207 68 
2021-01-01T08:24:10 0 0 경기70아1592 3 38 204000065 205000207 68 
2021-01-01T08:25:10 0 0 경기70아1592 3 38 204000065 205000207 68 
2021-01-01T08:26:10 0 0 경기70아1592 3 38 204000065 205000245 69 
2021-01-01T08:27:10 0 0 경기70아1592 3 38 204000065 205000245 69 
2021-01-01T08:28:09 0 0 경기70아1592 3 38 204000065 206000157 71 
2021-01-01T08:29:09 0 0 경기70아1592 3 38 204000065 206000157 71 
2021-01-01T08:30:09 0 0 경기70아1592 3 39 204000065 206000053 74 
2021-01-01T08:31:08 0 0 경기70아1592 3 39 204000065 206000053 74 
2021-01-01T08:32:08 0 0 경기70아1592 3 39 204000065 206000238 75 
2021-01-01T08:33:07 0 0 경기70아1592 3 39 204000065 206000237 76 
2021-01-01T08:34:07 0 0 경기70아1592 3 39 204000065 206000237 76 
2021-01-01T08:35:06 0 0 경기70아1592 3 39 204000065 206000052 77 
2021-01-01T08:36:06 0 0 경기70아1592 3 39 204000065 206000128 79 
2021-01-01T08:37:05 0 0 경기70아1592 3 39 204000065 206000049 81 
2021-01-01T08:38:04 0 0 경기70아1592 3 39 204000065 206000047 83 
2021-01-01T08:39:04 0 0 경기70아1592 3 39 204000065 206000672 87 
2021-01-01T08:40:03 0 0 경기70아1592 3 39 204000065 206000043 88 
2021-01-01T08:41:03 0 0 경기70아1592 3 39 204000065 206000178 89 
2021-01-01T08:42:03 0 0 경기70아1592 3 39 204000065 206000724 90 
2021-01-01T08:43:03 0 0 경기70아1592 3 39 204000065 206000722 91 
2021-01-01T08:44:02 0 0 경기70아1592 3 39 204000065 206000722 91 
2021-01-01T08:45:01 0 0 경기70아1592 3 39 204000065 206000715 92 
2021-01-01T08:46:00 0 0 경기70아1592 3 39 204000065 206000041 94 
2021-01-01T08:46:59 0 0 경기70아1592 3 39 204000065 206000171 95 
2021-01-01T10:57:55 0 0 경기70아1592 3 39 204000065 277102470 3 
2021-01-01T10:58:54 0 0 경기70아1592 3 39 204000065 277102470 3 
2021-01-01T10:59:54 0 0 경기70아1592 3 39 204000065 206000334 5 
2021-01-01T11:00:54 0 0 경기70아1592 3 39 204000065 206000334 5 
2021-01-01T11:01:53 0 0 경기70아1592 3 39 204000065 206000710 6 
2021-01-01T11:02:52 0 0 경기70아1592 3 39 204000065 206000714 7 
2021-01-01T11:03:52 0 0 경기70아1592 3 39 204000065 206000721 8 
2021-01-01T11:04:52 0 0 경기70아1592 3 39 204000065 206000721 8 
2021-01-01T11:05:51 0 0 경기70아1592 3 39 204000065 206000723 9 
2021-01-01T11:06:51 0 0 경기70아1592 3 39 204000065 206000723 9 
2021-01-01T11:07:50 0 0 경기70아1592 3 39 204000065 206000327 10 
2021-01-01T11:08:49 0 0 경기70아1592 3 39 204000065 206000249 11 
2021-01-01T11:09:49 0 0 경기70아1592 3 39 204000065 206000037 14 
2021-01-01T11:10:49 0 0 경기70아1592 3 39 204000065 206000035 16 
2021-01-01T11:11:49 0 0 경기70아1592 3 39 204000065 206000033 18 
2021-01-01T11:12:48 0 0 경기70아1592 3 39 204000065 206000030 21 
2021-01-01T11:13:47 0 0 경기70아1592 3 39 204000065 206000030 21 
2021-01-01T11:14:47 0 0 경기70아1592 3 39 204000065 206000030 21 
2021-01-01T11:15:46 0 0 경기70아1592 3 39 204000065 206000383 23 
2021-01-01T11:16:46 0 0 경기70아1592 3 39 204000065 206000318 24 
2021-01-01T11:17:45 0 0 경기70아1592 3 39 204000065 206000318 24 
2021-01-01T11:18:45 0 0 경기70아1592 3 39 204000065 206000317 25 
2021-01-01T11:19:45 0 0 경기70아1592 3 39 204000065 206000317 25 
2021-01-01T11:20:44 0 0 경기70아1592 3 39 204000065 206000027 27 
2021-01-01T11:21:43 0 0 경기70아1592 3 39 204000065 206000027 27 
2021-01-01T11:22:43 0 0 경기70아1592 3 39 204000065 206000227 28 
2021-01-01T11:23:42 0 0 경기70아1592 3 39 204000065 206000226 29 
2021-01-01T11:24:42 0 0 경기70아1592 3 39 204000065 206000226 29 
2021-01-01T11:25:42 0 0 경기70아1592 3 39 204000065 206000226 29 
2021-01-01T11:26:42 0 0 경기70아1592 3 39 204000065 206000784 30 
2021-01-01T11:27:42 0 0 경기70아1592 3 39 204000065 205000029 31 
2021-01-01T11:28:41 0 0 경기70아1592 3 39 204000065 205000029 31 
2021-01-01T11:29:40 0 0 경기70아1592 3 39 204000065 205000029 31 
2021-01-01T11:30:40 0 0 경기70아1592 3 39 204000065 205000029 31 
2021-01-01T11:31:40 0 0 경기70아1592 3 39 204000065 205000029 31 
2021-01-01T11:32:39 0 0 경기70아1592 3 39 204000065 205000069 32 
2021-01-01T11:33:39 0 0 경기70아1592 3 39 204000065 205000069 32 
2021-01-01T11:34:38 0 0 경기70아1592 3 39 204000065 205000069 32 
2021-01-01T11:35:38 0 0 경기70아1592 3 39 204000065 277102622 33 
2021-01-01T11:36:37 0 0 경기70아1592 3 39 204000065 277102622 33 
2021-01-01T11:37:37 0 0 경기70아1592 3 39 204000065 277102622 33 
2021-01-01T11:38:36 0 0 경기70아1592 3 39 204000065 277102622 33 
2021-01-01T11:39:36 0 0 경기70아1592 3 39 204000065 277103419 34 
2021-01-01T11:40:35 0 0 경기70아1592 3 39 204000065 277103419 34 
2021-01-01T11:41:35 0 0 경기70아1592 3 39 204000065 277103419 34 
2021-01-01T11:42:35 0 0 경기70아1592 3 39 204000065 277103421 35 
2021-01-01T11:43:34 0 0 경기70아1592 3 39 204000065 277103421 35 
2021-01-01T11:44:34 0 0 경기70아1592 3 39 204000065 122000288 37 
2021-01-01T11:45:33 0 0 경기70아1592 3 39 204000065 122000288 37 
2021-01-01T11:46:33 0 0 경기70아1592 3 39 204000065 122000288 37 
2021-01-01T11:47:33 0 0 경기70아1592 3 39 204000065 122000258 38 
2021-01-01T11:48:33 0 0 경기70아1592 3 39 204000065 122000258 38 
2021-01-01T11:49:32 0 0 경기70아1592 3 39 204000065 122000258 38 
2021-01-01T11:50:32 0 0 경기70아1592 3 39 204000065 122000291 39 
2021-01-01T11:51:31 0 0 경기70아1592 3 39 204000065 122000137 40 
2021-01-01T11:52:31 0 0 경기70아1592 3 39 204000065 122000386 42 
2021-01-01T11:53:31 0 0 경기70아1592 3 39 204000065 122000386 42 
2021-01-01T11:54:30 0 0 경기70아1592 3 39 204000065 122000139 43 
2021-01-01T11:55:30 0 0 경기70아1592 3 39 204000065 122000094 44 
2021-01-01T11:56:29 0 0 경기70아1592 3 39 204000065 122000094 44 
2021-01-01T11:57:28 0 0 경기70아1592 3 39 204000065 122000089 45 
2021-01-01T11:58:27 0 0 경기70아1592 3 39 204000065 122000066 48 
2021-01-01T11:59:26 0 0 경기70아1592 3 39 204000065 122000064 49 
2021-01-01T12:00:25 0 0 경기70아1592 3 39 204000065 122000064 49 
2021-01-01T12:01:24 0 0 경기70아1592 3 39 204000065 122000064 49 
2021-01-01T12:02:23 0 0 경기70아1592 3 39 204000065 122000559 50 
2021-01-01T12:03:22 0 0 경기70아1592 3 39 204000065 122000078 51 
2021-01-01T12:04:22 0 0 경기70아1592 3 39 204000065 122000079 52 
2021-01-01T12:05:22 0 0 경기70아1592 3 39 204000065 122000079 52 
2021-01-01T12:06:22 0 0 경기70아1592 3 39 204000065 122000079 52 
2021-01-01T12:07:21 0 0 경기70아1592 3 39 204000065 122000065 53 
2021-01-01T12:08:21 0 0 경기70아1592 3 39 204000065 122000637 54 
2021-01-01T12:09:21 0 0 경기70아1592 3 39 204000065 122000637 54 
2021-01-01T12:10:21 0 0 경기70아1592 3 39 204000065 122000068 55 
2021-01-01T12:11:20 0 0 경기70아1592 3 39 204000065 122000068 55 
2021-01-01T12:12:19 0 0 경기70아1592 3 39 204000065 122000086 56 
2021-01-01T12:13:19 0 0 경기70아1592 3 39 204000065 122000095 57 
2021-01-01T12:14:18 0 0 경기70아1592 3 39 204000065 122000096 58 
2021-01-01T12:15:17 0 0 경기70아1592 3 39 204000065 122000096 58 
2021-01-01T12:16:17 0 0 경기70아1592 3 39 204000065 122000330 59 
2021-01-01T12:17:17 0 0 경기70아1592 3 39 204000065 122000330 59 
2021-01-01T12:18:16 0 0 경기70아1592 3 39 204000065 122000142 60 
2021-01-01T12:19:16 0 0 경기70아1592 3 39 204000065 122000142 60 
2021-01-01T12:20:16 0 0 경기70아1592 3 39 204000065 122000142 60 
2021-01-01T12:21:15 0 0 경기70아1592 3 39 204000065 122000133 61 
2021-01-01T12:22:14 0 0 경기70아1592 3 39 204000065 122000133 61 
2021-01-01T12:23:14 0 0 경기70아1592 3 39 204000065 122000133 61 
2021-01-01T12:24:13 0 0 경기70아1592 3 39 204000065 122000256 62 
2021-01-01T12:25:12 0 0 경기70아1592 3 39 204000065 122000257 63 
2021-01-01T12:26:12 0 0 경기70아1592 3 39 204000065 122000257 63 
2021-01-01T12:27:12 0 0 경기70아1592 3 39 204000065 122000257 63 
2021-01-01T12:28:11 0 0 경기70아1592 3 39 204000065 122000257 63 
2021-01-01T12:29:10 0 0 경기70아1592 3 39 204000065 122000286 64 
2021-01-01T12:30:10 0 0 경기70아1592 3 39 204000065 122000285 65 
2021-01-01T12:31:10 0 0 경기70아1592 3 39 204000065 277103420 66 
2021-01-01T12:32:09 0 0 경기70아1592 3 39 204000065 277103420 66 
2021-01-01T12:33:08 0 0 경기70아1592 3 39 204000065 277103420 66 
2021-01-01T12:34:08 0 0 경기70아1592 3 39 204000065 277103420 66 
2021-01-01T12:35:07 0 0 경기70아1592 3 39 204000065 277103418 67 
2021-01-01T12:36:06 0 0 경기70아1592 3 39 204000065 277103418 67 
2021-01-01T12:37:06 0 0 경기70아1592 3 39 204000065 277103418 67 
2021-01-01T12:38:06 0 0 경기70아1592 3 39 204000065 277103418 67 
2021-01-01T12:39:05 0 0 경기70아1592 3 39 204000065 277103418 67 
2021-01-01T12:40:04 0 0 경기70아1592 3 39 204000065 277103418 67 
2021-01-01T12:41:03 0 0 경기70아1592 3 39 204000065 277103418 67 
2021-01-01T12:42:03 0 0 경기70아1592 3 39 204000065 205000207 68 
2021-01-01T12:43:02 0 0 경기70아1592 3 39 204000065 205000207 68 
2021-01-01T12:44:02 0 0 경기70아1592 3 39 204000065 205000207 68 
2021-01-01T12:45:01 0 0 경기70아1592 3 39 204000065 205000207 68 
2021-01-01T12:46:01 0 0 경기70아1592 3 39 204000065 205000245 69 
2021-01-01T12:47:01 0 0 경기70아1592 3 39 204000065 205000245 69 
2021-01-01T12:48:00 0 0 경기70아1592 3 39 204000065 205000245 69 
2021-01-01T12:49:00 0 0 경기70아1592 3 39 204000065 206000157 71 
2021-01-01T12:49:59 0 0 경기70아1592 3 39 204000065 206000157 71 
2021-01-01T12:50:59 0 0 경기70아1592 3 39 204000065 206000157 71 
2021-01-01T12:51:57 0 0 경기70아1592 3 39 204000065 206000157 71 
2021-01-01T12:52:57 0 0 경기70아1592 3 39 204000065 206000055 72 
2021-01-01T12:53:57 0 0 경기70아1592 3 39 204000065 206000054 73 
2021-01-01T12:54:56 0 0 경기70아1592 3 39 204000065 206000054 73 
2021-01-01T12:55:55 0 0 경기70아1592 3 39 204000065 206000053 74 
2021-01-01T12:56:55 0 0 경기70아1592 3 39 204000065 206000053 74 
2021-01-01T12:57:55 0 0 경기70아1592 3 39 204000065 206000053 74 
2021-01-01T12:58:54 0 0 경기70아1592 3 38 204000065 206000238 75 
2021-01-01T12:59:53 0 0 경기70아1592 3 38 204000065 206000238 75 
2021-01-01T13:00:53 0 0 경기70아1592 3 38 204000065 206000237 76 
2021-01-01T13:01:53 0 0 경기70아1592 3 38 204000065 206000052 77 
2021-01-01T13:02:52 0 0 경기70아1592 3 38 204000065 206000051 78 
2021-01-01T13:03:52 0 0 경기70아1592 3 38 204000065 206000128 79 
2021-01-01T13:04:51 0 0 경기70아1592 3 38 204000065 206000128 79 
2021-01-01T13:05:51 0 0 경기70아1592 3 37 204000065 206000050 80 
2021-01-01T13:06:51 0 0 경기70아1592 3 37 204000065 206000048 82 
2021-01-01T13:07:51 0 0 경기70아1592 3 37 204000065 206000047 83 
2021-01-01T13:08:50 0 0 경기70아1592 3 37 204000065 206000047 83 
2021-01-01T13:09:50 0 0 경기70아1592 3 37 204000065 206000045 85 
2021-01-01T13:10:50 0 0 경기70아1592 3 37 204000065 206000672 87 
2021-01-01T13:11:50 0 0 경기70아1592 3 37 204000065 206000043 88 
2021-01-01T13:12:49 0 0 경기70아1592 3 37 204000065 206000178 89 
2021-01-01T13:13:49 0 0 경기70아1592 3 37 204000065 206000178 89 
2021-01-01T13:14:48 0 0 경기70아1592 3 37 204000065 206000724 90 
2021-01-01T13:15:47 0 0 경기70아1592 3 37 204000065 206000722 91 
2021-01-01T13:16:46 0 0 경기70아1592 3 37 204000065 206000722 91 
2021-01-01T13:17:46 0 0 경기70아1592 3 37 204000065 206000715 92 
2021-01-01T13:18:45 0 0 경기70아1592 3 38 204000065 206000041 94 
2021-01-01T13:19:44 0 0 경기70아1592 3 38 204000065 206000041 94 
2021-01-01T13:20:44 0 0 경기70아1592 3 38 204000065 206000171 95 
2021-01-01T15:30:52 0 0 경기70아1592 3 39 204000065 277102470 3 
2021-01-01T15:31:51 0 0 경기70아1592 3 39 204000065 206000334 5 
2021-01-01T15:32:51 0 0 경기70아1592 3 39 204000065 206000334 5 
2021-01-01T15:33:51 0 0 경기70아1592 3 39 204000065 206000710 6 
2021-01-01T15:34:50 0 0 경기70아1592 3 39 204000065 206000714 7 
2021-01-01T15:35:50 0 0 경기70아1592 3 39 204000065 206000721 8 
2021-01-01T15:36:50 0 0 경기70아1592 3 39 204000065 206000723 9 
2021-01-01T15:37:50 0 0 경기70아1592 3 39 204000065 206000327 10 
2021-01-01T15:38:49 0 0 경기70아1592 3 39 204000065 206000249 11 
2021-01-01T15:39:49 0 0 경기70아1592 3 39 204000065 206000039 12 
2021-01-01T15:40:49 0 0 경기70아1592 3 39 204000065 206000037 14 
2021-01-01T15:41:49 0 0 경기70아1592 3 39 204000065 206000037 14 
2021-01-01T15:42:49 0 0 경기70아1592 3 39 204000065 206000035 16 
2021-01-01T15:43:49 0 0 경기70아1592 3 39 204000065 206000034 17 
2021-01-01T15:44:48 0 0 경기70아1592 3 39 204000065 206000034 17 
2021-01-01T15:45:47 0 0 경기70아1592 3 39 204000065 206000033 18 
2021-01-01T15:46:47 0 0 경기70아1592 3 39 204000065 206000032 19 
2021-01-01T15:47:47 0 0 경기70아1592 3 39 204000065 206000030 21 
2021-01-01T15:48:47 0 0 경기70아1592 3 39 204000065 206000030 21 
2021-01-01T15:49:47 0 0 경기70아1592 3 39 204000065 206000030 21 
2021-01-01T15:50:46 0 0 경기70아1592 3 39 204000065 206000383 23 
2021-01-01T15:51:46 0 0 경기70아1592 3 38 204000065 206000318 24 
2021-01-01T15:52:46 0 0 경기70아1592 3 38 204000065 206000318 24 
2021-01-01T15:53:45 0 0 경기70아1592 3 38 204000065 206000317 25 
2021-01-01T15:54:45 0 0 경기70아1592 3 38 204000065 206000027 27 
2021-01-01T15:55:44 0 0 경기70아1592 3 38 204000065 206000027 27 
2021-01-01T15:56:44 0 0 경기70아1592 3 38 204000065 206000027 27 
2021-01-01T15:57:43 0 0 경기70아1592 3 38 204000065 206000226 29 
2021-01-01T15:58:42 0 0 경기70아1592 3 39 204000065 206000784 30 
2021-01-01T15:59:42 0 0 경기70아1592 3 39 204000065 206000784 30 
2021-01-01T16:00:42 0 0 경기70아1592 3 39 204000065 206000784 30 
2021-01-01T16:01:41 0 0 경기70아1592 3 39 204000065 205000029 31 
2021-01-01T16:02:41 0 0 경기70아1592 3 38 204000065 205000029 31 
2021-01-01T16:03:41 0 0 경기70아1592 3 38 204000065 205000029 31 
2021-01-01T16:04:40 0 0 경기70아1592 3 38 204000065 205000029 31 
2021-01-01T16:05:40 0 0 경기70아1592 3 38 204000065 205000069 32 
2021-01-01T16:06:39 0 0 경기70아1592 3 38 204000065 205000069 32 
2021-01-01T16:07:38 0 0 경기70아1592 3 38 204000065 205000069 32 
2021-01-01T16:08:38 0 0 경기70아1592 3 38 204000065 205000069 32 
2021-01-01T16:09:38 0 0 경기70아1592 3 38 204000065 277102622 33 
2021-01-01T16:10:38 0 0 경기70아1592 3 38 204000065 277102622 33 
2021-01-01T16:11:38 0 0 경기70아1592 3 38 204000065 277102622 33 
2021-01-01T16:12:37 0 0 경기70아1592 3 38 204000065 277103419 34 
2021-01-01T16:13:37 0 0 경기70아1592 3 38 204000065 277103419 34 
2021-01-01T16:14:37 0 0 경기70아1592 3 38 204000065 277103419 34 
2021-01-01T16:15:36 0 0 경기70아1592 3 38 204000065 277103419 34 
2021-01-01T16:16:36 0 0 경기70아1592 3 38 204000065 277103421 35 
2021-01-01T16:17:35 0 0 경기70아1592 3 38 204000065 122000287 36 
2021-01-01T16:18:35 0 0 경기70아1592 3 38 204000065 122000288 37 
2021-01-01T16:19:34 0 0 경기70아1592 3 38 204000065 122000288 37 
2021-01-01T16:20:34 0 0 경기70아1592 3 38 204000065 122000258 38 
2021-01-01T16:21:33 0 0 경기70아1592 3 38 204000065 122000258 38 
2021-01-01T16:22:33 0 0 경기70아1592 3 38 204000065 122000291 39 
2021-01-01T16:23:33 0 0 경기70아1592 3 38 204000065 122000137 40 
2021-01-01T16:24:33 0 0 경기70아1592 3 38 204000065 122000386 42 
2021-01-01T16:25:33 0 0 경기70아1592 3 38 204000065 122000386 42 
2021-01-01T16:26:32 0 0 경기70아1592 3 39 204000065 122000139 43 
2021-01-01T16:27:32 0 0 경기70아1592 3 39 204000065 122000094 44 
2021-01-01T16:28:32 0 0 경기70아1592 3 39 204000065 122000089 45 
2021-01-01T16:29:31 0 0 경기70아1592 3 39 204000065 122000085 46 
2021-01-01T16:30:30 0 0 경기70아1592 3 39 204000065 122000066 48 
2021-01-01T16:31:30 0 0 경기70아1592 3 39 204000065 122000064 49 
2021-01-01T16:32:30 0 0 경기70아1592 3 39 204000065 122000064 49 
2021-01-01T16:33:30 0 0 경기70아1592 3 39 204000065 122000559 50 
2021-01-01T16:34:29 0 0 경기70아1592 3 39 204000065 122000078 51 
2021-01-01T16:35:29 0 0 경기70아1592 3 39 204000065 122000078 51 
2021-01-01T16:36:29 0 0 경기70아1592 3 39 204000065 122000079 52 
2021-01-01T16:37:29 0 0 경기70아1592 3 39 204000065 122000079 52 
2021-01-01T16:38:29 0 0 경기70아1592 3 39 204000065 122000065 53 
2021-01-01T16:39:28 0 0 경기70아1592 3 39 204000065 122000068 55 
2021-01-01T16:40:28 0 0 경기70아1592 3 39 204000065 122000068 55 
2021-01-01T16:41:27 0 0 경기70아1592 3 39 204000065 122000086 56 
2021-01-01T16:42:27 0 0 경기70아1592 3 39 204000065 122000096 58 
2021-01-01T16:43:27 0 0 경기70아1592 3 38 204000065 122000096 58 
2021-01-01T16:44:27 0 0 경기70아1592 3 38 204000065 122000096 58 
2021-01-01T16:45:26 0 0 경기70아1592 3 38 204000065 122000142 60 
2021-01-01T16:46:25 0 0 경기70아1592 3 38 204000065 122000142 60 
2021-01-01T16:47:25 0 0 경기70아1592 3 38 204000065 122000142 60 
2021-01-01T16:48:24 0 0 경기70아1592 3 38 204000065 122000133 61 
2021-01-01T16:49:24 0 0 경기70아1592 3 38 204000065 122000133 61 
2021-01-01T16:50:23 0 0 경기70아1592 3 38 204000065 122000133 61 
2021-01-01T16:51:22 0 0 경기70아1592 3 38 204000065 122000257 63 
2021-01-01T16:52:21 0 0 경기70아1592 3 38 204000065 122000257 63 
2021-01-01T16:53:21 0 0 경기70아1592 3 38 204000065 122000257 63 
2021-01-01T16:54:21 0 0 경기70아1592 3 38 204000065 122000285 65 
2021-01-01T16:55:20 0 0 경기70아1592 3 38 204000065 122000285 65 
2021-01-01T16:56:20 0 0 경기70아1592 3 38 204000065 277103420 66 
2021-01-01T16:57:19 0 0 경기70아1592 3 38 204000065 277103420 66 
2021-01-01T16:58:18 0 0 경기70아1592 3 38 204000065 277103420 66 
2021-01-01T16:59:18 0 0 경기70아1592 3 38 204000065 277103418 67 
2021-01-01T17:00:18 0 0 경기70아1592 3 38 204000065 277103418 67 
2021-01-01T17:01:18 0 0 경기70아1592 3 38 204000065 277103418 67 
2021-01-01T17:02:18 0 0 경기70아1592 3 38 204000065 277103418 67 
2021-01-01T17:03:17 0 0 경기70아1592 3 38 204000065 277103418 67 
2021-01-01T17:04:16 0 0 경기70아1592 3 38 204000065 205000207 68 
2021-01-01T17:05:15 0 0 경기70아1592 3 38 204000065 205000207 68 
2021-01-01T17:06:15 0 0 경기70아1592 3 38 204000065 205000207 68 
2021-01-01T17:07:15 0 0 경기70아1592 3 38 204000065 205000245 69 
2021-01-01T17:08:14 0 0 경기70아1592 3 38 204000065 205000245 69 
2021-01-01T17:09:13 0 0 경기70아1592 3 38 204000065 206000361 70 
2021-01-01T17:10:13 0 0 경기70아1592 3 38 204000065 206000157 71 
2021-01-01T17:11:12 0 0 경기70아1592 3 38 204000065 206000055 72 
2021-01-01T17:12:12 0 0 경기70아1592 3 38 204000065 206000053 74 
2021-01-01T17:13:11 0 0 경기70아1592 3 38 204000065 206000053 74 
2021-01-01T17:14:11 0 0 경기70아1592 3 38 204000065 206000053 74 
2021-01-01T17:15:11 0 0 경기70아1592 3 38 204000065 206000238 75 
2021-01-01T17:16:10 0 0 경기70아1592 3 38 204000065 206000238 75 
2021-01-01T17:17:10 0 0 경기70아1592 3 38 204000065 206000052 77 
2021-01-01T17:18:10 0 0 경기70아1592 3 39 204000065 206000051 78 
2021-01-01T17:19:09 0 0 경기70아1592 3 39 204000065 206000128 79 
2021-01-01T17:20:09 0 0 경기70아1592 3 39 204000065 206000128 79 
2021-01-01T17:21:08 0 0 경기70아1592 3 39 204000065 206000128 79 
2021-01-01T17:22:07 0 0 경기70아1592 3 39 204000065 206000049 81 
2021-01-01T17:23:07 0 0 경기70아1592 3 39 204000065 206000047 83 
2021-01-01T17:24:06 0 0 경기70아1592 3 39 204000065 206000672 87 
2021-01-01T17:25:05 0 0 경기70아1592 3 39 204000065 206000672 87 
2021-01-01T17:26:04 0 0 경기70아1592 3 39 204000065 206000178 89 
2021-01-01T17:27:04 0 0 경기70아1592 3 39 204000065 206000178 89 
2021-01-01T17:28:04 0 0 경기70아1592 3 39 204000065 206000724 90 
2021-01-01T17:29:04 0 0 경기70아1592 3 39 204000065 206000722 91 
2021-01-01T17:30:04 0 0 경기70아1592 3 39 204000065 206000715 92 
2021-01-01T17:31:03 0 0 경기70아1592 3 39 204000065 206000041 94 
2021-01-01T17:32:02 0 0 경기70아1592 3 39 204000065 206000171 95 
2021-01-01T19:10:27 0 0 경기70아1592 3 39 204000065 277102470 3 
2021-01-01T19:11:27 0 0 경기70아1592 3 39 204000065 206000334 5 
2021-01-01T19:12:27 0 0 경기70아1592 3 39 204000065 206000710 6 
2021-01-01T19:13:27 0 0 경기70아1592 3 39 204000065 206000714 7 
2021-01-01T19:14:26 0 0 경기70아1592 3 39 204000065 206000714 7 
2021-01-01T19:15:26 0 0 경기70아1592 3 39 204000065 206000714 7 
2021-01-01T19:16:25 0 0 경기70아1592 3 39 204000065 206000723 9 
2021-01-01T19:17:24 0 0 경기70아1592 3 39 204000065 206000723 9 
2021-01-01T19:18:24 0 0 경기70아1592 3 39 204000065 206000249 11 
2021-01-01T19:19:24 0 0 경기70아1592 3 39 204000065 206000039 12 
2021-01-01T19:20:23 0 0 경기70아1592 3 39 204000065 206000038 13 
2021-01-01T19:21:23 0 0 경기70아1592 3 39 204000065 206000037 14 
2021-01-01T19:22:23 0 0 경기70아1592 3 39 204000065 206000036 15 
2021-01-01T19:23:22 0 0 경기70아1592 3 39 204000065 206000034 17 
2021-01-01T19:24:22 0 0 경기70아1592 3 39 204000065 206000034 17 
2021-01-01T19:25:21 0 0 경기70아1592 3 39 204000065 206000033 18 
2021-01-01T19:26:21 0 0 경기70아1592 3 39 204000065 206000033 18 
2021-01-01T19:27:21 0 0 경기70아1592 3 39 204000065 206000032 19 
2021-01-01T19:28:20 0 0 경기70아1592 3 39 204000065 206000029 22 
2021-01-01T19:29:20 0 0 경기70아1592 3 39 204000065 206000318 24 
2021-01-01T19:30:19 0 0 경기70아1592 3 39 204000065 206000317 25 
2021-01-01T19:31:19 0 0 경기70아1592 3 39 204000065 206000027 27 
2021-01-01T19:32:18 0 0 경기70아1592 3 39 204000065 206000227 28 
2021-01-01T19:33:18 0 0 경기70아1592 3 39 204000065 206000226 29 
2021-01-01T19:34:18 0 0 경기70아1592 3 39 204000065 206000784 30 
2021-01-01T19:35:18 0 0 경기70아1592 3 39 204000065 206000784 30 
2021-01-01T19:36:17 0 0 경기70아1592 3 39 204000065 206000784 30 
2021-01-01T19:37:17 0 0 경기70아1592 3 39 204000065 205000029 31 
2021-01-01T19:38:17 0 0 경기70아1592 3 39 204000065 205000029 31 
2021-01-01T19:39:16 0 0 경기70아1592 3 39 204000065 205000069 32 
2021-01-01T19:40:16 0 0 경기70아1592 3 39 204000065 205000069 32 
2021-01-01T19:41:16 0 0 경기70아1592 3 39 204000065 205000069 32 
2021-01-01T19:42:16 0 0 경기70아1592 3 39 204000065 205000069 32 
2021-01-01T19:43:15 0 0 경기70아1592 3 39 204000065 277102622 33 
2021-01-01T19:44:15 0 0 경기70아1592 3 39 204000065 277102622 33 
2021-01-01T19:45:15 0 0 경기70아1592 3 39 204000065 277102622 33 
2021-01-01T19:46:15 0 0 경기70아1592 3 39 204000065 277103419 34 
2021-01-01T19:47:15 0 0 경기70아1592 3 39 204000065 277103419 34 
2021-01-01T19:48:14 0 0 경기70아1592 3 39 204000065 277103419 34 
2021-01-01T19:49:14 0 0 경기70아1592 3 39 204000065 277103421 35 
2021-01-01T19:50:13 0 0 경기70아1592 3 39 204000065 277103421 35 
2021-01-01T19:51:12 0 0 경기70아1592 3 39 204000065 122000287 36 
2021-01-01T19:52:12 0 0 경기70아1592 3 39 204000065 122000288 37 
2021-01-01T19:53:12 0 0 경기70아1592 3 39 204000065 122000258 38 
2021-01-01T19:54:12 0 0 경기70아1592 3 39 204000065 122000258 38 
2021-01-01T19:55:12 0 0 경기70아1592 3 39 204000065 122000291 39 
2021-01-01T19:56:11 0 0 경기70아1592 3 39 204000065 122000291 39 
2021-01-01T19:57:11 0 0 경기70아1592 3 39 204000065 122000137 40 
2021-01-01T19:58:10 0 0 경기70아1592 3 39 204000065 122000386 42 
2021-01-01T19:59:10 0 0 경기70아1592 3 39 204000065 122000139 43 
2021-01-01T20:00:10 0 0 경기70아1592 3 39 204000065 122000094 44 
2021-01-01T20:01:09 0 0 경기70아1592 3 39 204000065 122000094 44 
2021-01-01T20:02:09 0 0 경기70아1592 3 39 204000065 122000089 45 
2021-01-01T20:03:08 0 0 경기70아1592 3 39 204000065 122000069 47 
2021-01-01T20:04:08 0 0 경기70아1592 3 39 204000065 122000066 48 
2021-01-01T20:05:08 0 0 경기70아1592 3 39 204000065 122000064 49 
2021-01-01T20:06:07 0 0 경기70아1592 3 39 204000065 122000064 49 
2021-01-01T20:07:07 0 0 경기70아1592 3 38 204000065 122000559 50 
2021-01-01T20:08:06 0 0 경기70아1592 3 38 204000065 122000078 51 
2021-01-01T20:09:06 0 0 경기70아1592 3 38 204000065 122000078 51 
2021-01-01T20:10:05 0 0 경기70아1592 3 38 204000065 122000079 52 
2021-01-01T20:11:05 0 0 경기70아1592 3 38 204000065 122000065 53 
2021-01-01T20:12:05 0 0 경기70아1592 3 38 204000065 122000065 53 
2021-01-01T20:13:05 0 0 경기70아1592 3 38 204000065 122000637 54 
2021-01-01T20:14:04 0 0 경기70아1592 3 38 204000065 122000068 55 
2021-01-01T20:15:04 0 0 경기70아1592 3 38 204000065 122000068 55 
2021-01-01T20:16:03 0 0 경기70아1592 3 38 204000065 122000086 56 
2021-01-01T20:17:03 0 0 경기70아1592 3 38 204000065 122000095 57 
2021-01-01T20:18:02 0 0 경기70아1592 3 37 204000065 122000096 58 
2021-01-01T20:19:02 0 0 경기70아1592 3 37 204000065 122000096 58 
2021-01-01T20:20:01 0 0 경기70아1592 3 37 204000065 122000330 59 
2021-01-01T20:21:01 0 0 경기70아1592 3 37 204000065 122000330 59 
2021-01-01T20:22:00 0 0 경기70아1592 3 37 204000065 122000142 60 
2021-01-01T20:23:00 0 0 경기70아1592 3 36 204000065 122000142 60 
2021-01-01T20:24:00 0 0 경기70아1592 3 36 204000065 122000133 61 
2021-01-01T20:25:00 0 0 경기70아1592 3 36 204000065 122000133 61 
2021-01-01T20:26:00 0 0 경기70아1592 3 36 204000065 122000133 61 
2021-01-01T20:26:59 0 0 경기70아1592 3 36 204000065 122000256 62 
2021-01-01T20:27:59 0 0 경기70아1592 3 36 204000065 122000257 63 
2021-01-01T20:28:59 0 0 경기70아1592 3 36 204000065 122000257 63 
2021-01-01T20:29:59 0 0 경기70아1592 3 36 204000065 122000286 64 
2021-01-01T20:30:59 0 0 경기70아1592 3 36 204000065 122000285 65 
2021-01-01T20:31:59 0 0 경기70아1592 3 36 204000065 277103420 66 
2021-01-01T20:32:59 0 0 경기70아1592 3 36 204000065 277103420 66 
2021-01-01T20:33:59 0 0 경기70아1592 3 36 204000065 277103420 66 
2021-01-01T20:34:58 0 0 경기70아1592 3 36 204000065 277103418 67 
2021-01-01T20:35:57 0 0 경기70아1592 3 36 204000065 277103418 67 
2021-01-01T20:36:56 0 0 경기70아1592 3 36 204000065 277103418 67 
2021-01-01T20:37:56 0 0 경기70아1592 3 36 204000065 277103418 67 
2021-01-01T20:38:56 0 0 경기70아1592 3 36 204000065 277103418 67 
2021-01-01T20:39:56 0 0 경기70아1592 3 36 204000065 277103418 67 
2021-01-01T20:40:56 0 0 경기70아1592 3 37 204000065 205000207 68 
2021-01-01T20:41:56 0 0 경기70아1592 3 37 204000065 205000207 68 
2021-01-01T20:42:55 0 0 경기70아1592 3 37 204000065 205000245 69 
2021-01-01T20:43:54 0 0 경기70아1592 3 37 204000065 205000245 69 
2021-01-01T20:44:54 0 0 경기70아1592 3 37 204000065 205000245 69 
2021-01-01T20:45:53 0 0 경기70아1592 3 37 204000065 206000157 71 
2021-01-01T20:46:53 0 0 경기70아1592 3 37 204000065 206000157 71 
2021-01-01T20:47:52 0 0 경기70아1592 3 37 204000065 206000053 74 
2021-01-01T20:48:52 0 0 경기70아1592 3 37 204000065 206000053 74 
2021-01-01T20:49:51 0 0 경기70아1592 3 37 204000065 206000053 74 
2021-01-01T20:50:51 0 0 경기70아1592 3 38 204000065 206000238 75 
2021-01-01T20:51:50 0 0 경기70아1592 3 38 204000065 206000238 75 
2021-01-01T20:52:50 0 0 경기70아1592 3 38 204000065 206000237 76 
2021-01-01T20:53:50 0 0 경기70아1592 3 39 204000065 206000052 77 
2021-01-01T20:54:49 0 0 경기70아1592 3 39 204000065 206000051 78 
2021-01-01T20:55:49 0 0 경기70아1592 3 39 204000065 206000128 79 
2021-01-01T20:56:49 0 0 경기70아1592 3 39 204000065 206000128 79 
2021-01-01T20:57:48 0 0 경기70아1592 3 39 204000065 206000049 81 
2021-01-01T20:58:48 0 0 경기70아1592 3 39 204000065 206000048 82 
2021-01-01T20:59:47 0 0 경기70아1592 3 39 204000065 206000045 85 
2021-01-01T21:00:47 0 0 경기70아1592 3 39 204000065 206000672 87 
2021-01-01T21:01:47 0 0 경기70아1592 3 39 204000065 206000178 89 
2021-01-01T21:02:46 0 0 경기70아1592 3 39 204000065 206000178 89 
2021-01-01T21:03:46 0 0 경기70아1592 3 39 204000065 206000722 91 
2021-01-01T21:04:46 0 0 경기70아1592 3 39 204000065 206000722 91 
2021-01-01T21:05:45 0 0 경기70아1592 3 39 204000065 206000715 92 
2021-01-01T21:06:45 0 0 경기70아1592 3 39 204000065 206000041 94 
2021-01-01T21:07:45 0 0 경기70아1592 3 39 204000065 206000041 94 
2021-01-01T21:08:45 0 0 경기70아1592 3 39 204000065 206000171 95 
2021-01-01T21:09:45 0 0 경기70아1592 3 39 204000065 206000171 95 
2021-01-01T21:10:44 0 0 경기70아1592 3 39 204000065 206000171 95 
2021-01-01T21:11:44 0 0 경기70아1592 3 39 204000065 206000171 95 
2021-01-01T21:12:44 0 0 경기70아1592 3 39 204000065 206000171 95 
2021-01-01T21:13:44 0 0 경기70아1592 3 39 204000065 206000171 95 
2021-01-01T21:14:43 0 0 경기70아1592 3 39 204000065 206000171 95 
2021-01-01T21:15:43 0 0 경기70아1592 3 39 204000065 206000171 95 
2021-01-01T21:16:43 0 0 경기70아1592 3 39 204000065 206000171 95 
2021-01-01T21:17:43 0 0 경기70아1592 3 39 204000065 206000171 95 
2021-01-01T21:18:42 0 0 경기70아1592 3 39 204000065 206000171 95 
2021-01-01T21:19:42 0 0 경기70아1592 3 39 204000065 206000171 95 
2021-01-01T21:20:42 0 0 경기70아1592 3 39 204000065 206000171 95 
2021-01-01T21:21:41 0 0 경기70아1592 3 39 204000065 206000171 95 
2021-01-01T21:22:41 0 0 경기70아1592 3 39 204000065 206000171 95 
2021-01-01T21:59:28 0 0 경기70아1592 3 39 204000065 206000405 4 
2021-01-01T22:00:28 0 0 경기70아1592 3 39 204000065 206000334 5 
2021-01-01T22:01:27 0 0 경기70아1592 3 39 204000065 206000334 5 
2021-01-01T22:02:27 0 0 경기70아1592 3 39 204000065 206000714 7 
2021-01-01T22:03:27 0 0 경기70아1592 3 39 204000065 206000721 8 
2021-01-01T22:04:26 0 0 경기70아1592 3 39 204000065 206000723 9 
2021-01-01T22:05:25 0 0 경기70아1592 3 39 204000065 206000249 11 
2021-01-01T22:06:25 0 0 경기70아1592 3 39 204000065 206000037 14 
2021-01-01T22:07:25 0 0 경기70아1592 3 39 204000065 206000036 15 
2021-01-01T22:08:25 0 0 경기70아1592 3 39 204000065 206000034 17 
2021-01-01T22:09:24 0 0 경기70아1592 3 39 204000065 206000034 17 
2021-01-01T22:10:24 0 0 경기70아1592 3 39 204000065 206000033 18 
2021-01-01T22:11:24 0 0 경기70아1592 3 39 204000065 206000033 18 
2021-01-01T22:12:24 0 0 경기70아1592 3 39 204000065 206000031 20 
2021-01-01T22:13:23 0 0 경기70아1592 3 39 204000065 206000383 23 
2021-01-01T22:14:23 0 0 경기70아1592 3 39 204000065 206000317 25 
2021-01-01T22:15:22 0 0 경기70아1592 3 39 204000065 206000028 26 
2021-01-01T22:16:22 0 0 경기70아1592 3 39 204000065 206000027 27 
2021-01-01T22:17:21 0 0 경기70아1592 3 39 204000065 206000227 28 
2021-01-01T22:18:21 0 0 경기70아1592 3 39 204000065 206000226 29 
2021-01-01T22:19:20 0 0 경기70아1592 3 39 204000065 206000784 30 
2021-01-01T22:20:20 0 0 경기70아1592 3 39 204000065 205000029 31 
2021-01-01T22:21:19 0 0 경기70아1592 3 39 204000065 205000029 31 
2021-01-01T22:22:19 0 0 경기70아1592 3 39 204000065 205000029 31 
2021-01-01T22:23:18 0 0 경기70아1592 3 39 204000065 205000029 31 
2021-01-01T22:24:18 0 0 경기70아1592 3 39 204000065 205000029 31 
2021-01-01T22:25:17 0 0 경기70아1592 3 39 204000065 205000069 32 
2021-01-01T22:26:17 0 0 경기70아1592 3 39 204000065 277102622 33 
2021-01-01T22:27:17 0 0 경기70아1592 3 39 204000065 277102622 33 
2021-01-01T22:28:16 0 0 경기70아1592 3 39 204000065 277102622 33 
2021-01-01T22:29:16 0 0 경기70아1592 3 39 204000065 277102622 33 
2021-01-01T22:30:16 0 0 경기70아1592 3 39 204000065 277103419 34 
2021-01-01T22:31:15 0 0 경기70아1592 3 39 204000065 277103419 34 
2021-01-01T22:32:14 0 0 경기70아1592 3 39 204000065 277103421 35 
2021-01-01T22:33:14 0 0 경기70아1592 3 39 204000065 122000287 36 
2021-01-01T22:34:13 0 0 경기70아1592 3 39 204000065 122000288 37 
2021-01-01T22:35:12 0 0 경기70아1592 3 39 204000065 122000258 38 
2021-01-01T22:36:12 0 0 경기70아1592 3 39 204000065 122000291 39 
2021-01-01T22:37:12 0 0 경기70아1592 3 39 204000065 122000137 40 
2021-01-01T22:38:11 0 0 경기70아1592 3 39 204000065 122000386 42 
2021-01-01T22:39:11 0 0 경기70아1592 3 39 204000065 122000139 43 
2021-01-01T22:40:10 0 0 경기70아1592 3 39 204000065 122000139 43 
2021-01-01T22:41:10 0 0 경기70아1592 3 39 204000065 122000089 45 
2021-01-01T22:42:09 0 0 경기70아1592 3 39 204000065 122000066 48 
2021-01-01T22:43:09 0 0 경기70아1592 3 39 204000065 122000066 48 
2021-01-01T22:44:08 0 0 경기70아1592 3 39 204000065 122000066 48 
2021-01-01T22:45:08 0 0 경기70아1592 3 39 204000065 122000066 48 
2021-01-01T22:46:07 0 0 경기70아1592 3 39 204000065 122000064 49 
2021-01-01T22:47:07 0 0 경기70아1592 3 39 204000065 122000559 50 
2021-01-01T22:48:06 0 0 경기70아1592 3 39 204000065 122000078 51 
2021-01-01T22:49:06 0 0 경기70아1592 3 39 204000065 122000078 51 
2021-01-01T22:50:05 0 0 경기70아1592 3 39 204000065 122000079 52 
2021-01-01T22:51:05 0 0 경기70아1592 3 39 204000065 122000079 52 
2021-01-01T22:52:05 0 0 경기70아1592 3 39 204000065 122000079 52 
2021-01-01T22:53:04 0 0 경기70아1592 3 39 204000065 122000065 53 
2021-01-01T22:54:04 0 0 경기70아1592 3 39 204000065 122000068 55 
2021-01-01T22:55:04 0 0 경기70아1592 3 39 204000065 122000096 58 
2021-01-01T22:56:04 0 0 경기70아1592 3 39 204000065 122000096 58 
2021-01-01T22:57:03 0 0 경기70아1592 3 39 204000065 122000330 59 
2021-01-01T22:58:03 0 0 경기70아1592 3 39 204000065 122000142 60 
2021-01-01T22:59:02 0 0 경기70아1592 3 39 204000065 122000133 61 
2021-01-01T23:00:01 0 0 경기70아1592 3 39 204000065 122000133 61 
2021-01-01T23:01:01 0 0 경기70아1592 3 39 204000065 122000256 62 
2021-01-01T23:02:00 0 0 경기70아1592 3 39 204000065 122000257 63 
2021-01-01T23:03:00 0 0 경기70아1592 3 39 204000065 122000257 63 
2021-01-01T23:03:59 0 0 경기70아1592 3 39 204000065 122000286 64 
2021-01-01T23:04:59 0 0 경기70아1592 3 38 204000065 122000285 65 
2021-01-01T23:05:59 0 0 경기70아1592 3 38 204000065 277103420 66 
2021-01-01T23:06:58 0 0 경기70아1592 3 38 204000065 277103420 66 
2021-01-01T23:07:58 0 0 경기70아1592 3 38 204000065 277103420 66 
2021-01-01T23:08:57 0 0 경기70아1592 3 38 204000065 277103418 67 
2021-01-01T23:09:57 0 0 경기70아1592 3 38 204000065 277103418 67 
2021-01-01T23:10:57 0 0 경기70아1592 3 38 204000065 277103418 67 
2021-01-01T23:11:56 0 0 경기70아1592 3 38 204000065 277103418 67 
2021-01-01T23:12:56 0 0 경기70아1592 3 38 204000065 277103418 67 
2021-01-01T23:13:56 0 0 경기70아1592 3 38 204000065 277103418 67 
2021-01-01T23:14:56 0 0 경기70아1592 3 39 204000065 205000207 68 
2021-01-01T23:15:56 0 0 경기70아1592 3 39 204000065 205000207 68 
2021-01-01T23:16:56 0 0 경기70아1592 3 39 204000065 205000207 68 
2021-01-01T23:17:55 0 0 경기70아1592 3 39 204000065 205000207 68 
2021-01-01T23:18:55 0 0 경기70아1592 3 39 204000065 205000245 69 
2021-01-01T23:19:54 0 0 경기70아1592 3 39 204000065 206000361 70 
2021-01-01T23:20:54 0 0 경기70아1592 3 39 204000065 206000361 70 
2021-01-01T23:21:54 0 0 경기70아1592 3 39 204000065 206000157 71 
2021-01-01T23:22:53 0 0 경기70아1592 3 39 204000065 206000055 72 
2021-01-01T23:23:53 0 0 경기70아1592 3 38 204000065 206000054 73 
2021-01-01T23:24:53 0 0 경기70아1592 3 38 204000065 206000054 73 
2021-01-01T23:25:52 0 0 경기70아1592 3 38 204000065 206000054 73 
2021-01-01T23:26:52 0 0 경기70아1592 3 38 204000065 206000053 74 
2021-01-01T23:27:52 0 0 경기70아1592 3 38 204000065 206000053 74 
2021-01-01T23:28:51 0 0 경기70아1592 3 38 204000065 206000053 74 
2021-01-01T23:29:51 0 0 경기70아1592 3 37 204000065 206000238 75 
2021-01-01T23:30:50 0 0 경기70아1592 3 37 204000065 206000238 75 
2021-01-01T23:31:50 0 0 경기70아1592 3 37 204000065 206000237 76 
2021-01-01T23:32:50 0 0 경기70아1592 3 37 204000065 206000051 78 
2021-01-01T23:33:50 0 0 경기70아1592 3 37 204000065 206000049 81 
2021-01-01T23:34:49 0 0 경기70아1592 3 38 204000065 206000048 82 
2021-01-01T23:35:49 0 0 경기70아1592 3 38 204000065 206000044 86 
2021-01-01T23:36:49 0 0 경기70아1592 3 38 204000065 206000672 87 
2021-01-01T23:37:48 0 0 경기70아1592 3 38 204000065 206000178 89 
2021-01-01T23:38:48 0 0 경기70아1592 3 38 204000065 206000724 90 
2021-01-01T23:39:48 0 0 경기70아1592 3 38 204000065 206000722 91 
2021-01-01T23:40:47 0 0 경기70아1592 3 38 204000065 206000715 92 
2021-01-01T23:41:47 0 0 경기70아1592 3 39 204000065 206000711 93 
2021-01-01T23:42:47 0 0 경기70아1592 3 39 204000065 206000041 94 
2021-01-01T23:43:46 0 0 경기70아1592 3 39 204000065 206000041 94 
2021-01-01T23:44:46 0 0 경기70아1592 3 39 204000065 206000171 95 
2021-01-01T23:45:45 0 0 경기70아1592 3 39 204000065 206000171 95 
2021-01-01T23:46:44 0 0 경기70아1592 3 39 204000065 206000171 95 
2021-01-01T23:47:44 0 0 경기70아1592 3 39 204000065 206000171 95 
2021-01-01T23:48:43 0 0 경기70아1592 3 39 204000065 206000171 95 
2021-01-01T23:49:43 0 0 경기70아1592 3 39 204000065 206000171 95 
2021-01-01T23:50:43 0 0 경기70아1592 3 39 204000065 206000171 95 
2021-01-01T23:51:42 0 0 경기70아1592 3 39 204000065 206000171 95 
2021-01-01T23:52:42 0 0 경기70아1592 3 39 204000065 206000171 95 
2021-01-01T23:53:41 0 0 경기70아1592 3 39 204000065 206000171 95 
2021-01-01T23:54:40 0 0 경기70아1592 3 39 204000065 206000171 95 
2021-01-01T23:55:40 0 0 경기70아1592 3 39 204000065 206000171 95 
2021-01-01T23:56:39 0 0 경기70아1592 3 39 204000065 206000171 95 
2021-01-01T23:57:39 0 0 경기70아1592 3 39 204000065 206000171 95 
2021-01-01T23:58:38 0 0 경기70아1592 3 39 204000065 206000171 95 
