232000073 2021-01-02T00:53:14.441702+09:00
2021-01-02T05:03:40 0 0 경기79바1609 3 40 232000073 168000561 1 
2021-01-02T05:04:40 0 0 경기79바1609 3 40 232000073 168000561 1 
2021-01-02T05:05:39 0 0 경기79바1609 3 40 232000073 168000407 2 
2021-01-02T05:06:39 0 0 경기79바1609 3 40 232000073 168000407 2 
2021-01-02T05:07:38 0 0 경기79바1609 3 40 232000073 168000407 2 
2021-01-02T05:08:37 0 0 경기79바1609 3 40 232000073 168000442 4 
2021-01-02T05:09:37 0 0 경기79바1609 3 40 232000073 168000446 5 
2021-01-02T05:10:37 0 0 경기79바1609 3 40 232000073 168000446 5 
2021-01-02T05:11:36 0 0 경기79바1609 3 40 232000073 168000446 5 
2021-01-02T05:12:36 0 0 경기79바1609 3 40 232000073 232000349 6 
2021-01-02T05:13:36 0 0 경기79바1609 3 40 232000073 232000348 7 
2021-01-02T05:14:35 0 0 경기79바1609 3 37 232000073 232000347 8 
2021-01-02T05:15:34 0 0 경기79바1609 3 37 232000073 232000347 8 
2021-01-02T05:16:34 0 0 경기79바1609 3 37 232000073 232000346 9 
2021-01-02T05:17:33 0 0 경기79바1609 3 37 232000073 232000346 9 
2021-01-02T05:18:33 0 0 경기79바1609 3 37 232000073 232000345 10 
2021-01-02T05:19:32 0 0 경기79바1609 3 37 232000073 232000360 12 
2021-01-02T05:20:31 0 0 경기79바1609 3 37 232000073 232000360 12 
2021-01-02T05:21:32 0 0 경기79바1609 3 37 232000073 232000359 13 
2021-01-02T05:22:31 0 0 경기79바1609 3 37 232000073 232000359 13 
2021-01-02T05:23:31 0 0 경기79바1609 3 37 232000073 232000359 13 
2021-01-02T05:24:30 0 0 경기79바1609 3 38 232000073 232000359 13 
2021-01-02T05:25:30 0 0 경기79바1609 3 38 232000073 232000359 13 
2021-01-02T05:26:30 0 0 경기79바1609 3 38 232000073 232000359 13 
2021-01-02T05:27:29 0 0 경기79바1609 3 38 232000073 232000356 14 
2021-01-02T05:28:28 0 0 경기79바1609 3 38 232000073 232000356 14 
2021-01-02T05:29:27 0 0 경기79바1609 3 38 232000073 277103819 15 
2021-01-02T05:30:27 0 0 경기79바1609 3 38 232000073 277103819 15 
2021-01-02T05:31:27 0 0 경기79바1609 3 38 232000073 277103819 15 
2021-01-02T05:32:27 0 0 경기79바1609 3 38 232000073 277101769 16 
2021-01-02T05:33:26 0 0 경기79바1609 3 38 232000073 277101769 16 
2021-01-02T05:34:26 0 0 경기79바1609 3 38 232000073 277101769 16 
2021-01-02T05:35:26 0 0 경기79바1609 3 38 232000073 277101769 16 
2021-01-02T05:36:25 0 0 경기79바1609 3 38 232000073 277103403 17 
2021-01-02T05:37:25 0 0 경기79바1609 3 38 232000073 277103403 17 
2021-01-02T05:38:25 0 0 경기79바1609 3 38 232000073 277103403 17 
2021-01-02T05:39:24 0 0 경기79바1609 3 38 232000073 277103404 18 
2021-01-02T05:40:24 0 0 경기79바1609 3 38 232000073 277103406 19 
2021-01-02T05:41:23 0 0 경기79바1609 3 38 232000073 277103410 20 
2021-01-02T05:42:23 0 0 경기79바1609 3 38 232000073 277103410 20 
2021-01-02T05:43:23 0 0 경기79바1609 3 38 232000073 113000424 21 
2021-01-02T05:44:22 0 0 경기79바1609 3 38 232000073 113000424 21 
2021-01-02T05:45:22 0 0 경기79바1609 3 38 232000073 113000424 21 
2021-01-02T05:46:22 0 0 경기79바1609 3 38 232000073 277102197 22 
2021-01-02T05:47:22 0 0 경기79바1609 3 38 232000073 277102197 22 
2021-01-02T05:48:21 0 0 경기79바1609 3 38 232000073 277102197 22 
2021-01-02T05:49:21 0 0 경기79바1609 3 39 232000073 113000422 23 
2021-01-02T05:50:20 0 0 경기79바1609 3 39 232000073 113000422 23 
2021-01-02T05:51:20 0 0 경기79바1609 3 39 232000073 113000422 23 
2021-01-02T05:52:20 0 0 경기79바1609 3 39 232000073 113000420 24 
2021-01-02T05:53:19 0 0 경기79바1609 3 39 232000073 113000419 25 
2021-01-02T05:54:19 0 0 경기79바1609 3 39 232000073 113000419 25 
2021-01-02T05:55:19 0 0 경기79바1609 3 39 232000073 113000418 26 
2021-01-02T05:56:19 0 0 경기79바1609 3 39 232000073 113000418 26 
2021-01-02T05:57:19 0 0 경기79바1609 3 39 232000073 113000477 27 
2021-01-02T05:58:18 0 0 경기79바1609 3 39 232000073 113000477 27 
2021-01-02T05:59:18 0 0 경기79바1609 3 39 232000073 113000477 27 
2021-01-02T06:00:17 0 0 경기79바1609 3 39 232000073 112000430 28 
2021-01-02T06:01:16 0 0 경기79바1609 3 39 232000073 101000304 29 
2021-01-02T06:02:16 0 0 경기79바1609 3 39 232000073 101000304 29 
2021-01-02T06:03:15 0 0 경기79바1609 3 39 232000073 100000380 30 
2021-01-02T06:04:15 0 0 경기79바1609 3 39 232000073 100000380 30 
2021-01-02T06:05:14 0 0 경기79바1609 3 41 232000073 100000025 31 
2021-01-02T06:06:14 0 0 경기79바1609 3 41 232000073 100000025 31 
2021-01-02T06:07:14 0 0 경기79바1609 3 41 232000073 101000038 32 
2021-01-02T06:08:13 0 0 경기79바1609 3 41 232000073 101000038 32 
2021-01-02T06:09:13 0 0 경기79바1609 3 41 232000073 277101975 33 
2021-01-02T06:10:13 0 0 경기79바1609 3 41 232000073 112000170 34 
2021-01-02T06:11:12 0 0 경기79바1609 3 41 232000073 112000170 34 
2021-01-02T06:12:12 0 0 경기79바1609 3 41 232000073 112000170 34 
2021-01-02T06:13:12 0 0 경기79바1609 3 41 232000073 112000170 34 
2021-01-02T06:14:12 0 0 경기79바1609 3 41 232000073 113000478 35 
2021-01-02T06:15:11 0 0 경기79바1609 3 41 232000073 113000478 35 
2021-01-02T06:16:11 0 0 경기79바1609 3 41 232000073 113000411 36 
2021-01-02T06:17:11 0 0 경기79바1609 3 41 232000073 113000411 36 
2021-01-02T06:18:11 0 0 경기79바1609 3 41 232000073 113000411 36 
2021-01-02T06:19:11 0 0 경기79바1609 3 41 232000073 113000417 37 
2021-01-02T06:20:10 0 0 경기79바1609 3 41 232000073 113000416 38 
2021-01-02T06:21:09 0 0 경기79바1609 3 41 232000073 113000416 38 
2021-01-02T06:22:09 0 0 경기79바1609 3 41 232000073 113000416 38 
2021-01-02T06:23:09 0 0 경기79바1609 3 41 232000073 113000416 38 
2021-01-02T06:24:09 0 0 경기79바1609 3 41 232000073 113000414 39 
2021-01-02T06:25:08 0 0 경기79바1609 3 41 232000073 277102199 40 
2021-01-02T06:26:08 0 0 경기79바1609 3 41 232000073 277102199 40 
2021-01-02T06:27:08 0 0 경기79바1609 3 41 232000073 277102198 41 
2021-01-02T06:28:07 0 0 경기79바1609 3 41 232000073 113000412 42 
2021-01-02T06:29:06 0 0 경기79바1609 3 41 232000073 113000412 42 
2021-01-02T06:30:06 0 0 경기79바1609 3 41 232000073 113000412 42 
2021-01-02T06:31:05 0 0 경기79바1609 3 41 232000073 277103529 43 
2021-01-02T06:32:05 0 0 경기79바1609 3 41 232000073 277103529 43 
2021-01-02T06:33:05 0 0 경기79바1609 3 41 232000073 277103529 43 
2021-01-02T06:34:04 0 0 경기79바1609 3 41 232000073 277103529 43 
2021-01-02T06:35:04 0 0 경기79바1609 3 41 232000073 277103402 44 
2021-01-02T06:36:04 0 0 경기79바1609 3 41 232000073 277103402 44 
2021-01-02T06:37:04 0 0 경기79바1609 3 41 232000073 277103402 44 
2021-01-02T06:38:03 0 0 경기79바1609 3 41 232000073 277103402 44 
2021-01-02T06:39:03 0 0 경기79바1609 3 41 232000073 277103401 45 
2021-01-02T06:40:03 0 0 경기79바1609 3 41 232000073 277103401 45 
2021-01-02T06:41:02 0 0 경기79바1609 3 41 232000073 277103401 45 
2021-01-02T06:42:02 0 0 경기79바1609 3 41 232000073 277103401 45 
2021-01-02T06:43:02 0 0 경기79바1609 3 41 232000073 277103401 45 
2021-01-02T06:44:01 0 0 경기79바1609 3 41 232000073 277103401 45 
2021-01-02T06:45:02 0 0 경기79바1609 3 41 232000073 232000432 46 
2021-01-02T06:46:01 0 0 경기79바1609 3 41 232000073 232000432 46 
2021-01-02T06:47:00 0 0 경기79바1609 3 41 232000073 232000432 46 
2021-01-02T06:48:01 0 0 경기79바1609 3 41 232000073 232000432 46 
2021-01-02T06:49:00 0 0 경기79바1609 3 41 232000073 232000429 47 
2021-01-02T06:49:59 0 0 경기79바1609 3 41 232000073 232000429 47 
2021-01-02T06:50:58 0 0 경기79바1609 3 41 232000073 232000354 48 
2021-01-02T06:51:58 0 0 경기79바1609 3 41 232000073 232000354 48 
2021-01-02T06:52:57 0 0 경기79바1609 3 41 232000073 232000353 49 
2021-01-02T06:53:58 0 0 경기79바1609 3 41 232000073 232000353 49 
2021-01-02T06:54:56 0 0 경기79바1609 3 41 232000073 232000351 51 
2021-01-02T06:55:57 0 0 경기79바1609 3 41 232000073 232000350 52 
2021-01-02T06:56:56 0 0 경기79바1609 3 41 232000073 232000350 52 
2021-01-02T06:57:56 0 0 경기79바1609 3 41 232000073 232000001 53 
2021-01-02T06:58:55 0 0 경기79바1609 3 41 232000073 232000001 53 
2021-01-02T06:59:54 0 0 경기79바1609 3 41 232000073 232000001 53 
2021-01-02T07:00:54 0 0 경기79바1609 3 41 232000073 232000001 53 
2021-01-02T07:01:53 0 0 경기79바1609 3 41 232000073 232000001 53 
2021-01-02T07:02:52 0 0 경기79바1609 3 41 232000073 232000001 53 
2021-01-02T07:03:51 0 0 경기79바1609 3 41 232000073 168000443 55 
2021-01-02T07:04:51 0 0 경기79바1609 3 41 232000073 168000443 55 
2021-01-02T07:05:51 0 0 경기79바1609 3 41 232000073 168000437 56 
2021-01-02T07:06:50 0 0 경기79바1609 3 41 232000073 168000437 56 
2021-01-02T07:07:49 0 0 경기79바1609 3 41 232000073 168000437 56 
2021-01-02T07:27:39 0 0 경기79바1608 3 41 232000073 168000561 1 
2021-01-02T07:28:39 0 0 경기79바1608 3 41 232000073 168000561 1 
2021-01-02T07:29:38 0 0 경기79바1608 3 41 232000073 168000407 2 
2021-01-02T07:30:37 0 0 경기79바1608 3 41 232000073 168000407 2 
2021-01-02T07:31:37 0 0 경기79바1608 3 41 232000073 168000407 2 
2021-01-02T07:32:36 0 0 경기79바1608 3 41 232000073 168000407 2 
2021-01-02T07:33:36 0 0 경기79바1608 3 41 232000073 168000436 3 
2021-01-02T07:34:36 0 0 경기79바1608 3 40 232000073 168000446 5 
2021-01-02T07:35:36 0 0 경기79바1608 3 40 232000073 168000446 5 
2021-01-02T07:36:35 0 0 경기79바1608 3 40 232000073 168000446 5 
2021-01-02T07:37:35 0 0 경기79바1608 3 40 232000073 168000446 5 
2021-01-02T07:38:33 0 0 경기79바1608 3 40 232000073 168000446 5 
2021-01-02T07:39:33 0 0 경기79바1608 3 40 232000073 168000446 5 
2021-01-02T07:40:32 0 0 경기79바1608 3 39 232000073 232000349 6 
2021-01-02T07:41:32 0 0 경기79바1608 3 39 232000073 232000349 6 
2021-01-02T07:42:32 0 0 경기79바1608 3 39 232000073 232000348 7 
2021-01-02T07:43:32 0 0 경기79바1608 3 38 232000073 232000347 8 
2021-01-02T07:44:32 0 0 경기79바1608 3 33 232000073 232000347 8 
2021-01-02T07:45:31 0 0 경기79바1608 3 33 232000073 232000346 9 
2021-01-02T07:46:31 0 0 경기79바1608 3 33 232000073 232000346 9 
2021-01-02T07:47:31 0 0 경기79바1608 3 33 232000073 232000345 10 
2021-01-02T07:48:30 0 0 경기79바1608 3 33 232000073 232000344 11 
2021-01-02T07:49:29 0 0 경기79바1608 3 33 232000073 232000360 12 
2021-01-02T07:50:29 0 0 경기79바1608 3 33 232000073 232000360 12 
2021-01-02T07:51:28 0 0 경기79바1608 3 32 232000073 232000359 13 
2021-01-02T07:52:28 0 0 경기79바1608 3 32 232000073 232000359 13 
2021-01-02T07:53:27 0 0 경기79바1608 3 32 232000073 232000359 13 
2021-01-02T07:54:26 0 0 경기79바1608 3 32 232000073 232000359 13 
2021-01-02T07:55:25 0 0 경기79바1608 3 30 232000073 232000356 14 
2021-01-02T07:56:24 0 0 경기79바1608 3 30 232000073 232000356 14 
2021-01-02T07:57:23 0 0 경기79바1608 3 30 232000073 232000356 14 
2021-01-02T07:58:23 0 0 경기79바1608 3 30 232000073 232000356 14 
2021-01-02T07:59:23 0 0 경기79바1608 3 30 232000073 277103819 15 
2021-01-02T08:00:22 0 0 경기79바1608 3 30 232000073 277103819 15 
2021-01-02T08:01:22 0 0 경기79바1608 3 30 232000073 277101769 16 
2021-01-02T08:02:22 0 0 경기79바1608 3 30 232000073 277101769 16 
2021-01-02T08:03:22 0 0 경기79바1608 3 30 232000073 277101769 16 
2021-01-02T08:04:21 0 0 경기79바1608 3 30 232000073 277101769 16 
2021-01-02T08:05:21 0 0 경기79바1608 3 30 232000073 277103403 17 
2021-01-02T08:06:21 0 0 경기79바1608 3 30 232000073 277103403 17 
2021-01-02T08:07:20 0 0 경기79바1608 3 30 232000073 277103404 18 
2021-01-02T08:08:18 0 0 경기79바1608 3 30 232000073 277103404 18 
2021-01-02T08:09:19 0 0 경기79바1608 3 30 232000073 277103406 19 
2021-01-02T08:10:18 0 0 경기79바1608 3 30 232000073 277103410 20 
2021-01-02T08:11:17 0 0 경기79바1608 3 30 232000073 277103410 20 
2021-01-02T08:12:16 0 0 경기79바1608 3 30 232000073 113000424 21 
2021-01-02T08:13:16 0 0 경기79바1608 3 32 232000073 113000424 21 
2021-01-02T08:14:16 0 0 경기79바1608 3 32 232000073 277102197 22 
2021-01-02T08:15:15 0 0 경기79바1608 3 33 232000073 113000422 23 
2021-01-02T08:16:15 0 0 경기79바1608 3 33 232000073 113000422 23 
2021-01-02T08:17:14 0 0 경기79바1608 3 33 232000073 113000422 23 
2021-01-02T08:18:14 0 0 경기79바1608 3 33 232000073 113000422 23 
2021-01-02T08:19:13 0 0 경기79바1608 3 36 232000073 113000420 24 
2021-01-02T08:20:13 0 0 경기79바1608 3 36 232000073 113000420 24 
2021-01-02T08:21:12 0 0 경기79바1608 3 36 232000073 113000419 25 
2021-01-02T08:22:11 0 0 경기79바1608 3 36 232000073 113000418 26 
2021-01-02T08:23:10 0 0 경기79바1608 3 36 232000073 113000418 26 
2021-01-02T08:24:09 0 0 경기79바1608 3 36 232000073 113000477 27 
2021-01-02T08:25:09 0 0 경기79바1608 3 36 232000073 113000477 27 
2021-01-02T08:26:09 0 0 경기79바1608 3 36 232000073 112000430 28 
2021-01-02T08:27:08 0 0 경기79바1608 3 37 232000073 101000304 29 
2021-01-02T08:28:07 0 0 경기79바1608 3 37 232000073 101000304 29 
2021-01-02T08:29:07 0 0 경기79바1608 3 39 232000073 101000304 29 
2021-01-02T08:30:06 0 0 경기79바1608 3 39 232000073 100000380 30 
2021-01-02T08:31:05 0 0 경기79바1608 3 40 232000073 100000025 31 
2021-01-02T08:32:05 0 0 경기79바1608 3 41 232000073 100000025 31 
2021-01-02T08:33:04 0 0 경기79바1608 3 41 232000073 100000025 31 
2021-01-02T08:34:03 0 0 경기79바1608 3 41 232000073 101000038 32 
2021-01-02T08:35:02 0 0 경기79바1608 3 41 232000073 101000038 32 
2021-01-02T08:36:01 0 0 경기79바1608 3 41 232000073 277101975 33 
2021-01-02T08:37:00 0 0 경기79바1608 3 41 232000073 112000170 34 
2021-01-02T08:38:00 0 0 경기79바1608 3 41 232000073 112000170 34 
2021-01-02T08:38:59 0 0 경기79바1608 3 41 232000073 113000478 35 
2021-01-02T08:39:59 0 0 경기79바1608 3 41 232000073 113000478 35 
2021-01-02T08:40:58 0 0 경기79바1608 3 41 232000073 113000411 36 
2021-01-02T08:41:57 0 0 경기79바1608 3 41 232000073 113000411 36 
2021-01-02T08:42:56 0 0 경기79바1608 3 41 232000073 113000417 37 
2021-01-02T08:43:56 0 0 경기79바1608 3 41 232000073 113000416 38 
2021-01-02T08:44:56 0 0 경기79바1608 3 41 232000073 113000416 38 
2021-01-02T08:45:55 0 0 경기79바1608 3 41 232000073 113000414 39 
2021-01-02T08:46:54 0 0 경기79바1608 3 40 232000073 113000414 39 
2021-01-02T08:47:53 0 0 경기79바1608 3 40 232000073 113000414 39 
2021-01-02T08:48:52 0 0 경기79바1608 3 40 232000073 277102198 41 
2021-01-02T08:49:51 0 0 경기79바1608 3 40 232000073 113000412 42 
2021-01-02T08:50:51 0 0 경기79바1608 3 39 232000073 113000412 42 
2021-01-02T08:51:50 0 0 경기79바1608 3 39 232000073 113000412 42 
2021-01-02T08:52:49 0 0 경기79바1608 3 39 232000073 113000412 42 
2021-01-02T08:53:50 0 0 경기79바1608 3 39 232000073 113000412 42 
2021-01-02T08:54:50 0 0 경기79바1608 3 39 232000073 113000412 42 
2021-01-02T08:55:49 0 0 경기79바1608 3 39 232000073 277103529 43 
2021-01-02T08:56:48 0 0 경기79바1608 3 39 232000073 277103529 43 
2021-01-02T08:57:47 0 0 경기79바1608 3 39 232000073 277103529 43 
2021-01-02T08:58:46 0 0 경기79바1608 3 39 232000073 277103529 43 
2021-01-02T08:59:46 0 0 경기79바1608 3 39 232000073 277103402 44 
2021-01-02T09:00:46 0 0 경기79바1608 3 39 232000073 277103402 44 
2021-01-02T09:01:45 0 0 경기79바1608 3 39 232000073 277103402 44 
2021-01-02T09:02:44 0 0 경기79바1608 3 39 232000073 277103401 45 
2021-01-02T09:03:43 0 0 경기79바1608 3 39 232000073 277103401 45 
2021-01-02T09:04:43 0 0 경기79바1608 3 39 232000073 277103401 45 
2021-01-02T09:05:42 0 0 경기79바1608 3 39 232000073 277103401 45 
2021-01-02T09:06:42 0 0 경기79바1608 3 39 232000073 277103401 45 
2021-01-02T09:07:42 0 0 경기79바1608 3 39 232000073 277103401 45 
2021-01-02T09:08:41 0 0 경기79바1608 3 40 232000073 232000432 46 
2021-01-02T09:09:40 0 0 경기79바1608 3 39 232000073 232000432 46 
2021-01-02T09:10:40 0 0 경기79바1608 3 39 232000073 232000432 46 
2021-01-02T09:11:39 0 0 경기79바1608 3 39 232000073 232000432 46 
2021-01-02T09:12:39 0 0 경기79바1608 3 39 232000073 232000432 46 
2021-01-02T09:13:39 0 0 경기79바1608 3 39 232000073 232000429 47 
2021-01-02T09:14:38 0 0 경기79바1608 3 39 232000073 232000429 47 
2021-01-02T09:15:38 0 0 경기79바1608 3 39 232000073 232000429 47 
2021-01-02T09:16:38 0 0 경기79바1608 3 39 232000073 232000354 48 
2021-01-02T09:17:37 0 0 경기79바1608 3 39 232000073 232000353 49 
2021-01-02T09:18:36 0 0 경기79바1608 3 39 232000073 232000353 49 
2021-01-02T09:19:35 0 0 경기79바1608 3 39 232000073 232000351 51 
2021-01-02T09:20:34 0 0 경기79바1608 3 39 232000073 232000351 51 
2021-01-02T09:21:33 0 0 경기79바1608 3 39 232000073 232000350 52 
2021-01-02T09:22:34 0 0 경기79바1608 3 39 232000073 232000001 53 
2021-01-02T09:23:33 0 0 경기79바1608 3 39 232000073 232000001 53 
2021-01-02T09:24:32 0 0 경기79바1608 3 39 232000073 232000001 53 
2021-01-02T09:25:32 0 0 경기79바1608 3 39 232000073 232000001 53 
2021-01-02T09:26:31 0 0 경기79바1608 3 39 232000073 232000001 53 
2021-01-02T09:27:35 0 0 경기79바1608 3 39 232000073 232000001 53 
2021-01-02T09:28:31 0 0 경기79바1608 3 40 232000073 168000443 55 
2021-01-02T09:29:30 0 0 경기79바1608 3 40 232000073 168000443 55 
2021-01-02T09:30:29 0 0 경기79바1608 3 40 232000073 168000437 56 
2021-01-02T09:31:29 0 0 경기79바1608 3 40 232000073 168000437 56 
2021-01-02T09:32:28 0 0 경기79바1608 3 41 232000073 168000437 56 
2021-01-02T09:54:17 0 0 경기79바1609 3 41 232000073 168000561 1 
2021-01-02T09:55:17 0 0 경기79바1609 3 41 232000073 168000561 1 
2021-01-02T09:56:17 0 0 경기79바1609 3 41 232000073 168000407 2 
2021-01-02T09:57:16 0 0 경기79바1609 3 41 232000073 168000407 2 
2021-01-02T09:58:15 0 0 경기79바1609 3 41 232000073 168000407 2 
2021-01-02T09:59:15 0 0 경기79바1609 3 41 232000073 168000436 3 
2021-01-02T10:00:14 0 0 경기79바1609 3 41 232000073 168000436 3 
2021-01-02T10:01:13 0 0 경기79바1609 3 40 232000073 168000442 4 
2021-01-02T10:02:13 0 0 경기79바1609 3 40 232000073 168000446 5 
2021-01-02T10:03:12 0 0 경기79바1609 3 40 232000073 168000446 5 
2021-01-02T10:04:12 0 0 경기79바1609 3 40 232000073 168000446 5 
2021-01-02T10:05:11 0 0 경기79바1609 3 40 232000073 168000446 5 
2021-01-02T10:06:10 0 0 경기79바1609 3 40 232000073 168000446 5 
2021-01-02T10:07:10 0 0 경기79바1609 3 40 232000073 232000349 6 
2021-01-02T10:08:08 0 0 경기79바1609 3 40 232000073 232000349 6 
2021-01-02T10:09:08 0 0 경기79바1609 3 40 232000073 232000347 8 
2021-01-02T10:10:08 0 0 경기79바1609 3 40 232000073 232000347 8 
2021-01-02T10:11:08 0 0 경기79바1609 3 38 232000073 232000347 8 
2021-01-02T10:12:07 0 0 경기79바1609 3 37 232000073 232000346 9 
2021-01-02T10:13:06 0 0 경기79바1609 3 37 232000073 232000345 10 
2021-01-02T10:14:06 0 0 경기79바1609 3 37 232000073 232000344 11 
2021-01-02T10:15:06 0 0 경기79바1609 3 37 232000073 232000360 12 
2021-01-02T10:16:06 0 0 경기79바1609 3 37 232000073 232000359 13 
2021-01-02T10:17:05 0 0 경기79바1609 3 37 232000073 232000359 13 
2021-01-02T10:18:04 0 0 경기79바1609 3 37 232000073 232000359 13 
2021-01-02T10:19:04 0 0 경기79바1609 3 37 232000073 232000359 13 
2021-01-02T10:20:04 0 0 경기79바1609 3 37 232000073 232000359 13 
2021-01-02T10:21:03 0 0 경기79바1609 3 37 232000073 232000356 14 
2021-01-02T10:22:03 0 0 경기79바1609 3 34 232000073 232000356 14 
2021-01-02T10:23:03 0 0 경기79바1609 3 34 232000073 232000356 14 
2021-01-02T10:24:02 0 0 경기79바1609 3 34 232000073 277103819 15 
2021-01-02T10:25:02 0 0 경기79바1609 3 34 232000073 277103819 15 
2021-01-02T10:26:01 0 0 경기79바1609 3 34 232000073 277103819 15 
2021-01-02T10:27:00 0 0 경기79바1609 3 34 232000073 277101769 16 
2021-01-02T10:28:00 0 0 경기79바1609 3 34 232000073 277101769 16 
2021-01-02T10:28:59 0 0 경기79바1609 3 34 232000073 277101769 16 
2021-01-02T10:29:58 0 0 경기79바1609 3 34 232000073 277101769 16 
2021-01-02T10:30:58 0 0 경기79바1609 3 34 232000073 277103403 17 
2021-01-02T10:31:57 0 0 경기79바1609 3 34 232000073 277103403 17 
2021-01-02T10:32:56 0 0 경기79바1609 3 34 232000073 277103404 18 
2021-01-02T10:33:55 0 0 경기79바1609 3 34 232000073 277103404 18 
2021-01-02T10:34:55 0 0 경기79바1609 3 34 232000073 277103406 19 
2021-01-02T10:35:55 0 0 경기79바1609 3 34 232000073 277103410 20 
2021-01-02T10:36:54 0 0 경기79바1609 3 34 232000073 277103410 20 
2021-01-02T10:37:53 0 0 경기79바1609 3 34 232000073 113000424 21 
2021-01-02T10:38:53 0 0 경기79바1609 3 34 232000073 113000424 21 
2021-01-02T10:39:53 0 0 경기79바1609 3 34 232000073 277102197 22 
2021-01-02T10:40:53 0 0 경기79바1609 3 34 232000073 113000422 23 
2021-01-02T10:41:52 0 0 경기79바1609 3 36 232000073 113000422 23 
2021-01-02T10:42:52 0 0 경기79바1609 3 36 232000073 113000422 23 
2021-01-02T10:43:51 0 0 경기79바1609 3 36 232000073 113000422 23 
2021-01-02T10:44:51 0 0 경기79바1609 3 37 232000073 113000420 24 
2021-01-02T10:45:51 0 0 경기79바1609 3 38 232000073 113000420 24 
2021-01-02T10:46:50 0 0 경기79바1609 3 38 232000073 113000420 24 
2021-01-02T10:47:50 0 0 경기79바1609 3 38 232000073 113000419 25 
2021-01-02T10:48:49 0 0 경기79바1609 3 38 232000073 113000419 25 
2021-01-02T10:49:47 0 0 경기79바1609 3 38 232000073 113000418 26 
2021-01-02T10:50:48 0 0 경기79바1609 3 38 232000073 113000418 26 
2021-01-02T10:51:46 0 0 경기79바1609 3 38 232000073 113000418 26 
2021-01-02T10:52:46 0 0 경기79바1609 3 38 232000073 113000477 27 
2021-01-02T10:53:46 0 0 경기79바1609 3 38 232000073 113000477 27 
2021-01-02T10:54:46 0 0 경기79바1609 3 38 232000073 112000430 28 
2021-01-02T10:55:45 0 0 경기79바1609 3 38 232000073 101000304 29 
2021-01-02T10:56:44 0 0 경기79바1609 3 38 232000073 101000304 29 
2021-01-02T10:57:44 0 0 경기79바1609 3 38 232000073 100000380 30 
2021-01-02T10:58:42 0 0 경기79바1609 3 38 232000073 100000380 30 
2021-01-02T10:59:42 0 0 경기79바1609 3 39 232000073 100000025 31 
2021-01-02T11:00:42 0 0 경기79바1609 3 40 232000073 100000025 31 
2021-01-02T11:01:42 0 0 경기79바1609 3 40 232000073 101000038 32 
2021-01-02T11:02:41 0 0 경기79바1609 3 40 232000073 277101975 33 
2021-01-02T11:03:40 0 0 경기79바1609 3 40 232000073 112000170 34 
2021-01-02T11:04:39 0 0 경기79바1609 3 40 232000073 113000478 35 
2021-01-02T11:05:39 0 0 경기79바1609 3 40 232000073 113000478 35 
2021-01-02T11:06:38 0 0 경기79바1609 3 40 232000073 113000478 35 
2021-01-02T11:07:37 0 0 경기79바1609 3 40 232000073 113000478 35 
2021-01-02T11:08:36 0 0 경기79바1609 3 39 232000073 113000411 36 
2021-01-02T11:09:36 0 0 경기79바1609 3 39 232000073 113000411 36 
2021-01-02T11:10:36 0 0 경기79바1609 3 39 232000073 113000417 37 
2021-01-02T11:11:35 0 0 경기79바1609 3 38 232000073 113000416 38 
2021-01-02T11:12:35 0 0 경기79바1609 3 38 232000073 113000416 38 
2021-01-02T11:13:35 0 0 경기79바1609 3 38 232000073 113000416 38 
2021-01-02T11:14:34 0 0 경기79바1609 3 38 232000073 113000416 38 
2021-01-02T11:15:34 0 0 경기79바1609 3 38 232000073 113000416 38 
2021-01-02T11:16:34 0 0 경기79바1609 3 37 232000073 113000414 39 
2021-01-02T11:17:32 0 0 경기79바1609 3 37 232000073 277102199 40 
2021-01-02T11:18:33 0 0 경기79바1609 3 37 232000073 277102199 40 
2021-01-02T11:19:33 0 0 경기79바1609 3 37 232000073 277102198 41 
2021-01-02T11:20:31 0 0 경기79바1609 3 37 232000073 113000412 42 
2021-01-02T11:21:31 0 0 경기79바1609 3 37 232000073 113000412 42 
2021-01-02T11:22:31 0 0 경기79바1609 3 37 232000073 113000412 42 
2021-01-02T11:23:31 0 0 경기79바1609 3 34 232000073 113000412 42 
2021-01-02T11:24:31 0 0 경기79바1609 3 34 232000073 113000412 42 
2021-01-02T11:25:31 0 0 경기79바1609 3 34 232000073 113000412 42 
2021-01-02T11:26:30 0 0 경기79바1609 3 34 232000073 277103529 43 
2021-01-02T11:27:30 0 0 경기79바1609 3 34 232000073 277103529 43 
2021-01-02T11:28:29 0 0 경기79바1609 3 34 232000073 277103529 43 
2021-01-02T11:29:29 0 0 경기79바1609 3 34 232000073 277103402 44 
2021-01-02T11:30:28 0 0 경기79바1609 3 34 232000073 277103402 44 
2021-01-02T11:31:26 0 0 경기79바1609 3 34 232000073 277103402 44 
2021-01-02T11:32:26 0 0 경기79바1609 3 34 232000073 277103402 44 
2021-01-02T11:33:25 0 0 경기79바1609 3 34 232000073 277103401 45 
2021-01-02T11:34:25 0 0 경기79바1609 3 34 232000073 277103401 45 
2021-01-02T11:35:25 0 0 경기79바1609 3 34 232000073 277103401 45 
2021-01-02T11:36:25 0 0 경기79바1609 3 34 232000073 277103401 45 
2021-01-02T11:37:24 0 0 경기79바1609 3 34 232000073 277103401 45 
2021-01-02T11:38:24 0 0 경기79바1609 3 34 232000073 232000432 46 
2021-01-02T11:39:23 0 0 경기79바1609 3 36 232000073 232000432 46 
2021-01-02T11:40:23 0 0 경기79바1609 3 36 232000073 232000432 46 
2021-01-02T11:41:22 0 0 경기79바1609 3 36 232000073 232000432 46 
2021-01-02T11:42:22 0 0 경기79바1609 3 36 232000073 232000432 46 
2021-01-02T11:43:22 0 0 경기79바1609 3 37 232000073 232000429 47 
2021-01-02T11:44:21 0 0 경기79바1609 3 37 232000073 232000429 47 
2021-01-02T11:45:21 0 0 경기79바1609 3 37 232000073 232000429 47 
2021-01-02T11:46:20 0 0 경기79바1609 3 37 232000073 232000429 47 
2021-01-02T11:47:20 0 0 경기79바1609 3 37 232000073 232000354 48 
2021-01-02T11:48:20 0 0 경기79바1609 3 37 232000073 232000353 49 
2021-01-02T11:49:19 0 0 경기79바1609 3 37 232000073 232000352 50 
2021-01-02T11:50:19 0 0 경기79바1609 3 37 232000073 232000352 50 
2021-01-02T11:51:19 0 0 경기79바1609 3 37 232000073 232000351 51 
2021-01-02T11:52:18 0 0 경기79바1609 3 38 232000073 232000350 52 
2021-01-02T11:53:17 0 0 경기79바1609 3 38 232000073 232000350 52 
2021-01-02T11:54:17 0 0 경기79바1609 3 40 232000073 232000350 52 
2021-01-02T11:55:16 0 0 경기79바1609 3 40 232000073 232000001 53 
2021-01-02T11:56:16 0 0 경기79바1609 3 40 232000073 232000001 53 
2021-01-02T11:57:16 0 0 경기79바1609 3 40 232000073 232000001 53 
2021-01-02T11:58:15 0 0 경기79바1609 3 41 232000073 168000443 55 
2021-01-02T11:59:15 0 0 경기79바1609 3 41 232000073 168000443 55 
2021-01-02T12:00:15 0 0 경기79바1609 3 41 232000073 168000437 56 
2021-01-02T12:01:14 0 0 경기79바1609 3 41 232000073 168000437 56 
2021-01-02T12:24:05 0 0 경기79바1608 3 41 232000073 168000561 1 
2021-01-02T12:25:05 0 0 경기79바1608 3 41 232000073 168000561 1 
2021-01-02T12:26:04 0 0 경기79바1608 3 41 232000073 168000407 2 
2021-01-02T12:27:04 0 0 경기79바1608 3 41 232000073 168000407 2 
2021-01-02T12:28:04 0 0 경기79바1608 3 41 232000073 168000407 2 
2021-01-02T12:29:04 0 0 경기79바1608 3 41 232000073 168000407 2 
2021-01-02T12:30:04 0 0 경기79바1608 3 41 232000073 168000442 4 
2021-01-02T12:31:03 0 0 경기79바1608 3 41 232000073 168000446 5 
2021-01-02T12:32:02 0 0 경기79바1608 3 41 232000073 168000446 5 
2021-01-02T12:33:01 0 0 경기79바1608 3 41 232000073 168000446 5 
2021-01-02T12:34:01 0 0 경기79바1608 3 41 232000073 168000446 5 
2021-01-02T12:35:01 0 0 경기79바1608 3 41 232000073 168000446 5 
2021-01-02T12:35:59 0 0 경기79바1608 3 41 232000073 168000446 5 
2021-01-02T12:37:00 0 0 경기79바1608 3 41 232000073 232000348 7 
2021-01-02T12:37:59 0 0 경기79바1608 3 40 232000073 232000348 7 
2021-01-02T12:38:59 0 0 경기79바1608 3 40 232000073 232000347 8 
2021-01-02T12:39:58 0 0 경기79바1608 3 37 232000073 232000347 8 
2021-01-02T12:40:56 0 0 경기79바1608 3 37 232000073 232000347 8 
2021-01-02T12:41:56 0 0 경기79바1608 3 35 232000073 232000346 9 
2021-01-02T12:42:56 0 0 경기79바1608 3 35 232000073 232000345 10 
2021-01-02T12:43:56 0 0 경기79바1608 3 34 232000073 232000345 10 
2021-01-02T12:44:55 0 0 경기79바1608 3 32 232000073 232000344 11 
2021-01-02T12:45:54 0 0 경기79바1608 3 32 232000073 232000360 12 
2021-01-02T12:46:54 0 0 경기79바1608 3 32 232000073 232000360 12 
2021-01-02T12:47:54 0 0 경기79바1608 3 33 232000073 232000359 13 
2021-01-02T12:48:53 0 0 경기79바1608 3 32 232000073 232000359 13 
2021-01-02T12:49:52 0 0 경기79바1608 3 32 232000073 232000359 13 
2021-01-02T12:50:51 0 0 경기79바1608 3 32 232000073 232000359 13 
2021-01-02T12:51:51 0 0 경기79바1608 3 32 232000073 232000359 13 
2021-01-02T12:52:51 0 0 경기79바1608 3 32 232000073 232000359 13 
2021-01-02T12:53:51 0 0 경기79바1608 3 30 232000073 232000356 14 
2021-01-02T12:54:51 0 0 경기79바1608 3 30 232000073 232000356 14 
2021-01-02T12:55:50 0 0 경기79바1608 3 30 232000073 277103819 15 
2021-01-02T12:56:49 0 0 경기79바1608 3 30 232000073 277103819 15 
2021-01-02T12:57:49 0 0 경기79바1608 3 30 232000073 277103819 15 
2021-01-02T12:58:49 0 0 경기79바1608 3 30 232000073 277101769 16 
2021-01-02T12:59:48 0 0 경기79바1608 3 30 232000073 277101769 16 
2021-01-02T13:00:48 0 0 경기79바1608 3 30 232000073 277101769 16 
2021-01-02T13:01:48 0 0 경기79바1608 3 30 232000073 277103403 17 
2021-01-02T13:02:48 0 0 경기79바1608 3 30 232000073 277103403 17 
2021-01-02T13:03:47 0 0 경기79바1608 3 30 232000073 277103403 17 
2021-01-02T13:04:47 0 0 경기79바1608 3 30 232000073 277103404 18 
2021-01-02T13:05:46 0 0 경기79바1608 3 30 232000073 277103406 19 
2021-01-02T13:06:46 0 0 경기79바1608 3 30 232000073 277103406 19 
2021-01-02T13:07:45 0 0 경기79바1608 3 30 232000073 277103410 20 
2021-01-02T13:08:45 0 0 경기79바1608 3 30 232000073 277103410 20 
2021-01-02T13:09:45 0 0 경기79바1608 3 31 232000073 113000424 21 
2021-01-02T13:10:44 0 0 경기79바1608 3 31 232000073 113000424 21 
2021-01-02T13:11:43 0 0 경기79바1608 3 33 232000073 277102197 22 
2021-01-02T13:12:43 0 0 경기79바1608 3 33 232000073 277102197 22 
2021-01-02T13:13:42 0 0 경기79바1608 3 33 232000073 277102197 22 
2021-01-02T13:14:41 0 0 경기79바1608 3 36 232000073 113000422 23 
2021-01-02T13:15:41 0 0 경기79바1608 3 36 232000073 113000422 23 
2021-01-02T13:16:40 0 0 경기79바1608 3 36 232000073 113000420 24 
2021-01-02T13:17:40 0 0 경기79바1608 3 36 232000073 113000420 24 
2021-01-02T13:18:40 0 0 경기79바1608 3 37 232000073 113000419 25 
2021-01-02T13:19:40 0 0 경기79바1608 3 37 232000073 113000419 25 
2021-01-02T13:20:39 0 0 경기79바1608 3 37 232000073 113000418 26 
2021-01-02T13:21:39 0 0 경기79바1608 3 37 232000073 113000418 26 
2021-01-02T13:22:39 0 0 경기79바1608 3 37 232000073 113000418 26 
2021-01-02T13:23:39 0 0 경기79바1608 3 37 232000073 113000477 27 
2021-01-02T13:24:39 0 0 경기79바1608 3 37 232000073 113000477 27 
2021-01-02T13:25:38 0 0 경기79바1608 3 37 232000073 101000304 29 
2021-01-02T13:26:38 0 0 경기79바1608 3 37 232000073 101000304 29 
2021-01-02T13:27:37 0 0 경기79바1608 3 37 232000073 100000380 30 
2021-01-02T13:28:37 0 0 경기79바1608 3 37 232000073 100000380 30 
2021-01-02T13:29:36 0 0 경기79바1608 3 38 232000073 100000025 31 
2021-01-02T13:30:36 0 0 경기79바1608 3 41 232000073 100000025 31 
2021-01-02T13:31:35 0 0 경기79바1608 3 41 232000073 100000025 31 
2021-01-02T13:32:35 0 0 경기79바1608 3 40 232000073 101000038 32 
2021-01-02T13:33:33 0 0 경기79바1608 3 40 232000073 101000038 32 
2021-01-02T13:34:33 0 0 경기79바1608 3 40 232000073 112000170 34 
2021-01-02T13:35:33 0 0 경기79바1608 3 40 232000073 112000170 34 
2021-01-02T13:36:33 0 0 경기79바1608 3 40 232000073 113000478 35 
2021-01-02T13:37:33 0 0 경기79바1608 3 39 232000073 113000478 35 
2021-01-02T13:38:32 0 0 경기79바1608 3 39 232000073 113000411 36 
2021-01-02T13:39:32 0 0 경기79바1608 3 39 232000073 113000411 36 
2021-01-02T13:40:31 0 0 경기79바1608 3 39 232000073 113000411 36 
2021-01-02T13:41:31 0 0 경기79바1608 3 39 232000073 113000411 36 
2021-01-02T13:42:31 0 0 경기79바1608 3 39 232000073 113000417 37 
2021-01-02T13:43:30 0 0 경기79바1608 3 38 232000073 113000417 37 
2021-01-02T13:44:30 0 0 경기79바1608 3 38 232000073 113000417 37 
2021-01-02T13:45:29 0 0 경기79바1608 3 38 232000073 113000416 38 
2021-01-02T13:46:28 0 0 경기79바1608 3 38 232000073 113000416 38 
2021-01-02T13:47:28 0 0 경기79바1608 3 38 232000073 113000416 38 
2021-01-02T13:48:26 0 0 경기79바1608 3 38 232000073 113000414 39 
2021-01-02T13:49:26 0 0 경기79바1608 3 38 232000073 113000414 39 
2021-01-02T13:50:26 0 0 경기79바1608 3 38 232000073 277102199 40 
2021-01-02T13:51:25 0 0 경기79바1608 3 38 232000073 277102199 40 
2021-01-02T13:52:24 0 0 경기79바1608 3 38 232000073 277102199 40 
2021-01-02T13:53:24 0 0 경기79바1608 3 38 232000073 277102198 41 
2021-01-02T13:54:24 0 0 경기79바1608 3 38 232000073 113000412 42 
2021-01-02T13:55:23 0 0 경기79바1608 3 38 232000073 113000412 42 
2021-01-02T13:56:23 0 0 경기79바1608 3 34 232000073 113000412 42 
2021-01-02T13:57:23 0 0 경기79바1608 3 34 232000073 113000412 42 
2021-01-02T13:58:23 0 0 경기79바1608 3 34 232000073 113000412 42 
2021-01-02T13:59:23 0 0 경기79바1608 3 34 232000073 277103529 43 
2021-01-02T14:00:23 0 0 경기79바1608 3 34 232000073 277103529 43 
2021-01-02T14:01:23 0 0 경기79바1608 3 34 232000073 277103529 43 
2021-01-02T14:02:22 0 0 경기79바1608 3 34 232000073 277103529 43 
2021-01-02T14:03:22 0 0 경기79바1608 3 34 232000073 277103529 43 
2021-01-02T14:04:22 0 0 경기79바1608 3 34 232000073 277103529 43 
2021-01-02T14:05:22 0 0 경기79바1608 3 34 232000073 277103402 44 
2021-01-02T14:06:22 0 0 경기79바1608 3 34 232000073 277103402 44 
2021-01-02T14:07:21 0 0 경기79바1608 3 34 232000073 277103402 44 
2021-01-02T14:08:20 0 0 경기79바1608 3 34 232000073 277103402 44 
2021-01-02T14:09:20 0 0 경기79바1608 3 34 232000073 277103401 45 
2021-01-02T14:10:20 0 0 경기79바1608 3 34 232000073 277103401 45 
2021-01-02T14:11:19 0 0 경기79바1608 3 34 232000073 277103401 45 
2021-01-02T14:12:19 0 0 경기79바1608 3 34 232000073 277103401 45 
2021-01-02T14:13:19 0 0 경기79바1608 3 34 232000073 277103401 45 
2021-01-02T14:14:18 0 0 경기79바1608 3 34 232000073 232000432 46 
2021-01-02T14:15:18 0 0 경기79바1608 3 34 232000073 232000432 46 
2021-01-02T14:16:18 0 0 경기79바1608 3 34 232000073 232000432 46 
2021-01-02T14:17:18 0 0 경기79바1608 3 34 232000073 232000432 46 
2021-01-02T14:18:17 0 0 경기79바1608 3 34 232000073 232000432 46 
2021-01-02T14:19:16 0 0 경기79바1608 3 34 232000073 232000432 46 
2021-01-02T14:20:16 0 0 경기79바1608 3 35 232000073 232000432 46 
2021-01-02T14:21:16 0 0 경기79바1608 3 34 232000073 232000429 47 
2021-01-02T14:22:16 0 0 경기79바1608 3 34 232000073 232000429 47 
2021-01-02T14:23:16 0 0 경기79바1608 3 34 232000073 232000429 47 
2021-01-02T14:24:15 0 0 경기79바1608 3 34 232000073 232000429 47 
2021-01-02T14:25:15 0 0 경기79바1608 3 35 232000073 232000353 49 
2021-01-02T14:26:15 0 0 경기79바1608 3 36 232000073 232000353 49 
2021-01-02T14:27:15 0 0 경기79바1608 3 36 232000073 232000352 50 
2021-01-02T14:28:14 0 0 경기79바1608 3 36 232000073 232000352 50 
2021-01-02T14:29:14 0 0 경기79바1608 3 36 232000073 232000351 51 
2021-01-02T14:30:14 0 0 경기79바1608 3 37 232000073 232000350 52 
2021-01-02T14:31:13 0 0 경기79바1608 3 38 232000073 232000350 52 
2021-01-02T14:32:13 0 0 경기79바1608 3 38 232000073 232000001 53 
2021-01-02T14:33:13 0 0 경기79바1608 3 38 232000073 232000001 53 
2021-01-02T14:34:12 0 0 경기79바1608 3 38 232000073 232000001 53 
2021-01-02T14:35:11 0 0 경기79바1608 3 38 232000073 232000001 53 
2021-01-02T14:36:11 0 0 경기79바1608 3 39 232000073 168000447 54 
2021-01-02T14:37:11 0 0 경기79바1608 3 39 232000073 168000447 54 
2021-01-02T14:38:11 0 0 경기79바1608 3 40 232000073 168000447 54 
2021-01-02T14:39:11 0 0 경기79바1608 3 41 232000073 168000443 55 
2021-01-02T14:40:10 0 0 경기79바1608 3 41 232000073 168000443 55 
2021-01-02T14:41:10 0 0 경기79바1608 3 41 232000073 168000437 56 
2021-01-02T14:42:10 0 0 경기79바1608 3 41 232000073 168000437 56 
2021-01-02T14:52:08 0 0 경기79바1609 3 41 232000073 168000561 1 
2021-01-02T14:53:07 0 0 경기79바1609 3 41 232000073 168000407 2 
2021-01-02T14:54:06 0 0 경기79바1609 3 41 232000073 168000407 2 
2021-01-02T14:55:06 0 0 경기79바1609 3 41 232000073 168000407 2 
2021-01-02T14:56:06 0 0 경기79바1609 3 41 232000073 168000407 2 
2021-01-02T14:57:06 0 0 경기79바1609 3 41 232000073 168000442 4 
2021-01-02T14:58:06 0 0 경기79바1609 3 41 232000073 168000446 5 
2021-01-02T14:59:05 0 0 경기79바1609 3 41 232000073 168000446 5 
2021-01-02T15:00:05 0 0 경기79바1609 3 41 232000073 168000446 5 
2021-01-02T15:01:05 0 0 경기79바1609 3 41 232000073 168000446 5 
2021-01-02T15:02:04 0 0 경기79바1609 3 41 232000073 168000446 5 
2021-01-02T15:03:04 0 0 경기79바1609 3 41 232000073 232000349 6 
2021-01-02T15:04:04 0 0 경기79바1609 3 41 232000073 232000349 6 
2021-01-02T15:05:04 0 0 경기79바1609 3 41 232000073 232000348 7 
2021-01-02T15:06:04 0 0 경기79바1609 3 40 232000073 232000348 7 
2021-01-02T15:07:03 0 0 경기79바1609 3 39 232000073 232000347 8 
2021-01-02T15:08:03 0 0 경기79바1609 3 39 232000073 232000347 8 
2021-01-02T15:09:02 0 0 경기79바1609 3 39 232000073 232000346 9 
2021-01-02T15:10:02 0 0 경기79바1609 3 39 232000073 232000346 9 
2021-01-02T15:11:02 0 0 경기79바1609 3 38 232000073 232000344 11 
2021-01-02T15:12:02 0 0 경기79바1609 3 38 232000073 232000360 12 
2021-01-02T15:13:01 0 0 경기79바1609 3 37 232000073 232000360 12 
2021-01-02T15:14:01 0 0 경기79바1609 3 37 232000073 232000359 13 
2021-01-02T15:15:01 0 0 경기79바1609 3 35 232000073 232000359 13 
2021-01-02T15:16:01 0 0 경기79바1609 3 35 232000073 232000359 13 
2021-01-02T15:17:01 0 0 경기79바1609 3 35 232000073 232000359 13 
2021-01-02T15:18:00 0 0 경기79바1609 3 35 232000073 232000359 13 
2021-01-02T15:19:00 0 0 경기79바1609 3 35 232000073 232000356 14 
2021-01-02T15:19:59 0 0 경기79바1609 3 35 232000073 232000356 14 
2021-01-02T15:20:58 0 0 경기79바1609 3 34 232000073 232000356 14 
2021-01-02T15:21:58 0 0 경기79바1609 3 34 232000073 232000356 14 
2021-01-02T15:22:58 0 0 경기79바1609 3 34 232000073 277103819 15 
2021-01-02T15:23:57 0 0 경기79바1609 3 34 232000073 277103819 15 
2021-01-02T15:24:56 0 0 경기79바1609 3 34 232000073 277103819 15 
2021-01-02T15:25:57 0 0 경기79바1609 3 34 232000073 277101769 16 
2021-01-02T15:26:56 0 0 경기79바1609 3 34 232000073 277101769 16 
2021-01-02T15:27:55 0 0 경기79바1609 3 34 232000073 277101769 16 
2021-01-02T15:28:56 0 0 경기79바1609 3 34 232000073 277101769 16 
2021-01-02T15:29:56 0 0 경기79바1609 3 34 232000073 277101769 16 
2021-01-02T15:30:55 0 0 경기79바1609 3 34 232000073 277103403 17 
2021-01-02T15:31:54 0 0 경기79바1609 3 34 232000073 277103403 17 
2021-01-02T15:32:55 0 0 경기79바1609 3 34 232000073 277103403 17 
2021-01-02T15:33:54 0 0 경기79바1609 3 34 232000073 277103403 17 
2021-01-02T15:34:53 0 0 경기79바1609 3 34 232000073 277103404 18 
2021-01-02T15:35:53 0 0 경기79바1609 3 34 232000073 277103406 19 
2021-01-02T15:36:53 0 0 경기79바1609 3 34 232000073 277103406 19 
2021-01-02T15:37:52 0 0 경기79바1609 3 34 232000073 277103410 20 
2021-01-02T15:38:52 0 0 경기79바1609 3 34 232000073 277103410 20 
2021-01-02T15:39:52 0 0 경기79바1609 3 34 232000073 113000424 21 
2021-01-02T15:40:52 0 0 경기79바1609 3 35 232000073 113000424 21 
2021-01-02T15:41:52 0 0 경기79바1609 3 35 232000073 277102197 22 
2021-01-02T15:42:51 0 0 경기79바1609 3 35 232000073 277102197 22 
2021-01-02T15:43:51 0 0 경기79바1609 3 35 232000073 277102197 22 
2021-01-02T15:44:51 0 0 경기79바1609 3 37 232000073 113000422 23 
2021-01-02T15:45:50 0 0 경기79바1609 3 37 232000073 113000422 23 
2021-01-02T15:46:50 0 0 경기79바1609 3 37 232000073 113000420 24 
2021-01-02T15:47:49 0 0 경기79바1609 3 38 232000073 113000420 24 
2021-01-02T15:48:49 0 0 경기79바1609 3 38 232000073 113000419 25 
2021-01-02T15:49:49 0 0 경기79바1609 3 38 232000073 113000419 25 
2021-01-02T15:50:48 0 0 경기79바1609 3 38 232000073 113000418 26 
2021-01-02T15:51:47 0 0 경기79바1609 3 38 232000073 113000477 27 
2021-01-02T15:52:47 0 0 경기79바1609 3 40 232000073 113000477 27 
2021-01-02T15:53:47 0 0 경기79바1609 3 40 232000073 113000477 27 
2021-01-02T15:54:47 0 0 경기79바1609 3 40 232000073 112000430 28 
2021-01-02T15:55:46 0 0 경기79바1609 3 40 232000073 101000304 29 
2021-01-02T15:56:46 0 0 경기79바1609 3 40 232000073 100000380 30 
2021-01-02T15:57:46 0 0 경기79바1609 3 40 232000073 100000380 30 
2021-01-02T15:58:45 0 0 경기79바1609 3 41 232000073 100000380 30 
2021-01-02T15:59:45 0 0 경기79바1609 3 39 232000073 100000025 31 
2021-01-02T16:00:45 0 0 경기79바1609 3 39 232000073 100000025 31 
2021-01-02T16:01:44 0 0 경기79바1609 3 39 232000073 101000038 32 
2021-01-02T16:02:44 0 0 경기79바1609 3 39 232000073 277101975 33 
2021-01-02T16:03:43 0 0 경기79바1609 3 39 232000073 112000170 34 
2021-01-02T16:04:44 0 0 경기79바1609 3 39 232000073 112000170 34 
2021-01-02T16:05:42 0 0 경기79바1609 3 39 232000073 113000478 35 
2021-01-02T16:06:42 0 0 경기79바1609 3 39 232000073 113000478 35 
2021-01-02T16:07:42 0 0 경기79바1609 3 39 232000073 113000478 35 
2021-01-02T16:08:41 0 0 경기79바1609 3 39 232000073 113000478 35 
2021-01-02T16:09:41 0 0 경기79바1609 3 39 232000073 113000411 36 
2021-01-02T16:10:40 0 0 경기79바1609 3 39 232000073 113000411 36 
2021-01-02T16:11:40 0 0 경기79바1609 3 39 232000073 113000411 36 
2021-01-02T16:12:40 0 0 경기79바1609 3 39 232000073 113000417 37 
2021-01-02T16:13:39 0 0 경기79바1609 3 35 232000073 113000417 37 
2021-01-02T16:14:39 0 0 경기79바1609 3 35 232000073 113000416 38 
2021-01-02T16:15:39 0 0 경기79바1609 3 35 232000073 113000416 38 
2021-01-02T16:16:39 0 0 경기79바1609 3 35 232000073 113000416 38 
2021-01-02T16:17:39 0 0 경기79바1609 3 35 232000073 113000414 39 
2021-01-02T16:18:38 0 0 경기79바1609 3 28 232000073 113000414 39 
2021-01-02T16:19:38 0 0 경기79바1609 3 28 232000073 113000414 39 
2021-01-02T16:20:38 0 0 경기79바1609 3 28 232000073 277102199 40 
2021-01-02T16:21:37 0 0 경기79바1609 3 28 232000073 113000412 42 
2021-01-02T16:22:37 0 0 경기79바1609 3 28 232000073 113000412 42 
2021-01-02T16:23:37 0 0 경기79바1609 3 24 232000073 113000412 42 
2021-01-02T16:24:37 0 0 경기79바1609 3 24 232000073 113000412 42 
2021-01-02T16:25:36 0 0 경기79바1609 3 24 232000073 113000412 42 
2021-01-02T16:26:36 0 0 경기79바1609 3 24 232000073 277103529 43 
2021-01-02T16:27:36 0 0 경기79바1609 3 24 232000073 277103529 43 
2021-01-02T16:28:36 0 0 경기79바1609 3 24 232000073 277103529 43 
2021-01-02T16:29:34 0 0 경기79바1609 3 24 232000073 277103529 43 
2021-01-02T16:30:34 0 0 경기79바1609 3 24 232000073 277103402 44 
2021-01-02T16:31:34 0 0 경기79바1609 3 24 232000073 277103402 44 
2021-01-02T16:32:33 0 0 경기79바1609 3 24 232000073 277103402 44 
2021-01-02T16:33:33 0 0 경기79바1609 3 24 232000073 277103402 44 
2021-01-02T16:34:32 0 0 경기79바1609 3 24 232000073 277103401 45 
2021-01-02T16:35:32 0 0 경기79바1609 3 24 232000073 277103401 45 
2021-01-02T16:36:32 0 0 경기79바1609 3 24 232000073 277103401 45 
2021-01-02T16:37:31 0 0 경기79바1609 3 24 232000073 277103401 45 
2021-01-02T16:38:31 0 0 경기79바1609 3 24 232000073 277103401 45 
2021-01-02T16:39:31 0 0 경기79바1609 3 24 232000073 277103401 45 
2021-01-02T16:40:31 0 0 경기79바1609 3 24 232000073 232000432 46 
2021-01-02T16:41:30 0 0 경기79바1609 3 25 232000073 232000432 46 
2021-01-02T16:42:29 0 0 경기79바1609 3 25 232000073 232000432 46 
2021-01-02T16:43:29 0 0 경기79바1609 3 25 232000073 232000432 46 
2021-01-02T16:44:29 0 0 경기79바1609 3 25 232000073 232000432 46 
2021-01-02T16:45:27 0 0 경기79바1609 3 26 232000073 232000432 46 
2021-01-02T16:46:27 0 0 경기79바1609 3 26 232000073 232000429 47 
2021-01-02T16:47:27 0 0 경기79바1609 3 26 232000073 232000429 47 
2021-01-02T16:48:26 0 0 경기79바1609 3 27 232000073 232000354 48 
2021-01-02T16:49:25 0 0 경기79바1609 3 27 232000073 232000353 49 
2021-01-02T16:50:25 0 0 경기79바1609 3 29 232000073 232000353 49 
2021-01-02T16:51:24 0 0 경기79바1609 3 32 232000073 232000352 50 
2021-01-02T16:52:23 0 0 경기79바1609 3 32 232000073 232000352 50 
2021-01-02T16:53:22 0 0 경기79바1609 3 33 232000073 232000352 50 
2021-01-02T16:54:22 0 0 경기79바1609 3 35 232000073 232000350 52 
2021-01-02T16:55:21 0 0 경기79바1609 3 35 232000073 232000350 52 
2021-01-02T16:56:21 0 0 경기79바1609 3 36 232000073 232000350 52 
2021-01-02T16:57:21 0 0 경기79바1609 3 36 232000073 232000350 52 
2021-01-02T16:58:20 0 0 경기79바1609 3 36 232000073 232000001 53 
2021-01-02T16:59:20 0 0 경기79바1609 3 36 232000073 232000001 53 
2021-01-02T17:00:20 0 0 경기79바1609 3 36 232000073 232000001 53 
2021-01-02T17:01:20 0 0 경기79바1609 3 36 232000073 168000447 54 
2021-01-02T17:02:19 0 0 경기79바1609 3 36 232000073 168000447 54 
2021-01-02T17:03:19 0 0 경기79바1609 3 37 232000073 168000437 56 
2021-01-02T17:04:19 0 0 경기79바1609 3 38 232000073 168000437 56 
2021-01-02T17:05:19 0 0 경기79바1609 3 38 232000073 168000437 56 
2021-01-02T17:06:18 0 0 경기79바1609 3 38 232000073 168000437 56 
2021-01-02T17:07:18 0 0 경기79바1609 3 38 232000073 168000437 56 
2021-01-02T17:24:14 0 0 경기79바1608 3 41 232000073 168000561 1 
2021-01-02T17:25:14 0 0 경기79바1608 3 41 232000073 168000407 2 
2021-01-02T17:26:13 0 0 경기79바1608 3 41 232000073 168000407 2 
2021-01-02T17:27:13 0 0 경기79바1608 3 41 232000073 168000407 2 
2021-01-02T17:28:13 0 0 경기79바1608 3 41 232000073 168000407 2 
2021-01-02T17:29:13 0 0 경기79바1608 3 41 232000073 168000442 4 
2021-01-02T17:30:12 0 0 경기79바1608 3 41 232000073 168000442 4 
2021-01-02T17:31:12 0 0 경기79바1608 3 41 232000073 168000446 5 
2021-01-02T17:32:12 0 0 경기79바1608 3 39 232000073 168000446 5 
2021-01-02T17:33:11 0 0 경기79바1608 3 39 232000073 168000446 5 
2021-01-02T17:34:11 0 0 경기79바1608 3 39 232000073 168000446 5 
2021-01-02T17:35:10 0 0 경기79바1608 3 39 232000073 168000446 5 
2021-01-02T17:36:09 0 0 경기79바1608 3 39 232000073 168000446 5 
2021-01-02T17:37:09 0 0 경기79바1608 3 39 232000073 168000446 5 
2021-01-02T17:38:09 0 0 경기79바1608 3 39 232000073 232000349 6 
2021-01-02T17:39:08 0 0 경기79바1608 3 39 232000073 232000348 7 
2021-01-02T17:40:07 0 0 경기79바1608 3 38 232000073 232000348 7 
2021-01-02T17:41:06 0 0 경기79바1608 3 38 232000073 232000348 7 
2021-01-02T17:42:06 0 0 경기79바1608 3 35 232000073 232000347 8 
2021-01-02T17:43:06 0 0 경기79바1608 3 35 232000073 232000347 8 
2021-01-02T17:44:06 0 0 경기79바1608 3 35 232000073 232000346 9 
2021-01-02T17:45:05 0 0 경기79바1608 3 35 232000073 232000344 11 
2021-01-02T17:46:04 0 0 경기79바1608 3 35 232000073 232000360 12 
2021-01-02T17:47:04 0 0 경기79바1608 3 35 232000073 232000360 12 
2021-01-02T17:48:04 0 0 경기79바1608 3 35 232000073 232000359 13 
2021-01-02T17:49:04 0 0 경기79바1608 3 36 232000073 232000359 13 
2021-01-02T17:50:03 0 0 경기79바1608 3 36 232000073 232000359 13 
2021-01-02T17:51:03 0 0 경기79바1608 3 36 232000073 232000359 13 
2021-01-02T17:52:02 0 0 경기79바1608 3 36 232000073 232000359 13 
2021-01-02T17:53:02 0 0 경기79바1608 3 36 232000073 232000359 13 
2021-01-02T17:54:01 0 0 경기79바1608 3 36 232000073 232000356 14 
2021-01-02T17:55:01 0 0 경기79바1608 3 36 232000073 232000356 14 
2021-01-02T17:56:01 0 0 경기79바1608 3 36 232000073 277103819 15 
2021-01-02T17:57:00 0 0 경기79바1608 3 36 232000073 277103819 15 
2021-01-02T17:57:59 0 0 경기79바1608 3 36 232000073 277103819 15 
2021-01-02T17:59:00 0 0 경기79바1608 3 36 232000073 277101769 16 
2021-01-02T17:59:59 0 0 경기79바1608 3 36 232000073 277101769 16 
2021-01-02T18:00:58 0 0 경기79바1608 3 36 232000073 277101769 16 
2021-01-02T18:01:57 0 0 경기79바1608 3 36 232000073 277101769 16 
2021-01-02T18:02:57 0 0 경기79바1608 3 36 232000073 277103403 17 
2021-01-02T18:03:56 0 0 경기79바1608 3 36 232000073 277103403 17 
2021-01-02T18:04:56 0 0 경기79바1608 3 36 232000073 277103403 17 
2021-01-02T18:05:56 0 0 경기79바1608 3 36 232000073 277103404 18 
2021-01-02T18:06:55 0 0 경기79바1608 3 36 232000073 277103406 19 
2021-01-02T18:07:54 0 0 경기79바1608 3 36 232000073 277103406 19 
2021-01-02T18:08:54 0 0 경기79바1608 3 36 232000073 277103410 20 
2021-01-02T18:09:53 0 0 경기79바1608 3 36 232000073 277103410 20 
2021-01-02T18:10:52 0 0 경기79바1608 3 39 232000073 113000424 21 
2021-01-02T18:11:52 0 0 경기79바1608 3 39 232000073 277102197 22 
2021-01-02T18:12:51 0 0 경기79바1608 3 39 232000073 277102197 22 
2021-01-02T18:13:50 0 0 경기79바1608 3 39 232000073 277102197 22 
2021-01-02T18:14:50 0 0 경기79바1608 3 39 232000073 113000422 23 
2021-01-02T18:15:49 0 0 경기79바1608 3 39 232000073 113000422 23 
2021-01-02T18:16:49 0 0 경기79바1608 3 39 232000073 113000422 23 
2021-01-02T18:17:48 0 0 경기79바1608 3 39 232000073 113000420 24 
2021-01-02T18:18:48 0 0 경기79바1608 3 39 232000073 113000420 24 
2021-01-02T18:19:49 0 0 경기79바1608 3 39 232000073 113000420 24 
2021-01-02T18:20:48 0 0 경기79바1608 3 39 232000073 113000419 25 
2021-01-02T18:21:47 0 0 경기79바1608 3 39 232000073 113000419 25 
2021-01-02T18:22:47 0 0 경기79바1608 3 39 232000073 113000418 26 
2021-01-02T18:23:46 0 0 경기79바1608 3 39 232000073 113000477 27 
2021-01-02T18:24:46 0 0 경기79바1608 3 39 232000073 112000430 28 
2021-01-02T18:25:45 0 0 경기79바1608 3 39 232000073 101000304 29 
2021-01-02T18:26:44 0 0 경기79바1608 3 39 232000073 100000380 30 
2021-01-02T18:27:44 0 0 경기79바1608 3 39 232000073 100000380 30 
2021-01-02T18:28:44 0 0 경기79바1608 3 39 232000073 100000025 31 
2021-01-02T18:29:44 0 0 경기79바1608 3 39 232000073 100000025 31 
2021-01-02T18:30:43 0 0 경기79바1608 3 39 232000073 100000025 31 
2021-01-02T18:31:42 0 0 경기79바1608 3 39 232000073 100000025 31 
2021-01-02T18:32:41 0 0 경기79바1608 3 40 232000073 101000038 32 
2021-01-02T18:33:41 0 0 경기79바1608 3 40 232000073 277101975 33 
2021-01-02T18:34:40 0 0 경기79바1608 3 40 232000073 112000170 34 
2021-01-02T18:35:39 0 0 경기79바1608 3 40 232000073 112000170 34 
2021-01-02T18:36:40 0 0 경기79바1608 3 40 232000073 113000478 35 
2021-01-02T18:37:39 0 0 경기79바1608 3 40 232000073 113000478 35 
2021-01-02T18:38:39 0 0 경기79바1608 3 40 232000073 113000411 36 
2021-01-02T18:39:38 0 0 경기79바1608 3 39 232000073 113000411 36 
2021-01-02T18:40:37 0 0 경기79바1608 3 39 232000073 113000411 36 
2021-01-02T18:41:37 0 0 경기79바1608 3 39 232000073 113000417 37 
2021-01-02T18:42:36 0 0 경기79바1608 3 39 232000073 113000416 38 
2021-01-02T18:43:36 0 0 경기79바1608 3 39 232000073 113000416 38 
2021-01-02T18:44:36 0 0 경기79바1608 3 39 232000073 113000414 39 
2021-01-02T18:45:36 0 0 경기79바1608 3 37 232000073 277102199 40 
2021-01-02T18:46:35 0 0 경기79바1608 3 37 232000073 277102199 40 
2021-01-02T18:47:34 0 0 경기79바1608 3 37 232000073 277102199 40 
2021-01-02T18:48:33 0 0 경기79바1608 3 37 232000073 113000412 42 
2021-01-02T18:49:33 0 0 경기79바1608 3 37 232000073 113000412 42 
2021-01-02T18:50:32 0 0 경기79바1608 3 33 232000073 113000412 42 
2021-01-02T18:51:32 0 0 경기79바1608 3 33 232000073 113000412 42 
2021-01-02T18:52:31 0 0 경기79바1608 3 33 232000073 113000412 42 
2021-01-02T18:53:31 0 0 경기79바1608 3 33 232000073 277103529 43 
2021-01-02T18:54:31 0 0 경기79바1608 3 33 232000073 277103529 43 
2021-01-02T18:55:30 0 0 경기79바1608 3 33 232000073 277103529 43 
2021-01-02T18:56:30 0 0 경기79바1608 3 33 232000073 277103529 43 
2021-01-02T18:57:30 0 0 경기79바1608 3 33 232000073 277103402 44 
2021-01-02T18:58:29 0 0 경기79바1608 3 33 232000073 277103402 44 
2021-01-02T18:59:28 0 0 경기79바1608 3 33 232000073 277103402 44 
2021-01-02T19:00:28 0 0 경기79바1608 3 33 232000073 277103401 45 
2021-01-02T19:01:28 0 0 경기79바1608 3 33 232000073 277103401 45 
2021-01-02T19:02:27 0 0 경기79바1608 3 33 232000073 277103401 45 
2021-01-02T19:03:27 0 0 경기79바1608 3 33 232000073 277103401 45 
2021-01-02T19:04:25 0 0 경기79바1608 3 33 232000073 277103401 45 
2021-01-02T19:05:25 0 0 경기79바1608 3 33 232000073 232000432 46 
2021-01-02T19:06:24 0 0 경기79바1608 3 33 232000073 232000432 46 
2021-01-02T19:07:23 0 0 경기79바1608 3 33 232000073 232000432 46 
2021-01-02T19:08:23 0 0 경기79바1608 3 33 232000073 232000432 46 
2021-01-02T19:09:22 0 0 경기79바1608 3 33 232000073 232000432 46 
2021-01-02T19:10:22 0 0 경기79바1608 3 33 232000073 232000432 46 
2021-01-02T19:11:22 0 0 경기79바1608 3 34 232000073 232000429 47 
2021-01-02T19:12:22 0 0 경기79바1608 3 34 232000073 232000429 47 
2021-01-02T19:13:22 0 0 경기79바1608 3 34 232000073 232000429 47 
2021-01-02T19:14:21 0 0 경기79바1608 3 34 232000073 232000429 47 
2021-01-02T19:15:21 0 0 경기79바1608 3 34 232000073 232000354 48 
2021-01-02T19:16:21 0 0 경기79바1608 3 35 232000073 232000353 49 
2021-01-02T19:17:20 0 0 경기79바1608 3 35 232000073 232000353 49 
2021-01-02T19:18:20 0 0 경기79바1608 3 36 232000073 232000352 50 
2021-01-02T19:19:20 0 0 경기79바1608 3 36 232000073 232000352 50 
2021-01-02T19:20:19 0 0 경기79바1608 3 36 232000073 232000351 51 
2021-01-02T19:21:19 0 0 경기79바1608 3 37 232000073 232000350 52 
2021-01-02T19:22:19 0 0 경기79바1608 3 37 232000073 232000350 52 
2021-01-02T19:23:17 0 0 경기79바1608 3 37 232000073 232000350 52 
2021-01-02T19:24:17 0 0 경기79바1608 3 37 232000073 232000001 53 
2021-01-02T19:25:17 0 0 경기79바1608 3 37 232000073 232000001 53 
2021-01-02T19:26:17 0 0 경기79바1608 3 37 232000073 232000001 53 
2021-01-02T19:27:17 0 0 경기79바1608 3 37 232000073 232000001 53 
2021-01-02T19:28:16 0 0 경기79바1608 3 40 232000073 168000443 55 
2021-01-02T19:29:16 0 0 경기79바1608 3 40 232000073 168000443 55 
2021-01-02T19:30:16 0 0 경기79바1608 3 40 232000073 168000437 56 
2021-01-02T19:31:16 0 0 경기79바1608 3 40 232000073 168000437 56 
2021-01-02T19:51:09 0 0 경기79바1609 3 41 232000073 168000561 1 
2021-01-02T19:52:09 0 0 경기79바1609 3 41 232000073 168000407 2 
2021-01-02T19:53:09 0 0 경기79바1609 3 41 232000073 168000407 2 
2021-01-02T19:54:09 0 0 경기79바1609 3 41 232000073 168000407 2 
2021-01-02T19:55:08 0 0 경기79바1609 3 41 232000073 168000407 2 
2021-01-02T19:56:08 0 0 경기79바1609 3 41 232000073 168000446 5 
2021-01-02T19:57:07 0 0 경기79바1609 3 40 232000073 168000446 5 
2021-01-02T19:58:06 0 0 경기79바1609 3 40 232000073 168000446 5 
2021-01-02T19:59:05 0 0 경기79바1609 3 40 232000073 168000446 5 
2021-01-02T20:00:05 0 0 경기79바1609 3 40 232000073 168000446 5 
2021-01-02T20:01:05 0 0 경기79바1609 3 40 232000073 168000446 5 
2021-01-02T20:02:05 0 0 경기79바1609 3 40 232000073 232000349 6 
2021-01-02T20:03:04 0 0 경기79바1609 3 40 232000073 232000349 6 
2021-01-02T20:04:04 0 0 경기79바1609 3 40 232000073 232000348 7 
2021-01-02T20:05:03 0 0 경기79바1609 3 39 232000073 232000348 7 
2021-01-02T20:06:03 0 0 경기79바1609 3 39 232000073 232000347 8 
2021-01-02T20:07:03 0 0 경기79바1609 3 39 232000073 232000347 8 
2021-01-02T20:08:02 0 0 경기79바1609 3 39 232000073 232000346 9 
2021-01-02T20:09:02 0 0 경기79바1609 3 39 232000073 232000346 9 
2021-01-02T20:10:01 0 0 경기79바1609 3 39 232000073 232000344 11 
2021-01-02T20:11:01 0 0 경기79바1609 3 39 232000073 232000360 12 
2021-01-02T20:12:00 0 0 경기79바1609 3 39 232000073 232000360 12 
2021-01-02T20:12:59 0 0 경기79바1609 3 39 232000073 232000359 13 
2021-01-02T20:13:59 0 0 경기79바1609 3 38 232000073 232000359 13 
2021-01-02T20:14:58 0 0 경기79바1609 3 38 232000073 232000359 13 
2021-01-02T20:15:57 0 0 경기79바1609 3 38 232000073 232000359 13 
2021-01-02T20:16:57 0 0 경기79바1609 3 38 232000073 232000359 13 
2021-01-02T20:17:56 0 0 경기79바1609 3 38 232000073 232000356 14 
2021-01-02T20:18:55 0 0 경기79바1609 3 39 232000073 232000356 14 
2021-01-02T20:19:55 0 0 경기79바1609 3 39 232000073 232000356 14 
2021-01-02T20:20:55 0 0 경기79바1609 3 39 232000073 277103819 15 
2021-01-02T20:21:55 0 0 경기79바1609 3 39 232000073 277103819 15 
2021-01-02T20:22:54 0 0 경기79바1609 3 39 232000073 277103819 15 
2021-01-02T20:23:53 0 0 경기79바1609 3 39 232000073 277101769 16 
2021-01-02T20:24:53 0 0 경기79바1609 3 39 232000073 277101769 16 
2021-01-02T20:25:53 0 0 경기79바1609 3 39 232000073 277101769 16 
2021-01-02T20:26:52 0 0 경기79바1609 3 39 232000073 277103403 17 
2021-01-02T20:27:52 0 0 경기79바1609 3 39 232000073 277103403 17 
2021-01-02T20:28:52 0 0 경기79바1609 3 39 232000073 277103403 17 
2021-01-02T20:29:52 0 0 경기79바1609 3 39 232000073 277103404 18 
2021-01-02T20:30:51 0 0 경기79바1609 3 39 232000073 277103406 19 
2021-01-02T20:31:50 0 0 경기79바1609 3 39 232000073 277103406 19 
2021-01-02T20:32:50 0 0 경기79바1609 3 39 232000073 277103410 20 
2021-01-02T20:33:50 0 0 경기79바1609 3 40 232000073 113000424 21 
2021-01-02T20:34:49 0 0 경기79바1609 3 40 232000073 113000424 21 
2021-01-02T20:35:49 0 0 경기79바1609 3 41 232000073 113000424 21 
2021-01-02T20:36:48 0 0 경기79바1609 3 41 232000073 277102197 22 
2021-01-02T20:37:48 0 0 경기79바1609 3 41 232000073 277102197 22 
2021-01-02T20:38:48 0 0 경기79바1609 3 41 232000073 277102197 22 
2021-01-02T20:39:48 0 0 경기79바1609 3 41 232000073 113000422 23 
2021-01-02T20:40:47 0 0 경기79바1609 3 41 232000073 113000422 23 
2021-01-02T20:41:47 0 0 경기79바1609 3 41 232000073 113000420 24 
2021-01-02T20:42:47 0 0 경기79바1609 3 41 232000073 113000420 24 
2021-01-02T20:43:47 0 0 경기79바1609 3 41 232000073 113000419 25 
2021-01-02T20:44:47 0 0 경기79바1609 3 41 232000073 113000419 25 
2021-01-02T20:45:46 0 0 경기79바1609 3 41 232000073 113000418 26 
2021-01-02T20:46:45 0 0 경기79바1609 3 41 232000073 113000477 27 
2021-01-02T20:47:45 0 0 경기79바1609 3 41 232000073 113000477 27 
2021-01-02T20:48:45 0 0 경기79바1609 3 41 232000073 113000477 27 
2021-01-02T20:49:44 0 0 경기79바1609 3 41 232000073 112000430 28 
2021-01-02T20:50:44 0 0 경기79바1609 3 41 232000073 101000304 29 
2021-01-02T20:51:44 0 0 경기79바1609 3 41 232000073 101000304 29 
2021-01-02T20:52:43 0 0 경기79바1609 3 41 232000073 101000304 29 
2021-01-02T20:53:43 0 0 경기79바1609 3 41 232000073 100000380 30 
2021-01-02T20:54:42 0 0 경기79바1609 3 41 232000073 100000025 31 
2021-01-02T20:55:42 0 0 경기79바1609 3 39 232000073 100000025 31 
2021-01-02T20:56:42 0 0 경기79바1609 3 39 232000073 100000025 31 
2021-01-02T20:57:42 0 0 경기79바1609 3 36 232000073 277101975 33 
2021-01-02T20:58:41 0 0 경기79바1609 3 36 232000073 112000170 34 
2021-01-02T20:59:41 0 0 경기79바1609 3 36 232000073 113000478 35 
2021-01-02T21:00:41 0 0 경기79바1609 3 36 232000073 113000478 35 
2021-01-02T21:01:40 0 0 경기79바1609 3 35 232000073 113000478 35 
2021-01-02T21:02:40 0 0 경기79바1609 3 35 232000073 113000478 35 
2021-01-02T21:03:39 0 0 경기79바1609 3 35 232000073 113000411 36 
2021-01-02T21:04:39 0 0 경기79바1609 3 35 232000073 113000411 36 
2021-01-02T21:05:39 0 0 경기79바1609 3 34 232000073 113000417 37 
2021-01-02T21:06:38 0 0 경기79바1609 3 32 232000073 113000416 38 
2021-01-02T21:07:38 0 0 경기79바1609 3 32 232000073 113000416 38 
2021-01-02T21:08:38 0 0 경기79바1609 3 32 232000073 113000414 39 
2021-01-02T21:09:37 0 0 경기79바1609 3 26 232000073 113000414 39 
2021-01-02T21:10:37 0 0 경기79바1609 3 26 232000073 277102199 40 
2021-01-02T21:11:36 0 0 경기79바1609 3 26 232000073 277102199 40 
2021-01-02T21:12:36 0 0 경기79바1609 3 26 232000073 277102198 41 
2021-01-02T21:13:36 0 0 경기79바1609 3 26 232000073 113000412 42 
2021-01-02T21:14:35 0 0 경기79바1609 3 26 232000073 113000412 42 
2021-01-02T21:15:34 0 0 경기79바1609 3 17 232000073 113000412 42 
2021-01-02T21:16:34 0 0 경기79바1609 3 17 232000073 113000412 42 
2021-01-02T21:17:34 0 0 경기79바1609 3 17 232000073 113000412 42 
2021-01-02T21:18:34 0 0 경기79바1609 3 17 232000073 277103529 43 
2021-01-02T21:19:33 0 0 경기79바1609 3 17 232000073 277103529 43 
2021-01-02T21:20:33 0 0 경기79바1609 3 17 232000073 277103529 43 
2021-01-02T21:21:33 0 0 경기79바1609 3 17 232000073 277103529 43 
2021-01-02T21:22:33 0 0 경기79바1609 3 17 232000073 277103402 44 
2021-01-02T21:23:33 0 0 경기79바1609 3 17 232000073 277103402 44 
2021-01-02T21:24:32 0 0 경기79바1609 3 17 232000073 277103402 44 
2021-01-02T21:25:32 0 0 경기79바1609 3 17 232000073 277103401 45 
2021-01-02T21:26:32 0 0 경기79바1609 3 17 232000073 277103401 45 
2021-01-02T21:27:31 0 0 경기79바1609 3 17 232000073 277103401 45 
2021-01-02T21:28:31 0 0 경기79바1609 3 17 232000073 277103401 45 
2021-01-02T21:29:31 0 0 경기79바1609 3 17 232000073 277103401 45 
2021-01-02T21:30:31 0 0 경기79바1609 3 17 232000073 232000432 46 
2021-01-02T21:31:30 0 0 경기79바1609 3 17 232000073 232000432 46 
2021-01-02T21:32:30 0 0 경기79바1609 3 24 232000073 232000432 46 
2021-01-02T21:33:30 0 0 경기79바1609 3 24 232000073 232000432 46 
2021-01-02T21:34:30 0 0 경기79바1609 3 24 232000073 232000432 46 
2021-01-02T21:35:29 0 0 경기79바1609 3 24 232000073 232000432 46 
2021-01-02T21:36:29 0 0 경기79바1609 3 26 232000073 232000429 47 
2021-01-02T21:37:29 0 0 경기79바1609 3 26 232000073 232000429 47 
2021-01-02T21:38:28 0 0 경기79바1609 3 27 232000073 232000354 48 
2021-01-02T21:39:28 0 0 경기79바1609 3 28 232000073 232000353 49 
2021-01-02T21:40:28 0 0 경기79바1609 3 28 232000073 232000353 49 
2021-01-02T21:41:28 0 0 경기79바1609 3 30 232000073 232000352 50 
2021-01-02T21:42:28 0 0 경기79바1609 3 31 232000073 232000351 51 
2021-01-02T21:43:27 0 0 경기79바1609 3 36 232000073 232000351 51 
2021-01-02T21:44:27 0 0 경기79바1609 3 40 232000073 232000350 52 
2021-01-02T21:45:27 0 0 경기79바1609 3 40 232000073 232000001 53 
2021-01-02T21:46:27 0 0 경기79바1609 3 40 232000073 232000001 53 
2021-01-02T21:47:26 0 0 경기79바1609 3 40 232000073 232000001 53 
2021-01-02T21:48:26 0 0 경기79바1609 3 40 232000073 168000447 54 
2021-01-02T21:49:25 0 0 경기79바1609 3 40 232000073 168000447 54 
2021-01-02T21:50:24 0 0 경기79바1609 3 40 232000073 168000437 56 
2021-01-02T22:23:13 0 0 경기79바1608 3 41 232000073 168000407 2 
2021-01-02T22:24:11 0 0 경기79바1608 3 41 232000073 168000407 2 
2021-01-02T22:25:11 0 0 경기79바1608 3 41 232000073 168000407 2 
2021-01-02T22:26:10 0 0 경기79바1608 3 41 232000073 168000436 3 
2021-01-02T22:27:09 0 0 경기79바1608 3 41 232000073 168000446 5 
2021-01-02T22:28:09 0 0 경기79바1608 3 41 232000073 168000446 5 
2021-01-02T22:29:09 0 0 경기79바1608 3 41 232000073 168000446 5 
2021-01-02T22:30:10 0 0 경기79바1608 3 41 232000073 168000446 5 
2021-01-02T22:31:10 0 0 경기79바1608 3 41 232000073 232000349 6 
2021-01-02T22:32:08 0 0 경기79바1608 3 41 232000073 232000348 7 
2021-01-02T22:33:09 0 0 경기79바1608 3 41 232000073 232000348 7 
2021-01-02T22:34:10 0 0 경기79바1608 3 40 232000073 232000347 8 
2021-01-02T22:35:09 0 0 경기79바1608 3 40 232000073 232000347 8 
2021-01-02T22:36:11 0 0 경기79바1608 3 40 232000073 232000346 9 
2021-01-02T22:37:10 0 0 경기79바1608 3 39 232000073 232000345 10 
2021-01-02T22:38:09 0 0 경기79바1608 3 39 232000073 232000344 11 
2021-01-02T22:39:09 0 0 경기79바1608 3 39 232000073 232000360 12 
2021-01-02T22:40:11 0 0 경기79바1608 3 39 232000073 232000360 12 
2021-01-02T22:41:08 0 0 경기79바1608 3 39 232000073 232000359 13 
2021-01-02T22:42:06 0 0 경기79바1608 3 39 232000073 232000359 13 
2021-01-02T22:43:06 0 0 경기79바1608 3 39 232000073 232000359 13 
2021-01-02T22:44:08 0 0 경기79바1608 3 39 232000073 232000359 13 
2021-01-02T22:45:08 0 0 경기79바1608 3 39 232000073 232000356 14 
2021-01-02T22:46:04 0 0 경기79바1608 3 39 232000073 232000356 14 
2021-01-02T22:47:07 0 0 경기79바1608 3 39 232000073 232000356 14 
2021-01-02T22:48:04 0 0 경기79바1608 3 39 232000073 232000356 14 
2021-01-02T22:49:06 0 0 경기79바1608 3 39 232000073 277103819 15 
2021-01-02T22:50:04 0 0 경기79바1608 3 39 232000073 277103819 15 
2021-01-02T22:51:04 0 0 경기79바1608 3 39 232000073 277103819 15 
2021-01-02T22:52:01 0 0 경기79바1608 3 39 232000073 277101769 16 
2021-01-02T22:53:06 0 0 경기79바1608 3 39 232000073 277101769 16 
2021-01-02T22:54:00 0 0 경기79바1608 3 39 232000073 277101769 16 
2021-01-02T22:55:05 0 0 경기79바1608 3 39 232000073 277103403 17 
2021-01-02T22:56:02 0 0 경기79바1608 3 39 232000073 277103403 17 
2021-01-02T22:57:01 0 0 경기79바1608 3 39 232000073 277103403 17 
2021-01-02T22:58:00 0 0 경기79바1608 3 39 232000073 277103404 18 
2021-01-02T22:59:03 0 0 경기79바1608 3 39 232000073 277103406 19 
2021-01-02T23:00:00 0 0 경기79바1608 3 39 232000073 277103406 19 
2021-01-02T23:01:01 0 0 경기79바1608 3 39 232000073 277103410 20 
2021-01-02T23:01:58 0 0 경기79바1608 3 39 232000073 277103410 20 
2021-01-02T23:02:58 0 0 경기79바1608 3 41 232000073 113000424 21 
2021-01-02T23:03:56 0 0 경기79바1608 3 41 232000073 113000424 21 
2021-01-02T23:04:56 0 0 경기79바1608 3 41 232000073 277102197 22 
2021-01-02T23:05:56 0 0 경기79바1608 3 41 232000073 277102197 22 
2021-01-02T23:06:57 0 0 경기79바1608 3 41 232000073 277102197 22 
2021-01-02T23:07:56 0 0 경기79바1608 3 41 232000073 113000422 23 
2021-01-02T23:08:54 0 0 경기79바1608 3 41 232000073 113000422 23 
2021-01-02T23:09:56 0 0 경기79바1608 3 41 232000073 113000422 23 
2021-01-02T23:10:53 0 0 경기79바1608 3 41 232000073 113000420 24 
2021-01-02T23:11:52 0 0 경기79바1608 3 41 232000073 113000419 25 
2021-01-02T23:12:53 0 0 경기79바1608 3 41 232000073 113000419 25 
2021-01-02T23:13:51 0 0 경기79바1608 3 41 232000073 113000418 26 
2021-01-02T23:14:50 0 0 경기79바1608 3 41 232000073 113000418 26 
2021-01-02T23:15:50 0 0 경기79바1608 3 41 232000073 113000477 27 
2021-01-02T23:16:48 0 0 경기79바1608 3 41 232000073 113000477 27 
2021-01-02T23:17:49 0 0 경기79바1608 3 41 232000073 113000477 27 
2021-01-02T23:18:48 0 0 경기79바1608 3 41 232000073 112000430 28 
2021-01-02T23:19:49 0 0 경기79바1608 3 41 232000073 112000430 28 
2021-01-02T23:20:48 0 0 경기79바1608 3 41 232000073 112000430 28 
2021-01-02T23:21:45 0 0 경기79바1608 3 41 232000073 101000304 29 
2021-01-02T23:22:45 0 0 경기79바1608 3 41 232000073 101000304 29 
2021-01-02T23:23:44 0 0 경기79바1608 3 41 232000073 100000380 30 
2021-01-02T23:24:44 0 0 경기79바1608 3 40 232000073 100000025 31 
2021-01-02T23:25:44 0 0 경기79바1608 3 40 232000073 100000025 31 
2021-01-02T23:26:43 0 0 경기79바1608 3 40 232000073 100000025 31 
2021-01-02T23:27:44 0 0 경기79바1608 3 40 232000073 100000025 31 
2021-01-02T23:28:43 0 0 경기79바1608 3 40 232000073 101000038 32 
2021-01-02T23:29:43 0 0 경기79바1608 3 40 232000073 101000038 32 
2021-01-02T23:30:42 0 0 경기79바1608 3 40 232000073 101000038 32 
2021-01-02T23:31:41 0 0 경기79바1608 3 40 232000073 112000170 34 
2021-01-02T23:32:41 0 0 경기79바1608 3 40 232000073 112000170 34 
2021-01-02T23:33:40 0 0 경기79바1608 3 40 232000073 113000478 35 
2021-01-02T23:34:40 0 0 경기79바1608 3 40 232000073 113000478 35 
2021-01-02T23:35:39 0 0 경기79바1608 3 39 232000073 113000478 35 
2021-01-02T23:36:39 0 0 경기79바1608 3 39 232000073 113000478 35 
2021-01-02T23:37:38 0 0 경기79바1608 3 39 232000073 113000411 36 
2021-01-02T23:38:38 0 0 경기79바1608 3 39 232000073 113000411 36 
2021-01-02T23:39:37 0 0 경기79바1608 3 39 232000073 113000417 37 
2021-01-02T23:40:37 0 0 경기79바1608 3 36 232000073 113000416 38 
2021-01-02T23:41:36 0 0 경기79바1608 3 36 232000073 113000416 38 
2021-01-02T23:42:35 0 0 경기79바1608 3 36 232000073 113000414 39 
2021-01-02T23:43:35 0 0 경기79바1608 3 36 232000073 113000414 39 
2021-01-02T23:44:35 0 0 경기79바1608 3 36 232000073 113000414 39 
2021-01-02T23:45:34 0 0 경기79바1608 3 36 232000073 277102198 41 
2021-01-02T23:46:34 0 0 경기79바1608 3 35 232000073 113000412 42 
2021-01-02T23:47:33 0 0 경기79바1608 3 35 232000073 113000412 42 
2021-01-02T23:48:32 0 0 경기79바1608 3 35 232000073 113000412 42 
2021-01-02T23:49:32 0 0 경기79바1608 3 35 232000073 277103529 43 
2021-01-02T23:50:31 0 0 경기79바1608 3 35 232000073 277103529 43 
2021-01-02T23:51:31 0 0 경기79바1608 3 35 232000073 277103529 43 
2021-01-02T23:52:30 0 0 경기79바1608 3 35 232000073 277103529 43 
2021-01-02T23:53:30 0 0 경기79바1608 3 35 232000073 277103402 44 
2021-01-02T23:54:30 0 0 경기79바1608 3 35 232000073 277103402 44 
2021-01-02T23:55:29 0 0 경기79바1608 3 35 232000073 277103402 44 
2021-01-02T23:56:29 0 0 경기79바1608 3 35 232000073 277103401 45 
2021-01-02T23:57:29 0 0 경기79바1608 3 35 232000073 277103401 45 
2021-01-02T23:58:28 0 0 경기79바1608 3 35 232000073 277103401 45 
2021-01-02T23:59:28 0 0 경기79바1608 3 35 232000073 277103401 45 
2021-01-03T00:00:27 0 0 경기79바1608 3 35 232000073 277103401 45 
2021-01-03T00:01:27 0 0 경기79바1608 3 35 232000073 232000432 46 
2021-01-03T00:02:27 0 0 경기79바1608 3 35 232000073 232000432 46 
2021-01-03T00:03:26 0 0 경기79바1608 3 35 232000073 232000432 46 
2021-01-03T00:04:26 0 0 경기79바1608 3 36 232000073 232000432 46 
2021-01-03T00:05:25 0 0 경기79바1608 3 36 232000073 232000432 46 
2021-01-03T00:06:25 0 0 경기79바1608 3 36 232000073 232000432 46 
2021-01-03T00:07:25 0 0 경기79바1608 3 36 232000073 232000432 46 
2021-01-03T00:08:24 0 0 경기79바1608 3 36 232000073 232000429 47 
2021-01-03T00:09:24 0 0 경기79바1608 3 36 232000073 232000429 47 
2021-01-03T00:10:23 0 0 경기79바1608 3 36 232000073 232000353 49 
2021-01-03T00:11:23 0 0 경기79바1608 3 36 232000073 232000353 49 
2021-01-03T00:12:22 0 0 경기79바1608 3 37 232000073 232000352 50 
2021-01-03T00:13:22 0 0 경기79바1608 3 37 232000073 232000352 50 
2021-01-03T00:14:21 0 0 경기79바1608 3 39 232000073 232000350 52 
2021-01-03T00:15:21 0 0 경기79바1608 3 39 232000073 232000350 52 
2021-01-03T00:16:20 0 0 경기79바1608 3 40 232000073 232000001 53 
2021-01-03T00:17:19 0 0 경기79바1608 3 40 232000073 232000001 53 
2021-01-03T00:18:19 0 0 경기79바1608 3 40 232000073 232000001 53 
2021-01-03T00:19:18 0 0 경기79바1608 3 40 232000073 232000001 53 
2021-01-03T00:20:17 0 0 경기79바1608 3 40 232000073 232000001 53 
2021-01-03T00:21:16 0 0 경기79바1608 3 40 232000073 168000443 55 
2021-01-03T00:22:16 0 0 경기79바1608 3 41 232000073 168000443 55 
2021-01-03T00:23:16 0 0 경기79바1608 3 41 232000073 168000437 56 
2021-01-03T00:24:16 0 0 경기79바1608 3 41 232000073 168000437 56 
