232000073 2021-01-01T00:51:52.016959+09:00
2021-01-01T05:26:29 0 0 경기79바1611 3 41 232000073 113000477 27 
2021-01-01T05:27:28 0 0 경기79바1611 3 41 232000073 113000477 27 
2021-01-01T05:28:28 0 0 경기79바1611 3 41 232000073 113000477 27 
2021-01-01T05:29:27 0 0 경기79바1611 3 41 232000073 112000430 28 
2021-01-01T05:30:27 0 0 경기79바1611 3 41 232000073 101000304 29 
2021-01-01T05:31:27 0 0 경기79바1611 3 41 232000073 100000380 30 
2021-01-01T05:32:26 0 0 경기79바1611 3 41 232000073 100000025 31 
2021-01-01T05:33:26 0 0 경기79바1611 3 41 232000073 100000025 31 
2021-01-01T05:34:26 0 0 경기79바1611 3 41 232000073 101000038 32 
2021-01-01T05:35:26 0 0 경기79바1611 3 41 232000073 112000170 34 
2021-01-01T05:36:25 0 0 경기79바1611 3 41 232000073 112000170 34 
2021-01-01T05:37:24 0 0 경기79바1611 3 41 232000073 112000170 34 
2021-01-01T05:38:24 0 0 경기79바1611 3 41 232000073 113000478 35 
2021-01-01T05:39:24 0 0 경기79바1611 3 41 232000073 113000478 35 
2021-01-01T05:40:23 0 0 경기79바1611 3 41 232000073 113000478 35 
2021-01-01T05:41:23 0 0 경기79바1611 3 41 232000073 113000478 35 
2021-01-01T05:42:23 0 0 경기79바1611 3 41 232000073 113000411 36 
2021-01-01T05:43:22 0 0 경기79바1611 3 41 232000073 113000411 36 
2021-01-01T05:44:22 0 0 경기79바1611 3 41 232000073 113000416 38 
2021-01-01T05:45:22 0 0 경기79바1611 3 41 232000073 113000416 38 
2021-01-01T05:46:21 0 0 경기79바1611 3 41 232000073 113000416 38 
2021-01-01T05:47:20 0 0 경기79바1611 3 41 232000073 113000414 39 
2021-01-01T05:48:20 0 0 경기79바1611 3 41 232000073 113000414 39 
2021-01-01T05:49:19 0 0 경기79바1611 3 41 232000073 277102199 40 
2021-01-01T05:50:18 0 0 경기79바1611 3 41 232000073 277102199 40 
2021-01-01T05:51:18 0 0 경기79바1611 3 41 232000073 277102198 41 
2021-01-01T05:52:18 0 0 경기79바1611 3 41 232000073 113000412 42 
2021-01-01T05:53:18 0 0 경기79바1611 3 41 232000073 113000412 42 
2021-01-01T05:54:18 0 0 경기79바1611 3 41 232000073 113000412 42 
2021-01-01T05:55:17 0 0 경기79바1611 3 41 232000073 277103529 43 
2021-01-01T05:56:17 0 0 경기79바1611 3 41 232000073 277103529 43 
2021-01-01T05:57:17 0 0 경기79바1611 3 41 232000073 277103529 43 
2021-01-01T05:58:16 0 0 경기79바1611 3 41 232000073 277103529 43 
2021-01-01T05:59:15 0 0 경기79바1611 3 41 232000073 277103402 44 
2021-01-01T06:00:15 0 0 경기79바1611 3 41 232000073 277103402 44 
2021-01-01T06:01:14 0 0 경기79바1611 3 41 232000073 277103402 44 
2021-01-01T06:02:14 0 0 경기79바1611 3 41 232000073 277103401 45 
2021-01-01T06:03:14 0 0 경기79바1611 3 41 232000073 277103401 45 
2021-01-01T06:04:13 0 0 경기79바1611 3 41 232000073 277103401 45 
2021-01-01T06:05:12 0 0 경기79바1611 3 41 232000073 277103401 45 
2021-01-01T06:06:12 0 0 경기79바1611 3 41 232000073 277103401 45 
2021-01-01T06:07:12 0 0 경기79바1611 3 41 232000073 277103401 45 
2021-01-01T06:08:12 0 0 경기79바1611 3 41 232000073 232000432 46 
2021-01-01T06:09:11 0 0 경기79바1611 3 41 232000073 232000432 46 
2021-01-01T06:10:11 0 0 경기79바1611 3 41 232000073 232000432 46 
2021-01-01T06:11:11 0 0 경기79바1611 3 41 232000073 232000432 46 
2021-01-01T06:12:10 0 0 경기79바1611 3 41 232000073 232000432 46 
2021-01-01T06:13:10 0 0 경기79바1608 3 41 232000073 168000407 2 
2021-01-01T06:13:10 0 0 경기79바1611 3 41 232000073 232000429 47 
2021-01-01T06:14:10 0 0 경기79바1608 3 41 232000073 168000436 3 
2021-01-01T06:14:10 0 0 경기79바1611 3 41 232000073 232000429 47 
2021-01-01T06:15:09 0 0 경기79바1608 3 41 232000073 168000436 3 
2021-01-01T06:15:09 0 0 경기79바1611 3 41 232000073 232000429 47 
2021-01-01T06:16:09 0 0 경기79바1608 3 40 232000073 168000442 4 
2021-01-01T06:16:09 0 0 경기79바1611 3 41 232000073 232000429 47 
2021-01-01T06:17:09 0 0 경기79바1608 3 40 232000073 168000446 5 
2021-01-01T06:17:09 0 0 경기79바1611 3 41 232000073 232000354 48 
2021-01-01T06:18:09 0 0 경기79바1608 3 40 232000073 168000446 5 
2021-01-01T06:18:09 0 0 경기79바1611 3 41 232000073 232000353 49 
2021-01-01T06:19:08 0 0 경기79바1608 3 40 232000073 168000446 5 
2021-01-01T06:19:08 0 0 경기79바1611 3 41 232000073 232000353 49 
2021-01-01T06:20:08 0 0 경기79바1608 3 40 232000073 168000446 5 
2021-01-01T06:20:08 0 0 경기79바1611 3 41 232000073 232000351 51 
2021-01-01T06:21:08 0 0 경기79바1608 3 40 232000073 168000446 5 
2021-01-01T06:21:08 0 0 경기79바1611 3 41 232000073 232000350 52 
2021-01-01T06:22:08 0 0 경기79바1608 3 40 232000073 232000349 6 
2021-01-01T06:22:08 0 0 경기79바1611 3 41 232000073 232000350 52 
2021-01-01T06:23:08 0 0 경기79바1608 3 40 232000073 232000347 8 
2021-01-01T06:23:08 0 0 경기79바1611 3 41 232000073 232000001 53 
2021-01-01T06:24:07 0 0 경기79바1608 3 40 232000073 232000347 8 
2021-01-01T06:24:07 0 0 경기79바1611 3 41 232000073 232000001 53 
2021-01-01T06:25:06 0 0 경기79바1608 3 40 232000073 232000347 8 
2021-01-01T06:25:06 0 0 경기79바1611 3 41 232000073 232000001 53 
2021-01-01T06:26:06 0 0 경기79바1608 3 41 232000073 232000346 9 
2021-01-01T06:26:06 0 0 경기79바1611 3 41 232000073 232000001 53 
2021-01-01T06:27:06 0 0 경기79바1608 3 41 232000073 232000345 10 
2021-01-01T06:27:06 0 0 경기79바1611 3 41 232000073 232000001 53 
2021-01-01T06:28:05 0 0 경기79바1608 3 41 232000073 232000344 11 
2021-01-01T06:28:05 0 0 경기79바1611 3 41 232000073 232000001 53 
2021-01-01T06:29:05 0 0 경기79바1608 3 41 232000073 232000360 12 
2021-01-01T06:29:05 0 0 경기79바1611 3 41 232000073 168000443 55 
2021-01-01T06:30:05 0 0 경기79바1608 3 41 232000073 232000360 12 
2021-01-01T06:30:05 0 0 경기79바1611 3 41 232000073 168000443 55 
2021-01-01T06:31:04 0 0 경기79바1608 3 41 232000073 232000359 13 
2021-01-01T06:31:04 0 0 경기79바1611 3 41 232000073 168000437 56 
2021-01-01T06:32:04 0 0 경기79바1608 3 41 232000073 232000359 13 
2021-01-01T06:32:04 0 0 경기79바1611 3 41 232000073 168000437 56 
2021-01-01T06:33:03 0 0 경기79바1608 3 41 232000073 232000359 13 
2021-01-01T06:33:03 0 0 경기79바1611 3 41 232000073 168000437 56 
2021-01-01T06:34:03 0 0 경기79바1608 3 41 232000073 232000359 13 
2021-01-01T06:35:03 0 0 경기79바1608 3 41 232000073 232000356 14 
2021-01-01T06:36:02 0 0 경기79바1608 3 41 232000073 232000356 14 
2021-01-01T06:37:02 0 0 경기79바1608 3 41 232000073 232000356 14 
2021-01-01T06:38:01 0 0 경기79바1608 3 41 232000073 232000356 14 
2021-01-01T06:39:01 0 0 경기79바1608 3 41 232000073 277103819 15 
2021-01-01T06:40:00 0 0 경기79바1608 3 41 232000073 277103819 15 
2021-01-01T06:41:00 0 0 경기79바1608 3 41 232000073 277101769 16 
2021-01-01T06:41:59 0 0 경기79바1608 3 41 232000073 277101769 16 
2021-01-01T06:42:59 0 0 경기79바1608 3 41 232000073 277101769 16 
2021-01-01T06:43:59 0 0 경기79바1608 3 41 232000073 277101769 16 
2021-01-01T06:44:58 0 0 경기79바1608 3 41 232000073 277103403 17 
2021-01-01T06:45:57 0 0 경기79바1608 3 41 232000073 277103403 17 
2021-01-01T06:46:56 0 0 경기79바1608 3 41 232000073 277103403 17 
2021-01-01T06:47:55 0 0 경기79바1608 3 41 232000073 277103404 18 
2021-01-01T06:48:55 0 0 경기79바1608 3 41 232000073 277103406 19 
2021-01-01T06:49:54 0 0 경기79바1608 3 41 232000073 277103410 20 
2021-01-01T06:50:54 0 0 경기79바1608 3 41 232000073 277103410 20 
2021-01-01T06:51:54 0 0 경기79바1608 3 41 232000073 113000424 21 
2021-01-01T06:52:53 0 0 경기79바1608 3 41 232000073 113000424 21 
2021-01-01T06:53:53 0 0 경기79바1608 3 41 232000073 113000424 21 
2021-01-01T06:54:53 0 0 경기79바1608 3 41 232000073 277102197 22 
2021-01-01T06:55:53 0 0 경기79바1608 3 41 232000073 277102197 22 
2021-01-01T06:56:52 0 0 경기79바1608 3 41 232000073 277102197 22 
2021-01-01T06:57:51 0 0 경기79바1608 3 41 232000073 113000422 23 
2021-01-01T06:58:51 0 0 경기79바1608 3 41 232000073 113000422 23 
2021-01-01T06:59:51 0 0 경기79바1608 3 41 232000073 113000422 23 
2021-01-01T07:00:50 0 0 경기79바1608 3 41 232000073 113000420 24 
2021-01-01T07:01:49 0 0 경기79바1608 3 41 232000073 113000420 24 
2021-01-01T07:02:49 0 0 경기79바1608 3 41 232000073 113000419 25 
2021-01-01T07:03:49 0 0 경기79바1608 3 41 232000073 113000418 26 
2021-01-01T07:04:48 0 0 경기79바1608 3 41 232000073 113000418 26 
2021-01-01T07:05:48 0 0 경기79바1608 3 41 232000073 113000418 26 
2021-01-01T07:06:47 0 0 경기79바1608 3 41 232000073 113000418 26 
2021-01-01T07:07:47 0 0 경기79바1608 3 41 232000073 113000477 27 
2021-01-01T07:08:46 0 0 경기79바1608 3 41 232000073 113000477 27 
2021-01-01T07:09:45 0 0 경기79바1608 3 41 232000073 113000477 27 
2021-01-01T07:10:44 0 0 경기79바1608 3 41 232000073 112000430 28 
2021-01-01T07:11:43 0 0 경기79바1608 3 41 232000073 101000304 29 
2021-01-01T07:12:43 0 0 경기79바1608 3 41 232000073 101000304 29 
2021-01-01T07:13:43 0 0 경기79바1608 3 41 232000073 100000380 30 
2021-01-01T07:14:43 0 0 경기79바1608 3 41 232000073 100000025 31 
2021-01-01T07:15:42 0 0 경기79바1608 3 41 232000073 100000025 31 
2021-01-01T07:16:41 0 0 경기79바1608 3 41 232000073 101000038 32 
2021-01-01T07:17:41 0 0 경기79바1608 3 41 232000073 277101975 33 
2021-01-01T07:18:40 0 0 경기79바1608 3 41 232000073 277101975 33 
2021-01-01T07:19:39 0 0 경기79바1608 3 41 232000073 112000170 34 
2021-01-01T07:20:38 0 0 경기79바1608 3 41 232000073 113000478 35 
2021-01-01T07:21:38 0 0 경기79바1608 3 41 232000073 113000478 35 
2021-01-01T07:22:38 0 0 경기79바1608 3 41 232000073 113000478 35 
2021-01-01T07:23:38 0 0 경기79바1608 3 41 232000073 113000411 36 
2021-01-01T07:24:38 0 0 경기79바1608 3 40 232000073 113000416 38 
2021-01-01T07:25:37 0 0 경기79바1608 3 40 232000073 113000416 38 
2021-01-01T07:26:38 0 0 경기79바1608 3 40 232000073 113000416 38 
2021-01-01T07:27:36 0 0 경기79바1608 3 40 232000073 113000414 39 
2021-01-01T07:28:36 0 0 경기79바1608 3 40 232000073 113000414 39 
2021-01-01T07:29:36 0 0 경기79바1608 3 40 232000073 277102199 40 
2021-01-01T07:30:36 0 0 경기79바1608 3 40 232000073 277102199 40 
2021-01-01T07:31:35 0 0 경기79바1608 3 40 232000073 277102198 41 
2021-01-01T07:32:35 0 0 경기79바1608 3 40 232000073 113000412 42 
2021-01-01T07:33:34 0 0 경기79바1608 3 40 232000073 113000412 42 
2021-01-01T07:34:34 0 0 경기79바1608 3 40 232000073 113000412 42 
2021-01-01T07:35:34 0 0 경기79바1608 3 40 232000073 277103529 43 
2021-01-01T07:36:34 0 0 경기79바1608 3 40 232000073 277103529 43 
2021-01-01T07:37:33 0 0 경기79바1608 3 40 232000073 277103529 43 
2021-01-01T07:38:33 0 0 경기79바1608 3 40 232000073 277103529 43 
2021-01-01T07:39:32 0 0 경기79바1608 3 40 232000073 277103402 44 
2021-01-01T07:40:31 0 0 경기79바1608 3 40 232000073 277103402 44 
2021-01-01T07:41:31 0 0 경기79바1608 3 40 232000073 277103402 44 
2021-01-01T07:42:31 0 0 경기79바1608 3 40 232000073 277103401 45 
2021-01-01T07:43:30 0 0 경기79바1608 3 40 232000073 277103401 45 
2021-01-01T07:44:29 0 0 경기79바1608 3 40 232000073 277103401 45 
2021-01-01T07:45:28 0 0 경기79바1608 3 40 232000073 277103401 45 
2021-01-01T07:46:27 0 0 경기79바1608 3 40 232000073 277103401 45 
2021-01-01T07:47:28 0 0 경기79바1608 3 40 232000073 277103401 45 
2021-01-01T07:48:27 0 0 경기79바1608 3 40 232000073 232000432 46 
2021-01-01T07:49:26 0 0 경기79바1608 3 40 232000073 232000432 46 
2021-01-01T07:50:26 0 0 경기79바1608 3 40 232000073 232000432 46 
2021-01-01T07:51:25 0 0 경기79바1608 3 40 232000073 232000432 46 
2021-01-01T07:52:24 0 0 경기79바1608 3 40 232000073 232000432 46 
2021-01-01T07:53:25 0 0 경기79바1608 3 40 232000073 232000429 47 
2021-01-01T07:53:25 0 0 경기79바1611 3 41 232000073 168000561 1 
2021-01-01T07:54:24 0 0 경기79바1608 3 40 232000073 232000429 47 
2021-01-01T07:54:24 0 0 경기79바1611 3 41 232000073 168000407 2 
2021-01-01T07:55:24 0 0 경기79바1608 3 40 232000073 232000429 47 
2021-01-01T07:55:24 0 0 경기79바1611 3 41 232000073 168000407 2 
2021-01-01T07:56:24 0 0 경기79바1608 3 40 232000073 232000353 49 
2021-01-01T07:56:24 0 0 경기79바1611 3 41 232000073 168000407 2 
2021-01-01T07:57:23 0 0 경기79바1608 3 40 232000073 232000353 49 
2021-01-01T07:57:23 0 0 경기79바1611 3 41 232000073 168000436 3 
2021-01-01T07:58:24 0 0 경기79바1608 3 40 232000073 232000352 50 
2021-01-01T07:58:24 0 0 경기79바1611 3 40 232000073 168000446 5 
2021-01-01T07:59:23 0 0 경기79바1608 3 40 232000073 232000350 52 
2021-01-01T07:59:23 0 0 경기79바1611 3 40 232000073 168000446 5 
2021-01-01T08:00:23 0 0 경기79바1608 3 40 232000073 232000350 52 
2021-01-01T08:00:23 0 0 경기79바1611 3 40 232000073 168000446 5 
2021-01-01T08:01:23 0 0 경기79바1608 3 40 232000073 232000350 52 
2021-01-01T08:01:23 0 0 경기79바1611 3 40 232000073 168000446 5 
2021-01-01T08:02:22 0 0 경기79바1608 3 40 232000073 232000001 53 
2021-01-01T08:02:22 0 0 경기79바1611 3 40 232000073 168000446 5 
2021-01-01T08:03:22 0 0 경기79바1608 3 40 232000073 232000001 53 
2021-01-01T08:03:22 0 0 경기79바1611 3 40 232000073 168000446 5 
2021-01-01T08:04:21 0 0 경기79바1608 3 40 232000073 168000447 54 
2021-01-01T08:04:21 0 0 경기79바1611 3 40 232000073 168000446 5 
2021-01-01T08:05:20 0 0 경기79바1608 3 40 232000073 168000447 54 
2021-01-01T08:05:20 0 0 경기79바1611 3 39 232000073 232000349 6 
2021-01-01T08:06:20 0 0 경기79바1608 3 40 232000073 168000443 55 
2021-01-01T08:06:20 0 0 경기79바1611 3 39 232000073 232000348 7 
2021-01-01T08:07:20 0 0 경기79바1608 3 40 232000073 168000437 56 
2021-01-01T08:07:20 0 0 경기79바1611 3 38 232000073 232000347 8 
2021-01-01T08:08:20 0 0 경기79바1608 3 40 232000073 168000437 56 
2021-01-01T08:08:20 0 0 경기79바1611 3 38 232000073 232000347 8 
2021-01-01T08:09:20 0 0 경기79바1608 3 40 232000073 168000437 56 
2021-01-01T08:09:20 0 0 경기79바1611 3 38 232000073 232000346 9 
2021-01-01T08:10:19 0 0 경기79바1611 3 38 232000073 232000344 11 
2021-01-01T08:11:19 0 0 경기79바1611 3 38 232000073 232000344 11 
2021-01-01T08:12:18 0 0 경기79바1611 3 38 232000073 232000360 12 
2021-01-01T08:13:18 0 0 경기79바1611 3 38 232000073 232000360 12 
2021-01-01T08:14:17 0 0 경기79바1611 3 38 232000073 232000359 13 
2021-01-01T08:15:17 0 0 경기79바1611 3 38 232000073 232000359 13 
2021-01-01T08:16:17 0 0 경기79바1611 3 38 232000073 232000359 13 
2021-01-01T08:17:17 0 0 경기79바1611 3 38 232000073 232000359 13 
2021-01-01T08:18:16 0 0 경기79바1611 3 38 232000073 232000356 14 
2021-01-01T08:19:16 0 0 경기79바1611 3 38 232000073 232000356 14 
2021-01-01T08:20:15 0 0 경기79바1611 3 38 232000073 277103819 15 
2021-01-01T08:21:15 0 0 경기79바1611 3 38 232000073 277103819 15 
2021-01-01T08:22:14 0 0 경기79바1611 3 38 232000073 277103819 15 
2021-01-01T08:23:14 0 0 경기79바1611 3 38 232000073 277101769 16 
2021-01-01T08:24:13 0 0 경기79바1611 3 38 232000073 277101769 16 
2021-01-01T08:25:13 0 0 경기79바1611 3 38 232000073 277101769 16 
2021-01-01T08:26:13 0 0 경기79바1611 3 38 232000073 277103403 17 
2021-01-01T08:27:13 0 0 경기79바1611 3 38 232000073 277103403 17 
2021-01-01T08:28:12 0 0 경기79바1611 3 38 232000073 277103403 17 
2021-01-01T08:29:12 0 0 경기79바1611 3 38 232000073 277103404 18 
2021-01-01T08:30:12 0 0 경기79바1611 3 38 232000073 277103406 19 
2021-01-01T08:31:11 0 0 경기79바1611 3 38 232000073 277103406 19 
2021-01-01T08:32:11 0 0 경기79바1611 3 38 232000073 277103410 20 
2021-01-01T08:33:10 0 0 경기79바1611 3 38 232000073 113000424 21 
2021-01-01T08:34:10 0 0 경기79바1611 3 40 232000073 277102197 22 
2021-01-01T08:35:10 0 0 경기79바1611 3 40 232000073 277102197 22 
2021-01-01T08:36:09 0 0 경기79바1611 3 40 232000073 277102197 22 
2021-01-01T08:37:08 0 0 경기79바1611 3 40 232000073 113000422 23 
2021-01-01T08:38:07 0 0 경기79바1611 3 40 232000073 113000422 23 
2021-01-01T08:39:07 0 0 경기79바1611 3 40 232000073 113000420 24 
2021-01-01T08:40:06 0 0 경기79바1611 3 40 232000073 113000420 24 
2021-01-01T08:41:06 0 0 경기79바1611 3 40 232000073 113000419 25 
2021-01-01T08:42:06 0 0 경기79바1611 3 40 232000073 113000418 26 
2021-01-01T08:43:06 0 0 경기79바1611 3 40 232000073 113000418 26 
2021-01-01T08:44:05 0 0 경기79바1611 3 40 232000073 113000477 27 
2021-01-01T08:45:04 0 0 경기79바1611 3 40 232000073 113000477 27 
2021-01-01T08:46:03 0 0 경기79바1611 3 40 232000073 113000477 27 
2021-01-01T08:47:02 0 0 경기79바1611 3 40 232000073 113000477 27 
2021-01-01T08:48:02 0 0 경기79바1611 3 40 232000073 101000304 29 
2021-01-01T08:49:01 0 0 경기79바1611 3 40 232000073 101000304 29 
2021-01-01T08:50:01 0 0 경기79바1611 3 41 232000073 101000304 29 
2021-01-01T08:51:01 0 0 경기79바1611 3 41 232000073 101000304 29 
2021-01-01T08:52:00 0 0 경기79바1611 3 41 232000073 100000380 30 
2021-01-01T08:52:59 0 0 경기79바1611 3 41 232000073 100000380 30 
2021-01-01T08:54:00 0 0 경기79바1611 3 41 232000073 100000380 30 
2021-01-01T08:55:00 0 0 경기79바1611 3 41 232000073 100000025 31 
2021-01-01T08:55:59 0 0 경기79바1611 3 41 232000073 100000025 31 
2021-01-01T08:56:59 0 0 경기79바1611 3 41 232000073 101000038 32 
2021-01-01T08:57:58 0 0 경기79바1611 3 41 232000073 101000038 32 
2021-01-01T08:58:57 0 0 경기79바1611 3 41 232000073 277101975 33 
2021-01-01T08:59:57 0 0 경기79바1611 3 40 232000073 112000170 34 
2021-01-01T09:00:56 0 0 경기79바1611 3 40 232000073 113000478 35 
2021-01-01T09:01:56 0 0 경기79바1611 3 40 232000073 113000478 35 
2021-01-01T09:02:55 0 0 경기79바1611 3 40 232000073 113000411 36 
2021-01-01T09:03:54 0 0 경기79바1611 3 40 232000073 113000411 36 
2021-01-01T09:04:55 0 0 경기79바1611 3 40 232000073 113000417 37 
2021-01-01T09:05:54 0 0 경기79바1611 3 39 232000073 113000416 38 
2021-01-01T09:06:53 0 0 경기79바1611 3 39 232000073 113000416 38 
2021-01-01T09:07:52 0 0 경기79바1611 3 39 232000073 113000414 39 
2021-01-01T09:08:52 0 0 경기79바1611 3 39 232000073 113000414 39 
2021-01-01T09:09:51 0 0 경기79바1611 3 39 232000073 277102199 40 
2021-01-01T09:10:51 0 0 경기79바1611 3 39 232000073 277102199 40 
2021-01-01T09:11:51 0 0 경기79바1611 3 39 232000073 277102198 41 
2021-01-01T09:12:51 0 0 경기79바1611 3 39 232000073 113000412 42 
2021-01-01T09:13:50 0 0 경기79바1611 3 39 232000073 113000412 42 
2021-01-01T09:14:49 0 0 경기79바1611 3 39 232000073 113000412 42 
2021-01-01T09:15:49 0 0 경기79바1611 3 39 232000073 113000412 42 
2021-01-01T09:16:49 0 0 경기79바1611 3 39 232000073 277103529 43 
2021-01-01T09:17:48 0 0 경기79바1611 3 39 232000073 277103529 43 
2021-01-01T09:18:49 0 0 경기79바1611 3 39 232000073 277103529 43 
2021-01-01T09:19:48 0 0 경기79바1611 3 39 232000073 277103402 44 
2021-01-01T09:20:47 0 0 경기79바1611 3 39 232000073 277103402 44 
2021-01-01T09:21:46 0 0 경기79바1611 3 39 232000073 277103402 44 
2021-01-01T09:22:46 0 0 경기79바1611 3 39 232000073 277103401 45 
2021-01-01T09:23:45 0 0 경기79바1611 3 39 232000073 277103401 45 
2021-01-01T09:24:45 0 0 경기79바1611 3 39 232000073 277103401 45 
2021-01-01T09:25:44 0 0 경기79바1611 3 39 232000073 277103401 45 
2021-01-01T09:26:43 0 0 경기79바1611 3 39 232000073 277103401 45 
2021-01-01T09:27:43 0 0 경기79바1611 3 39 232000073 277103401 45 
2021-01-01T09:28:42 0 0 경기79바1611 3 40 232000073 232000432 46 
2021-01-01T09:29:42 0 0 경기79바1611 3 40 232000073 232000432 46 
2021-01-01T09:30:41 0 0 경기79바1611 3 40 232000073 232000432 46 
2021-01-01T09:31:41 0 0 경기79바1611 3 40 232000073 232000432 46 
2021-01-01T09:32:41 0 0 경기79바1608 3 41 232000073 168000407 2 
2021-01-01T09:32:41 0 0 경기79바1611 3 40 232000073 232000432 46 
2021-01-01T09:33:40 0 0 경기79바1608 3 41 232000073 168000407 2 
2021-01-01T09:33:40 0 0 경기79바1611 3 40 232000073 232000429 47 
2021-01-01T09:34:40 0 0 경기79바1608 3 41 232000073 168000436 3 
2021-01-01T09:34:40 0 0 경기79바1611 3 40 232000073 232000429 47 
2021-01-01T09:35:39 0 0 경기79바1608 3 40 232000073 168000436 3 
2021-01-01T09:35:39 0 0 경기79바1611 3 40 232000073 232000354 48 
2021-01-01T09:36:39 0 0 경기79바1608 3 40 232000073 168000436 3 
2021-01-01T09:36:39 0 0 경기79바1611 3 40 232000073 232000353 49 
2021-01-01T09:37:39 0 0 경기79바1608 3 40 232000073 168000446 5 
2021-01-01T09:37:39 0 0 경기79바1611 3 40 232000073 232000352 50 
2021-01-01T09:38:38 0 0 경기79바1608 3 37 232000073 168000446 5 
2021-01-01T09:38:38 0 0 경기79바1611 3 40 232000073 232000352 50 
2021-01-01T09:39:37 0 0 경기79바1608 3 37 232000073 168000446 5 
2021-01-01T09:39:37 0 0 경기79바1611 3 41 232000073 232000351 51 
2021-01-01T09:40:37 0 0 경기79바1608 3 37 232000073 168000446 5 
2021-01-01T09:40:37 0 0 경기79바1611 3 41 232000073 232000001 53 
2021-01-01T09:41:36 0 0 경기79바1608 3 37 232000073 232000349 6 
2021-01-01T09:41:36 0 0 경기79바1611 3 41 232000073 232000001 53 
2021-01-01T09:42:36 0 0 경기79바1608 3 37 232000073 232000348 7 
2021-01-01T09:42:36 0 0 경기79바1611 3 41 232000073 232000001 53 
2021-01-01T09:43:35 0 0 경기79바1608 3 37 232000073 232000347 8 
2021-01-01T09:43:35 0 0 경기79바1611 3 41 232000073 232000001 53 
2021-01-01T09:44:34 0 0 경기79바1608 3 34 232000073 232000347 8 
2021-01-01T09:44:34 0 0 경기79바1611 3 41 232000073 232000001 53 
2021-01-01T09:45:34 0 0 경기79바1608 3 35 232000073 232000346 9 
2021-01-01T09:45:34 0 0 경기79바1611 3 41 232000073 232000001 53 
2021-01-01T09:46:33 0 0 경기79바1608 3 35 232000073 232000345 10 
2021-01-01T09:46:33 0 0 경기79바1611 3 41 232000073 168000447 54 
2021-01-01T09:47:33 0 0 경기79바1608 3 35 232000073 232000344 11 
2021-01-01T09:47:33 0 0 경기79바1611 3 41 232000073 168000443 55 
2021-01-01T09:48:32 0 0 경기79바1608 3 35 232000073 232000360 12 
2021-01-01T09:48:32 0 0 경기79바1611 3 41 232000073 168000443 55 
2021-01-01T09:49:32 0 0 경기79바1608 3 35 232000073 232000360 12 
2021-01-01T09:49:32 0 0 경기79바1611 3 41 232000073 168000437 56 
2021-01-01T09:50:31 0 0 경기79바1608 3 35 232000073 232000359 13 
2021-01-01T09:50:31 0 0 경기79바1611 3 41 232000073 168000437 56 
2021-01-01T09:51:31 0 0 경기79바1608 3 35 232000073 232000359 13 
2021-01-01T09:52:30 0 0 경기79바1608 3 35 232000073 232000359 13 
2021-01-01T09:53:29 0 0 경기79바1608 3 35 232000073 232000359 13 
2021-01-01T09:54:28 0 0 경기79바1608 3 36 232000073 232000356 14 
2021-01-01T09:55:27 0 0 경기79바1608 3 36 232000073 232000356 14 
2021-01-01T09:56:26 0 0 경기79바1608 3 36 232000073 232000356 14 
2021-01-01T09:57:25 0 0 경기79바1608 3 36 232000073 232000356 14 
2021-01-01T09:58:26 0 0 경기79바1608 3 36 232000073 277103819 15 
2021-01-01T09:59:25 0 0 경기79바1608 3 36 232000073 277103819 15 
2021-01-01T10:00:24 0 0 경기79바1608 3 36 232000073 277103819 15 
2021-01-01T10:01:24 0 0 경기79바1608 3 36 232000073 277101769 16 
2021-01-01T10:02:24 0 0 경기79바1608 3 36 232000073 277101769 16 
2021-01-01T10:03:24 0 0 경기79바1608 3 36 232000073 277101769 16 
2021-01-01T10:04:23 0 0 경기79바1608 3 36 232000073 277103403 17 
2021-01-01T10:05:22 0 0 경기79바1608 3 36 232000073 277103403 17 
2021-01-01T10:06:22 0 0 경기79바1608 3 36 232000073 277103403 17 
2021-01-01T10:07:21 0 0 경기79바1608 3 36 232000073 277103404 18 
2021-01-01T10:08:20 0 0 경기79바1608 3 36 232000073 277103406 19 
2021-01-01T10:09:20 0 0 경기79바1608 3 36 232000073 277103406 19 
2021-01-01T10:10:20 0 0 경기79바1608 3 36 232000073 277103410 20 
2021-01-01T10:11:20 0 0 경기79바1608 3 36 232000073 277103410 20 
2021-01-01T10:12:19 0 0 경기79바1608 3 36 232000073 113000424 21 
2021-01-01T10:13:19 0 0 경기79바1608 3 36 232000073 277102197 22 
2021-01-01T10:14:19 0 0 경기79바1608 3 37 232000073 277102197 22 
2021-01-01T10:15:19 0 0 경기79바1608 3 37 232000073 113000422 23 
2021-01-01T10:16:19 0 0 경기79바1608 3 37 232000073 113000422 23 
2021-01-01T10:17:18 0 0 경기79바1608 3 37 232000073 113000422 23 
2021-01-01T10:18:18 0 0 경기79바1608 3 37 232000073 113000420 24 
2021-01-01T10:19:18 0 0 경기79바1608 3 37 232000073 113000420 24 
2021-01-01T10:20:17 0 0 경기79바1608 3 37 232000073 113000419 25 
2021-01-01T10:21:17 0 0 경기79바1608 3 37 232000073 113000419 25 
2021-01-01T10:22:17 0 0 경기79바1608 3 37 232000073 113000418 26 
2021-01-01T10:23:16 0 0 경기79바1608 3 37 232000073 113000418 26 
2021-01-01T10:24:16 0 0 경기79바1608 3 37 232000073 113000477 27 
2021-01-01T10:25:16 0 0 경기79바1608 3 37 232000073 113000477 27 
2021-01-01T10:26:15 0 0 경기79바1608 3 37 232000073 112000430 28 
2021-01-01T10:27:15 0 0 경기79바1608 3 37 232000073 101000304 29 
2021-01-01T10:28:14 0 0 경기79바1608 3 37 232000073 101000304 29 
2021-01-01T10:29:14 0 0 경기79바1608 3 37 232000073 101000304 29 
2021-01-01T10:30:14 0 0 경기79바1608 3 37 232000073 100000380 30 
2021-01-01T10:31:13 0 0 경기79바1608 3 41 232000073 100000025 31 
2021-01-01T10:32:12 0 0 경기79바1608 3 41 232000073 100000025 31 
2021-01-01T10:33:11 0 0 경기79바1608 3 41 232000073 101000038 32 
2021-01-01T10:34:10 0 0 경기79바1608 3 41 232000073 277101975 33 
2021-01-01T10:35:10 0 0 경기79바1608 3 41 232000073 112000170 34 
2021-01-01T10:36:09 0 0 경기79바1608 3 41 232000073 112000170 34 
2021-01-01T10:37:08 0 0 경기79바1608 3 41 232000073 112000170 34 
2021-01-01T10:38:08 0 0 경기79바1608 3 41 232000073 112000170 34 
2021-01-01T10:39:07 0 0 경기79바1608 3 40 232000073 113000478 35 
2021-01-01T10:40:07 0 0 경기79바1608 3 40 232000073 113000411 36 
2021-01-01T10:41:06 0 0 경기79바1608 3 40 232000073 113000411 36 
2021-01-01T10:42:05 0 0 경기79바1608 3 40 232000073 113000416 38 
2021-01-01T10:43:05 0 0 경기79바1608 3 40 232000073 113000416 38 
2021-01-01T10:44:04 0 0 경기79바1608 3 40 232000073 113000416 38 
2021-01-01T10:45:03 0 0 경기79바1608 3 40 232000073 113000414 39 
2021-01-01T10:46:03 0 0 경기79바1608 3 40 232000073 277102199 40 
2021-01-01T10:47:03 0 0 경기79바1608 3 40 232000073 277102199 40 
2021-01-01T10:48:02 0 0 경기79바1608 3 40 232000073 277102199 40 
2021-01-01T10:49:02 0 0 경기79바1608 3 40 232000073 277102198 41 
2021-01-01T10:50:01 0 0 경기79바1608 3 40 232000073 113000412 42 
2021-01-01T10:51:01 0 0 경기79바1608 3 40 232000073 113000412 42 
2021-01-01T10:52:00 0 0 경기79바1608 3 40 232000073 113000412 42 
2021-01-01T10:53:00 0 0 경기79바1608 3 40 232000073 277103529 43 
2021-01-01T10:54:00 0 0 경기79바1608 3 40 232000073 277103529 43 
2021-01-01T10:54:59 0 0 경기79바1608 3 40 232000073 277103529 43 
2021-01-01T10:55:58 0 0 경기79바1608 3 40 232000073 277103529 43 
2021-01-01T10:56:58 0 0 경기79바1608 3 40 232000073 277103402 44 
2021-01-01T10:57:58 0 0 경기79바1608 3 40 232000073 277103402 44 
2021-01-01T10:58:58 0 0 경기79바1608 3 40 232000073 277103402 44 
2021-01-01T10:59:57 0 0 경기79바1608 3 40 232000073 277103401 45 
2021-01-01T11:00:57 0 0 경기79바1608 3 40 232000073 277103401 45 
2021-01-01T11:01:56 0 0 경기79바1608 3 40 232000073 277103401 45 
2021-01-01T11:02:56 0 0 경기79바1608 3 40 232000073 277103401 45 
2021-01-01T11:03:55 0 0 경기79바1608 3 40 232000073 277103401 45 
2021-01-01T11:04:55 0 0 경기79바1608 3 41 232000073 232000432 46 
2021-01-01T11:05:54 0 0 경기79바1608 3 41 232000073 232000432 46 
2021-01-01T11:06:54 0 0 경기79바1608 3 41 232000073 232000432 46 
2021-01-01T11:07:53 0 0 경기79바1608 3 41 232000073 232000432 46 
2021-01-01T11:08:52 0 0 경기79바1608 3 41 232000073 232000429 47 
2021-01-01T11:09:52 0 0 경기79바1608 3 41 232000073 232000429 47 
2021-01-01T11:10:52 0 0 경기79바1608 3 41 232000073 232000429 47 
2021-01-01T11:11:52 0 0 경기79바1608 3 41 232000073 232000354 48 
2021-01-01T11:12:51 0 0 경기79바1608 3 41 232000073 232000353 49 
2021-01-01T11:13:50 0 0 경기79바1608 3 41 232000073 232000353 49 
2021-01-01T11:13:50 0 0 경기79바1611 3 41 232000073 168000561 1 
2021-01-01T11:14:50 0 0 경기79바1608 3 41 232000073 232000352 50 
2021-01-01T11:14:50 0 0 경기79바1611 3 41 232000073 168000407 2 
2021-01-01T11:15:49 0 0 경기79바1608 3 41 232000073 232000351 51 
2021-01-01T11:15:49 0 0 경기79바1611 3 41 232000073 168000407 2 
2021-01-01T11:16:49 0 0 경기79바1608 3 41 232000073 232000350 52 
2021-01-01T11:16:49 0 0 경기79바1611 3 41 232000073 168000407 2 
2021-01-01T11:17:49 0 0 경기79바1608 3 41 232000073 232000001 53 
2021-01-01T11:17:49 0 0 경기79바1611 3 41 232000073 168000442 4 
2021-01-01T11:18:48 0 0 경기79바1608 3 41 232000073 232000001 53 
2021-01-01T11:18:48 0 0 경기79바1611 3 40 232000073 168000446 5 
2021-01-01T11:19:48 0 0 경기79바1608 3 41 232000073 168000447 54 
2021-01-01T11:19:48 0 0 경기79바1611 3 40 232000073 168000446 5 
2021-01-01T11:20:47 0 0 경기79바1608 3 41 232000073 168000437 56 
2021-01-01T11:20:47 0 0 경기79바1611 3 40 232000073 168000446 5 
2021-01-01T11:21:46 0 0 경기79바1611 3 40 232000073 168000446 5 
2021-01-01T11:22:46 0 0 경기79바1611 3 40 232000073 168000446 5 
2021-01-01T11:23:46 0 0 경기79바1611 3 40 232000073 232000349 6 
2021-01-01T11:24:46 0 0 경기79바1611 3 40 232000073 232000348 7 
2021-01-01T11:25:46 0 0 경기79바1611 3 38 232000073 232000348 7 
2021-01-01T11:26:45 0 0 경기79바1611 3 38 232000073 232000347 8 
2021-01-01T11:27:45 0 0 경기79바1611 3 38 232000073 232000347 8 
2021-01-01T11:28:44 0 0 경기79바1611 3 38 232000073 232000346 9 
2021-01-01T11:29:43 0 0 경기79바1611 3 36 232000073 232000345 10 
2021-01-01T11:30:43 0 0 경기79바1611 3 36 232000073 232000345 10 
2021-01-01T11:31:43 0 0 경기79바1611 3 36 232000073 232000360 12 
2021-01-01T11:32:42 0 0 경기79바1611 3 36 232000073 232000360 12 
2021-01-01T11:33:42 0 0 경기79바1611 3 36 232000073 232000359 13 
2021-01-01T11:34:41 0 0 경기79바1611 3 36 232000073 232000359 13 
2021-01-01T11:35:41 0 0 경기79바1611 3 36 232000073 232000359 13 
2021-01-01T11:36:41 0 0 경기79바1611 3 37 232000073 232000359 13 
2021-01-01T11:37:41 0 0 경기79바1611 3 35 232000073 232000356 14 
2021-01-01T11:38:40 0 0 경기79바1611 3 35 232000073 232000356 14 
2021-01-01T11:39:39 0 0 경기79바1611 3 35 232000073 277103819 15 
2021-01-01T11:40:38 0 0 경기79바1611 3 35 232000073 277103819 15 
2021-01-01T11:41:38 0 0 경기79바1611 3 35 232000073 277103819 15 
2021-01-01T11:42:38 0 0 경기79바1611 3 35 232000073 277101769 16 
2021-01-01T11:43:38 0 0 경기79바1611 3 35 232000073 277101769 16 
2021-01-01T11:44:37 0 0 경기79바1611 3 35 232000073 277101769 16 
2021-01-01T11:45:37 0 0 경기79바1611 3 35 232000073 277103403 17 
2021-01-01T11:46:37 0 0 경기79바1611 3 35 232000073 277103403 17 
2021-01-01T11:47:36 0 0 경기79바1611 3 35 232000073 277103403 17 
2021-01-01T11:48:36 0 0 경기79바1611 3 35 232000073 277103404 18 
2021-01-01T11:49:35 0 0 경기79바1611 3 35 232000073 277103406 19 
2021-01-01T11:50:35 0 0 경기79바1611 3 35 232000073 277103406 19 
2021-01-01T11:51:35 0 0 경기79바1611 3 35 232000073 277103410 20 
2021-01-01T11:52:34 0 0 경기79바1611 3 35 232000073 113000424 21 
2021-01-01T11:53:34 0 0 경기79바1611 3 35 232000073 113000424 21 
2021-01-01T11:54:33 0 0 경기79바1611 3 36 232000073 113000424 21 
2021-01-01T11:55:33 0 0 경기79바1611 3 36 232000073 277102197 22 
2021-01-01T11:56:32 0 0 경기79바1611 3 36 232000073 277102197 22 
2021-01-01T11:57:31 0 0 경기79바1611 3 36 232000073 277102197 22 
2021-01-01T11:58:30 0 0 경기79바1611 3 36 232000073 113000422 23 
2021-01-01T11:59:29 0 0 경기79바1611 3 36 232000073 113000422 23 
2021-01-01T12:00:28 0 0 경기79바1611 3 36 232000073 113000422 23 
2021-01-01T12:01:27 0 0 경기79바1611 3 36 232000073 113000420 24 
2021-01-01T12:02:27 0 0 경기79바1611 3 36 232000073 113000420 24 
2021-01-01T12:03:25 0 0 경기79바1611 3 36 232000073 113000419 25 
2021-01-01T12:04:26 0 0 경기79바1611 3 36 232000073 113000419 25 
2021-01-01T12:05:25 0 0 경기79바1611 3 36 232000073 113000418 26 
2021-01-01T12:06:25 0 0 경기79바1611 3 37 232000073 113000477 27 
2021-01-01T12:07:24 0 0 경기79바1611 3 38 232000073 113000477 27 
2021-01-01T12:08:24 0 0 경기79바1611 3 38 232000073 112000430 28 
2021-01-01T12:09:24 0 0 경기79바1611 3 38 232000073 101000304 29 
2021-01-01T12:10:24 0 0 경기79바1611 3 38 232000073 101000304 29 
2021-01-01T12:11:23 0 0 경기79바1611 3 38 232000073 100000380 30 
2021-01-01T12:12:22 0 0 경기79바1611 3 39 232000073 100000025 31 
2021-01-01T12:13:21 0 0 경기79바1611 3 41 232000073 100000025 31 
2021-01-01T12:14:21 0 0 경기79바1611 3 40 232000073 100000025 31 
2021-01-01T12:15:20 0 0 경기79바1611 3 38 232000073 101000038 32 
2021-01-01T12:16:20 0 0 경기79바1611 3 38 232000073 277101975 33 
2021-01-01T12:17:20 0 0 경기79바1611 3 41 232000073 112000170 34 
2021-01-01T12:18:19 0 0 경기79바1611 3 41 232000073 113000478 35 
2021-01-01T12:19:19 0 0 경기79바1611 3 41 232000073 113000478 35 
2021-01-01T12:20:19 0 0 경기79바1611 3 41 232000073 113000478 35 
2021-01-01T12:21:18 0 0 경기79바1611 3 41 232000073 113000411 36 
2021-01-01T12:22:18 0 0 경기79바1611 3 41 232000073 113000411 36 
2021-01-01T12:23:17 0 0 경기79바1611 3 41 232000073 113000417 37 
2021-01-01T12:24:16 0 0 경기79바1611 3 40 232000073 113000416 38 
2021-01-01T12:25:15 0 0 경기79바1611 3 40 232000073 113000416 38 
2021-01-01T12:26:15 0 0 경기79바1611 3 37 232000073 113000416 38 
2021-01-01T12:27:15 0 0 경기79바1611 3 37 232000073 113000416 38 
2021-01-01T12:28:14 0 0 경기79바1611 3 37 232000073 113000414 39 
2021-01-01T12:29:13 0 0 경기79바1611 3 35 232000073 113000414 39 
2021-01-01T12:30:13 0 0 경기79바1611 3 35 232000073 277102199 40 
2021-01-01T12:31:13 0 0 경기79바1611 3 35 232000073 277102199 40 
2021-01-01T12:32:12 0 0 경기79바1611 3 35 232000073 277102198 41 
2021-01-01T12:33:11 0 0 경기79바1611 3 35 232000073 113000412 42 
2021-01-01T12:34:11 0 0 경기79바1611 3 34 232000073 113000412 42 
2021-01-01T12:35:10 0 0 경기79바1611 3 34 232000073 113000412 42 
2021-01-01T12:36:09 0 0 경기79바1611 3 34 232000073 113000412 42 
2021-01-01T12:37:09 0 0 경기79바1611 3 34 232000073 113000412 42 
2021-01-01T12:38:09 0 0 경기79바1611 3 34 232000073 277103529 43 
2021-01-01T12:39:08 0 0 경기79바1611 3 34 232000073 277103529 43 
2021-01-01T12:40:07 0 0 경기79바1611 3 34 232000073 277103529 43 
2021-01-01T12:41:07 0 0 경기79바1611 3 34 232000073 277103402 44 
2021-01-01T12:42:06 0 0 경기79바1611 3 34 232000073 277103402 44 
2021-01-01T12:43:05 0 0 경기79바1611 3 34 232000073 277103402 44 
2021-01-01T12:44:05 0 0 경기79바1611 3 34 232000073 277103402 44 
2021-01-01T12:45:04 0 0 경기79바1611 3 34 232000073 277103401 45 
2021-01-01T12:46:04 0 0 경기79바1611 3 34 232000073 277103401 45 
2021-01-01T12:47:03 0 0 경기79바1611 3 34 232000073 277103401 45 
2021-01-01T12:48:03 0 0 경기79바1611 3 34 232000073 277103401 45 
2021-01-01T12:49:03 0 0 경기79바1611 3 34 232000073 232000432 46 
2021-01-01T12:50:02 0 0 경기79바1608 3 41 232000073 168000407 2 
2021-01-01T12:50:02 0 0 경기79바1611 3 35 232000073 232000432 46 
2021-01-01T12:51:02 0 0 경기79바1608 3 41 232000073 168000407 2 
2021-01-01T12:51:02 0 0 경기79바1611 3 35 232000073 232000432 46 
2021-01-01T12:52:01 0 0 경기79바1608 3 41 232000073 168000436 3 
2021-01-01T12:52:01 0 0 경기79바1611 3 35 232000073 232000432 46 
2021-01-01T12:53:00 0 0 경기79바1608 3 41 232000073 168000442 4 
2021-01-01T12:53:00 0 0 경기79바1611 3 35 232000073 232000432 46 
2021-01-01T12:54:00 0 0 경기79바1608 3 41 232000073 168000446 5 
2021-01-01T12:54:00 0 0 경기79바1611 3 36 232000073 232000429 47 
2021-01-01T12:54:59 0 0 경기79바1608 3 41 232000073 168000446 5 
2021-01-01T12:54:59 0 0 경기79바1611 3 36 232000073 232000429 47 
2021-01-01T12:55:59 0 0 경기79바1608 3 41 232000073 168000446 5 
2021-01-01T12:55:59 0 0 경기79바1611 3 36 232000073 232000429 47 
2021-01-01T12:56:58 0 0 경기79바1608 3 41 232000073 168000446 5 
2021-01-01T12:56:58 0 0 경기79바1611 3 37 232000073 232000354 48 
2021-01-01T12:57:58 0 0 경기79바1608 3 41 232000073 168000446 5 
2021-01-01T12:57:58 0 0 경기79바1611 3 37 232000073 232000354 48 
2021-01-01T12:58:57 0 0 경기79바1608 3 41 232000073 232000349 6 
2021-01-01T12:58:57 0 0 경기79바1611 3 37 232000073 232000353 49 
2021-01-01T12:59:56 0 0 경기79바1608 3 41 232000073 232000348 7 
2021-01-01T12:59:56 0 0 경기79바1611 3 37 232000073 232000352 50 
2021-01-01T13:00:55 0 0 경기79바1608 3 41 232000073 232000348 7 
2021-01-01T13:00:55 0 0 경기79바1611 3 38 232000073 232000352 50 
2021-01-01T13:01:55 0 0 경기79바1608 3 39 232000073 232000347 8 
2021-01-01T13:01:55 0 0 경기79바1611 3 38 232000073 232000351 51 
2021-01-01T13:02:55 0 0 경기79바1608 3 39 232000073 232000347 8 
2021-01-01T13:02:55 0 0 경기79바1611 3 38 232000073 232000350 52 
2021-01-01T13:03:55 0 0 경기79바1608 3 39 232000073 232000346 9 
2021-01-01T13:03:55 0 0 경기79바1611 3 41 232000073 232000350 52 
2021-01-01T13:04:54 0 0 경기79바1608 3 39 232000073 232000344 11 
2021-01-01T13:04:54 0 0 경기79바1611 3 41 232000073 232000001 53 
2021-01-01T13:05:54 0 0 경기79바1608 3 39 232000073 232000360 12 
2021-01-01T13:05:54 0 0 경기79바1611 3 41 232000073 232000001 53 
2021-01-01T13:06:54 0 0 경기79바1608 3 39 232000073 232000360 12 
2021-01-01T13:06:54 0 0 경기79바1611 3 41 232000073 232000001 53 
2021-01-01T13:07:54 0 0 경기79바1608 3 39 232000073 232000360 12 
2021-01-01T13:07:54 0 0 경기79바1611 3 41 232000073 232000001 53 
2021-01-01T13:08:53 0 0 경기79바1608 3 37 232000073 232000359 13 
2021-01-01T13:08:53 0 0 경기79바1611 3 41 232000073 168000447 54 
2021-01-01T13:09:53 0 0 경기79바1608 3 37 232000073 232000359 13 
2021-01-01T13:09:53 0 0 경기79바1611 3 41 232000073 168000437 56 
2021-01-01T13:10:53 0 0 경기79바1608 3 37 232000073 232000359 13 
2021-01-01T13:10:53 0 0 경기79바1611 3 41 232000073 168000437 56 
2021-01-01T13:11:53 0 0 경기79바1608 3 37 232000073 232000359 13 
2021-01-01T13:12:52 0 0 경기79바1608 3 37 232000073 232000359 13 
2021-01-01T13:13:51 0 0 경기79바1608 3 36 232000073 232000356 14 
2021-01-01T13:14:52 0 0 경기79바1608 3 36 232000073 232000356 14 
2021-01-01T13:15:51 0 0 경기79바1608 3 36 232000073 277103819 15 
2021-01-01T13:16:49 0 0 경기79바1608 3 36 232000073 277103819 15 
2021-01-01T13:17:49 0 0 경기79바1608 3 36 232000073 277103819 15 
2021-01-01T13:18:49 0 0 경기79바1608 3 36 232000073 277101769 16 
2021-01-01T13:19:47 0 0 경기79바1608 3 36 232000073 277101769 16 
2021-01-01T13:20:47 0 0 경기79바1608 3 36 232000073 277101769 16 
2021-01-01T13:21:46 0 0 경기79바1608 3 36 232000073 277103403 17 
2021-01-01T13:22:46 0 0 경기79바1608 3 36 232000073 277103403 17 
2021-01-01T13:23:45 0 0 경기79바1608 3 36 232000073 277103403 17 
2021-01-01T13:24:45 0 0 경기79바1608 3 36 232000073 277103404 18 
2021-01-01T13:25:45 0 0 경기79바1608 3 36 232000073 277103406 19 
2021-01-01T13:26:45 0 0 경기79바1608 3 36 232000073 277103406 19 
2021-01-01T13:27:45 0 0 경기79바1608 3 36 232000073 277103410 20 
2021-01-01T13:28:44 0 0 경기79바1608 3 36 232000073 113000424 21 
2021-01-01T13:29:43 0 0 경기79바1608 3 37 232000073 113000424 21 
2021-01-01T13:30:43 0 0 경기79바1608 3 37 232000073 113000424 21 
2021-01-01T13:31:43 0 0 경기79바1608 3 37 232000073 277102197 22 
2021-01-01T13:32:43 0 0 경기79바1608 3 37 232000073 277102197 22 
2021-01-01T13:33:43 0 0 경기79바1608 3 37 232000073 277102197 22 
2021-01-01T13:34:43 0 0 경기79바1608 3 37 232000073 277102197 22 
2021-01-01T13:35:43 0 0 경기79바1608 3 37 232000073 113000422 23 
2021-01-01T13:36:43 0 0 경기79바1608 3 37 232000073 113000422 23 
2021-01-01T13:37:42 0 0 경기79바1608 3 38 232000073 113000420 24 
2021-01-01T13:38:42 0 0 경기79바1608 3 39 232000073 113000420 24 
2021-01-01T13:39:42 0 0 경기79바1608 3 39 232000073 113000419 25 
2021-01-01T13:40:41 0 0 경기79바1608 3 39 232000073 113000419 25 
2021-01-01T13:41:40 0 0 경기79바1608 3 39 232000073 113000419 25 
2021-01-01T13:42:40 0 0 경기79바1608 3 39 232000073 113000418 26 
2021-01-01T13:43:40 0 0 경기79바1608 3 40 232000073 113000477 27 
2021-01-01T13:44:39 0 0 경기79바1608 3 40 232000073 113000477 27 
2021-01-01T13:45:39 0 0 경기79바1608 3 40 232000073 113000477 27 
2021-01-01T13:46:38 0 0 경기79바1608 3 40 232000073 112000430 28 
2021-01-01T13:47:38 0 0 경기79바1608 3 40 232000073 101000304 29 
2021-01-01T13:48:38 0 0 경기79바1608 3 40 232000073 101000304 29 
2021-01-01T13:49:36 0 0 경기79바1608 3 40 232000073 101000304 29 
2021-01-01T13:50:36 0 0 경기79바1608 3 40 232000073 100000380 30 
2021-01-01T13:51:36 0 0 경기79바1608 3 39 232000073 100000025 31 
2021-01-01T13:52:35 0 0 경기79바1608 3 40 232000073 100000025 31 
2021-01-01T13:53:35 0 0 경기79바1608 3 40 232000073 100000025 31 
2021-01-01T13:54:35 0 0 경기79바1608 3 39 232000073 101000038 32 
2021-01-01T13:55:35 0 0 경기79바1608 3 39 232000073 277101975 33 
2021-01-01T13:56:34 0 0 경기79바1608 3 39 232000073 112000170 34 
2021-01-01T13:57:34 0 0 경기79바1608 3 39 232000073 113000478 35 
2021-01-01T13:58:34 0 0 경기79바1608 3 39 232000073 113000478 35 
2021-01-01T13:59:33 0 0 경기79바1608 3 39 232000073 113000411 36 
2021-01-01T14:00:33 0 0 경기79바1608 3 39 232000073 113000411 36 
2021-01-01T14:01:33 0 0 경기79바1608 3 39 232000073 113000417 37 
2021-01-01T14:02:33 0 0 경기79바1608 3 39 232000073 113000417 37 
2021-01-01T14:03:32 0 0 경기79바1608 3 39 232000073 113000417 37 
2021-01-01T14:04:32 0 0 경기79바1608 3 39 232000073 113000416 38 
2021-01-01T14:05:32 0 0 경기79바1608 3 39 232000073 113000416 38 
2021-01-01T14:06:32 0 0 경기79바1608 3 39 232000073 113000416 38 
2021-01-01T14:07:32 0 0 경기79바1608 3 38 232000073 113000414 39 
2021-01-01T14:08:31 0 0 경기79바1608 3 38 232000073 113000414 39 
2021-01-01T14:09:31 0 0 경기79바1608 3 38 232000073 277102199 40 
2021-01-01T14:10:29 0 0 경기79바1608 3 38 232000073 277102199 40 
2021-01-01T14:11:30 0 0 경기79바1608 3 38 232000073 277102199 40 
2021-01-01T14:12:30 0 0 경기79바1608 3 38 232000073 277102198 41 
2021-01-01T14:13:28 0 0 경기79바1608 3 38 232000073 113000412 42 
2021-01-01T14:14:27 0 0 경기79바1608 3 38 232000073 113000412 42 
2021-01-01T14:15:27 0 0 경기79바1608 3 38 232000073 113000412 42 
2021-01-01T14:16:26 0 0 경기79바1608 3 38 232000073 113000412 42 
2021-01-01T14:17:25 0 0 경기79바1608 3 38 232000073 113000412 42 
2021-01-01T14:18:26 0 0 경기79바1608 3 38 232000073 277103529 43 
2021-01-01T14:19:25 0 0 경기79바1608 3 38 232000073 277103529 43 
2021-01-01T14:20:25 0 0 경기79바1608 3 38 232000073 277103529 43 
2021-01-01T14:21:24 0 0 경기79바1608 3 38 232000073 277103529 43 
2021-01-01T14:22:24 0 0 경기79바1608 3 38 232000073 277103402 44 
2021-01-01T14:23:23 0 0 경기79바1608 3 38 232000073 277103402 44 
2021-01-01T14:24:23 0 0 경기79바1608 3 38 232000073 277103402 44 
2021-01-01T14:25:22 0 0 경기79바1608 3 38 232000073 277103401 45 
2021-01-01T14:26:21 0 0 경기79바1608 3 38 232000073 277103401 45 
2021-01-01T14:27:21 0 0 경기79바1608 3 38 232000073 277103401 45 
2021-01-01T14:28:20 0 0 경기79바1608 3 38 232000073 277103401 45 
2021-01-01T14:29:19 0 0 경기79바1608 3 38 232000073 277103401 45 
2021-01-01T14:30:18 0 0 경기79바1608 3 38 232000073 232000432 46 
2021-01-01T14:31:18 0 0 경기79바1608 3 38 232000073 232000432 46 
2021-01-01T14:32:18 0 0 경기79바1608 3 40 232000073 232000432 46 
2021-01-01T14:33:18 0 0 경기79바1608 3 40 232000073 232000432 46 
2021-01-01T14:34:18 0 0 경기79바1608 3 40 232000073 232000432 46 
2021-01-01T14:34:18 0 0 경기79바1611 3 40 232000073 168000561 1 
2021-01-01T14:35:18 0 0 경기79바1608 3 40 232000073 232000432 46 
2021-01-01T14:35:18 0 0 경기79바1611 3 40 232000073 168000561 1 
2021-01-01T14:36:18 0 0 경기79바1608 3 40 232000073 232000429 47 
2021-01-01T14:36:18 0 0 경기79바1611 3 40 232000073 168000407 2 
2021-01-01T14:37:17 0 0 경기79바1608 3 40 232000073 232000429 47 
2021-01-01T14:37:17 0 0 경기79바1611 3 40 232000073 168000407 2 
2021-01-01T14:38:17 0 0 경기79바1608 3 40 232000073 232000429 47 
2021-01-01T14:38:17 0 0 경기79바1611 3 40 232000073 168000436 3 
2021-01-01T14:39:16 0 0 경기79바1608 3 40 232000073 232000429 47 
2021-01-01T14:39:16 0 0 경기79바1611 3 38 232000073 168000446 5 
2021-01-01T14:40:16 0 0 경기79바1608 3 40 232000073 232000354 48 
2021-01-01T14:40:16 0 0 경기79바1611 3 38 232000073 168000446 5 
2021-01-01T14:41:15 0 0 경기79바1608 3 40 232000073 232000353 49 
2021-01-01T14:41:15 0 0 경기79바1611 3 38 232000073 168000446 5 
2021-01-01T14:42:15 0 0 경기79바1608 3 40 232000073 232000352 50 
2021-01-01T14:42:15 0 0 경기79바1611 3 38 232000073 168000446 5 
2021-01-01T14:43:15 0 0 경기79바1608 3 40 232000073 232000352 50 
2021-01-01T14:43:15 0 0 경기79바1611 3 38 232000073 168000446 5 
2021-01-01T14:44:14 0 0 경기79바1608 3 40 232000073 232000351 51 
2021-01-01T14:44:14 0 0 경기79바1611 3 38 232000073 232000349 6 
2021-01-01T14:45:14 0 0 경기79바1608 3 40 232000073 232000350 52 
2021-01-01T14:45:14 0 0 경기79바1611 3 38 232000073 232000349 6 
2021-01-01T14:46:14 0 0 경기79바1608 3 40 232000073 232000350 52 
2021-01-01T14:46:14 0 0 경기79바1611 3 38 232000073 232000348 7 
2021-01-01T14:47:12 0 0 경기79바1608 3 41 232000073 232000001 53 
2021-01-01T14:47:12 0 0 경기79바1611 3 39 232000073 232000347 8 
2021-01-01T14:48:12 0 0 경기79바1608 3 41 232000073 232000001 53 
2021-01-01T14:48:12 0 0 경기79바1611 3 39 232000073 232000347 8 
2021-01-01T14:49:13 0 0 경기79바1608 3 41 232000073 232000001 53 
2021-01-01T14:49:13 0 0 경기79바1611 3 39 232000073 232000346 9 
2021-01-01T14:50:11 0 0 경기79바1608 3 41 232000073 232000001 53 
2021-01-01T14:50:11 0 0 경기79바1611 3 38 232000073 232000346 9 
2021-01-01T14:51:11 0 0 경기79바1608 3 41 232000073 168000447 54 
2021-01-01T14:51:11 0 0 경기79바1611 3 38 232000073 232000345 10 
2021-01-01T14:52:11 0 0 경기79바1608 3 41 232000073 168000443 55 
2021-01-01T14:52:11 0 0 경기79바1611 3 37 232000073 232000344 11 
2021-01-01T14:53:10 0 0 경기79바1608 3 41 232000073 168000437 56 
2021-01-01T14:53:10 0 0 경기79바1611 3 37 232000073 232000360 12 
2021-01-01T14:54:10 0 0 경기79바1608 3 41 232000073 168000437 56 
2021-01-01T14:54:10 0 0 경기79바1611 3 37 232000073 232000359 13 
2021-01-01T14:55:10 0 0 경기79바1611 3 37 232000073 232000359 13 
2021-01-01T14:56:10 0 0 경기79바1611 3 37 232000073 232000359 13 
2021-01-01T14:57:10 0 0 경기79바1611 3 37 232000073 232000359 13 
2021-01-01T14:58:10 0 0 경기79바1611 3 36 232000073 232000356 14 
2021-01-01T14:59:10 0 0 경기79바1611 3 36 232000073 232000356 14 
2021-01-01T15:00:09 0 0 경기79바1611 3 36 232000073 232000356 14 
2021-01-01T15:01:08 0 0 경기79바1611 3 36 232000073 232000356 14 
2021-01-01T15:02:08 0 0 경기79바1611 3 36 232000073 277103819 15 
2021-01-01T15:03:08 0 0 경기79바1611 3 36 232000073 277103819 15 
2021-01-01T15:04:08 0 0 경기79바1611 3 36 232000073 277103819 15 
2021-01-01T15:05:07 0 0 경기79바1611 3 36 232000073 277101769 16 
2021-01-01T15:06:06 0 0 경기79바1611 3 36 232000073 277101769 16 
2021-01-01T15:07:06 0 0 경기79바1611 3 36 232000073 277101769 16 
2021-01-01T15:08:05 0 0 경기79바1611 3 36 232000073 277101769 16 
2021-01-01T15:09:04 0 0 경기79바1611 3 36 232000073 277103403 17 
2021-01-01T15:10:04 0 0 경기79바1611 3 36 232000073 277103403 17 
2021-01-01T15:11:03 0 0 경기79바1611 3 36 232000073 277103404 18 
2021-01-01T15:12:03 0 0 경기79바1611 3 36 232000073 277103404 18 
2021-01-01T15:13:02 0 0 경기79바1611 3 36 232000073 277103406 19 
2021-01-01T15:14:02 0 0 경기79바1611 3 36 232000073 277103410 20 
2021-01-01T15:15:02 0 0 경기79바1611 3 36 232000073 277103410 20 
2021-01-01T15:16:02 0 0 경기79바1611 3 36 232000073 113000424 21 
2021-01-01T15:17:02 0 0 경기79바1611 3 36 232000073 113000424 21 
2021-01-01T15:18:01 0 0 경기79바1611 3 38 232000073 277102197 22 
2021-01-01T15:19:01 0 0 경기79바1611 3 38 232000073 113000422 23 
2021-01-01T15:20:01 0 0 경기79바1611 3 41 232000073 113000422 23 
2021-01-01T15:21:01 0 0 경기79바1611 3 41 232000073 113000422 23 
2021-01-01T15:22:01 0 0 경기79바1611 3 41 232000073 113000420 24 
2021-01-01T15:23:01 0 0 경기79바1611 3 41 232000073 113000420 24 
2021-01-01T15:23:59 0 0 경기79바1611 3 41 232000073 113000419 25 
2021-01-01T15:24:59 0 0 경기79바1611 3 41 232000073 113000419 25 
2021-01-01T15:25:58 0 0 경기79바1611 3 41 232000073 113000419 25 
2021-01-01T15:26:58 0 0 경기79바1611 3 41 232000073 113000418 26 
2021-01-01T15:27:57 0 0 경기79바1611 3 41 232000073 113000477 27 
2021-01-01T15:28:56 0 0 경기79바1611 3 41 232000073 113000477 27 
2021-01-01T15:29:56 0 0 경기79바1611 3 41 232000073 113000477 27 
2021-01-01T15:30:55 0 0 경기79바1611 3 41 232000073 113000477 27 
2021-01-01T15:31:54 0 0 경기79바1611 3 41 232000073 112000430 28 
2021-01-01T15:32:54 0 0 경기79바1611 3 41 232000073 101000304 29 
2021-01-01T15:33:54 0 0 경기79바1611 3 41 232000073 101000304 29 
2021-01-01T15:34:54 0 0 경기79바1611 3 41 232000073 100000380 30 
2021-01-01T15:35:53 0 0 경기79바1611 3 41 232000073 100000380 30 
2021-01-01T15:36:53 0 0 경기79바1611 3 41 232000073 100000380 30 
2021-01-01T15:37:53 0 0 경기79바1611 3 41 232000073 100000025 31 
2021-01-01T15:38:52 0 0 경기79바1611 3 37 232000073 100000025 31 
2021-01-01T15:39:52 0 0 경기79바1611 3 35 232000073 101000038 32 
2021-01-01T15:40:52 0 0 경기79바1611 3 35 232000073 112000170 34 
2021-01-01T15:41:52 0 0 경기79바1611 3 35 232000073 112000170 34 
2021-01-01T15:42:52 0 0 경기79바1611 3 35 232000073 112000170 34 
2021-01-01T15:43:52 0 0 경기79바1611 3 35 232000073 112000170 34 
2021-01-01T15:44:50 0 0 경기79바1611 3 35 232000073 113000478 35 
2021-01-01T15:45:50 0 0 경기79바1611 3 35 232000073 113000478 35 
2021-01-01T15:46:50 0 0 경기79바1611 3 35 232000073 113000411 36 
2021-01-01T15:47:50 0 0 경기79바1611 3 35 232000073 113000411 36 
2021-01-01T15:48:50 0 0 경기79바1611 3 35 232000073 113000417 37 
2021-01-01T15:49:50 0 0 경기79바1611 3 35 232000073 113000417 37 
2021-01-01T15:50:49 0 0 경기79바1611 3 35 232000073 113000416 38 
2021-01-01T15:51:49 0 0 경기79바1611 3 35 232000073 113000416 38 
2021-01-01T15:52:49 0 0 경기79바1611 3 35 232000073 113000416 38 
2021-01-01T15:53:48 0 0 경기79바1611 3 35 232000073 113000414 39 
2021-01-01T15:54:48 0 0 경기79바1611 3 35 232000073 113000414 39 
2021-01-01T15:55:47 0 0 경기79바1611 3 35 232000073 277102199 40 
2021-01-01T15:56:47 0 0 경기79바1611 3 35 232000073 277102199 40 
2021-01-01T15:57:46 0 0 경기79바1611 3 35 232000073 277102199 40 
2021-01-01T15:58:45 0 0 경기79바1611 3 35 232000073 113000412 42 
2021-01-01T15:59:45 0 0 경기79바1611 3 34 232000073 113000412 42 
2021-01-01T16:00:44 0 0 경기79바1611 3 34 232000073 113000412 42 
2021-01-01T16:01:44 0 0 경기79바1611 3 34 232000073 113000412 42 
2021-01-01T16:02:44 0 0 경기79바1611 3 34 232000073 277103529 43 
2021-01-01T16:03:44 0 0 경기79바1611 3 34 232000073 277103529 43 
2021-01-01T16:04:43 0 0 경기79바1611 3 34 232000073 277103529 43 
2021-01-01T16:05:42 0 0 경기79바1611 3 34 232000073 277103529 43 
2021-01-01T16:06:42 0 0 경기79바1611 3 34 232000073 277103402 44 
2021-01-01T16:07:41 0 0 경기79바1611 3 34 232000073 277103402 44 
2021-01-01T16:08:41 0 0 경기79바1611 3 34 232000073 277103402 44 
2021-01-01T16:09:41 0 0 경기79바1611 3 34 232000073 277103401 45 
2021-01-01T16:10:41 0 0 경기79바1611 3 34 232000073 277103401 45 
2021-01-01T16:11:41 0 0 경기79바1611 3 34 232000073 277103401 45 
2021-01-01T16:12:40 0 0 경기79바1608 3 41 232000073 168000407 2 
2021-01-01T16:12:40 0 0 경기79바1611 3 34 232000073 277103401 45 
2021-01-01T16:13:40 0 0 경기79바1608 3 41 232000073 168000436 3 
2021-01-01T16:13:40 0 0 경기79바1611 3 34 232000073 277103401 45 
2021-01-01T16:14:40 0 0 경기79바1608 3 41 232000073 168000446 5 
2021-01-01T16:14:40 0 0 경기79바1611 3 34 232000073 232000432 46 
2021-01-01T16:15:39 0 0 경기79바1608 3 40 232000073 168000446 5 
2021-01-01T16:15:39 0 0 경기79바1611 3 34 232000073 232000432 46 
2021-01-01T16:16:39 0 0 경기79바1608 3 40 232000073 168000446 5 
2021-01-01T16:16:39 0 0 경기79바1611 3 35 232000073 232000432 46 
2021-01-01T16:17:38 0 0 경기79바1608 3 40 232000073 168000446 5 
2021-01-01T16:17:38 0 0 경기79바1611 3 35 232000073 232000432 46 
2021-01-01T16:18:38 0 0 경기79바1608 3 40 232000073 168000446 5 
2021-01-01T16:18:38 0 0 경기79바1611 3 35 232000073 232000432 46 
2021-01-01T16:19:37 0 0 경기79바1608 3 40 232000073 168000446 5 
2021-01-01T16:19:37 0 0 경기79바1611 3 35 232000073 232000432 46 
2021-01-01T16:20:37 0 0 경기79바1608 3 40 232000073 168000446 5 
2021-01-01T16:20:37 0 0 경기79바1611 3 36 232000073 232000429 47 
2021-01-01T16:21:37 0 0 경기79바1608 3 40 232000073 232000349 6 
2021-01-01T16:21:37 0 0 경기79바1611 3 35 232000073 232000429 47 
2021-01-01T16:22:36 0 0 경기79바1608 3 40 232000073 232000348 7 
2021-01-01T16:22:36 0 0 경기79바1611 3 35 232000073 232000429 47 
2021-01-01T16:23:36 0 0 경기79바1608 3 40 232000073 232000348 7 
2021-01-01T16:23:36 0 0 경기79바1611 3 35 232000073 232000429 47 
2021-01-01T16:24:36 0 0 경기79바1608 3 39 232000073 232000347 8 
2021-01-01T16:24:36 0 0 경기79바1611 3 34 232000073 232000354 48 
2021-01-01T16:25:36 0 0 경기79바1608 3 39 232000073 232000347 8 
2021-01-01T16:25:36 0 0 경기79바1611 3 34 232000073 232000353 49 
2021-01-01T16:26:35 0 0 경기79바1608 3 39 232000073 232000346 9 
2021-01-01T16:26:35 0 0 경기79바1611 3 33 232000073 232000353 49 
2021-01-01T16:27:35 0 0 경기79바1608 3 37 232000073 232000345 10 
2021-01-01T16:27:35 0 0 경기79바1611 3 34 232000073 232000352 50 
2021-01-01T16:28:34 0 0 경기79바1608 3 37 232000073 232000344 11 
2021-01-01T16:28:34 0 0 경기79바1611 3 34 232000073 232000352 50 
2021-01-01T16:29:34 0 0 경기79바1608 3 37 232000073 232000360 12 
2021-01-01T16:29:34 0 0 경기79바1611 3 34 232000073 232000351 51 
2021-01-01T16:30:33 0 0 경기79바1608 3 37 232000073 232000360 12 
2021-01-01T16:30:33 0 0 경기79바1611 3 40 232000073 232000350 52 
2021-01-01T16:31:33 0 0 경기79바1608 3 37 232000073 232000359 13 
2021-01-01T16:31:33 0 0 경기79바1611 3 40 232000073 232000350 52 
2021-01-01T16:32:33 0 0 경기79바1608 3 37 232000073 232000359 13 
2021-01-01T16:32:33 0 0 경기79바1611 3 40 232000073 232000350 52 
2021-01-01T16:33:32 0 0 경기79바1608 3 37 232000073 232000359 13 
2021-01-01T16:33:32 0 0 경기79바1611 3 40 232000073 232000001 53 
2021-01-01T16:34:32 0 0 경기79바1608 3 37 232000073 232000359 13 
2021-01-01T16:34:32 0 0 경기79바1611 3 40 232000073 232000001 53 
2021-01-01T16:35:32 0 0 경기79바1608 3 37 232000073 232000359 13 
2021-01-01T16:35:32 0 0 경기79바1611 3 40 232000073 232000001 53 
2021-01-01T16:36:32 0 0 경기79바1608 3 37 232000073 232000359 13 
2021-01-01T16:36:32 0 0 경기79바1611 3 40 232000073 232000001 53 
2021-01-01T16:37:32 0 0 경기79바1608 3 36 232000073 232000356 14 
2021-01-01T16:37:32 0 0 경기79바1611 3 41 232000073 168000447 54 
2021-01-01T16:38:32 0 0 경기79바1608 3 36 232000073 232000356 14 
2021-01-01T16:38:32 0 0 경기79바1611 3 41 232000073 168000443 55 
2021-01-01T16:39:31 0 0 경기79바1608 3 36 232000073 277103819 15 
2021-01-01T16:39:31 0 0 경기79바1611 3 41 232000073 168000437 56 
2021-01-01T16:40:31 0 0 경기79바1608 3 36 232000073 277103819 15 
2021-01-01T16:40:31 0 0 경기79바1611 3 41 232000073 168000437 56 
2021-01-01T16:41:30 0 0 경기79바1608 3 36 232000073 277103819 15 
2021-01-01T16:41:30 0 0 경기79바1611 3 41 232000073 168000437 56 
2021-01-01T16:42:30 0 0 경기79바1608 3 36 232000073 277101769 16 
2021-01-01T16:43:30 0 0 경기79바1608 3 36 232000073 277101769 16 
2021-01-01T16:44:30 0 0 경기79바1608 3 36 232000073 277101769 16 
2021-01-01T16:45:29 0 0 경기79바1608 3 36 232000073 277101769 16 
2021-01-01T16:46:28 0 0 경기79바1608 3 36 232000073 277103403 17 
2021-01-01T16:47:28 0 0 경기79바1608 3 36 232000073 277103403 17 
2021-01-01T16:48:28 0 0 경기79바1608 3 36 232000073 277103403 17 
2021-01-01T16:49:27 0 0 경기79바1608 3 36 232000073 277103404 18 
2021-01-01T16:50:26 0 0 경기79바1608 3 36 232000073 277103406 19 
2021-01-01T16:51:25 0 0 경기79바1608 3 36 232000073 277103406 19 
2021-01-01T16:52:24 0 0 경기79바1608 3 36 232000073 277103410 20 
2021-01-01T16:53:24 0 0 경기79바1608 3 36 232000073 113000424 21 
2021-01-01T16:54:24 0 0 경기79바1608 3 37 232000073 113000424 21 
2021-01-01T16:55:23 0 0 경기79바1608 3 37 232000073 277102197 22 
2021-01-01T16:56:23 0 0 경기79바1608 3 37 232000073 277102197 22 
2021-01-01T16:57:22 0 0 경기79바1608 3 37 232000073 277102197 22 
2021-01-01T16:58:21 0 0 경기79바1608 3 39 232000073 113000422 23 
2021-01-01T16:59:21 0 0 경기79바1608 3 39 232000073 113000422 23 
2021-01-01T17:00:21 0 0 경기79바1608 3 40 232000073 113000422 23 
2021-01-01T17:01:21 0 0 경기79바1608 3 40 232000073 113000420 24 
2021-01-01T17:02:20 0 0 경기79바1608 3 40 232000073 113000420 24 
2021-01-01T17:03:20 0 0 경기79바1608 3 40 232000073 113000419 25 
2021-01-01T17:04:19 0 0 경기79바1608 3 40 232000073 113000419 25 
2021-01-01T17:05:18 0 0 경기79바1608 3 40 232000073 113000418 26 
2021-01-01T17:06:18 0 0 경기79바1608 3 40 232000073 113000477 27 
2021-01-01T17:07:18 0 0 경기79바1608 3 40 232000073 113000477 27 
2021-01-01T17:08:17 0 0 경기79바1608 3 40 232000073 112000430 28 
2021-01-01T17:09:16 0 0 경기79바1608 3 40 232000073 101000304 29 
2021-01-01T17:10:16 0 0 경기79바1608 3 40 232000073 101000304 29 
2021-01-01T17:11:15 0 0 경기79바1608 3 40 232000073 100000380 30 
2021-01-01T17:12:14 0 0 경기79바1608 3 40 232000073 100000380 30 
2021-01-01T17:13:14 0 0 경기79바1608 3 40 232000073 100000380 30 
2021-01-01T17:14:14 0 0 경기79바1608 3 41 232000073 100000025 31 
2021-01-01T17:15:14 0 0 경기79바1608 3 40 232000073 101000038 32 
2021-01-01T17:16:13 0 0 경기79바1608 3 40 232000073 277101975 33 
2021-01-01T17:17:13 0 0 경기79바1608 3 40 232000073 112000170 34 
2021-01-01T17:18:13 0 0 경기79바1608 3 40 232000073 112000170 34 
2021-01-01T17:19:12 0 0 경기79바1608 3 40 232000073 113000478 35 
2021-01-01T17:20:12 0 0 경기79바1608 3 40 232000073 113000478 35 
2021-01-01T17:21:11 0 0 경기79바1608 3 40 232000073 113000478 35 
2021-01-01T17:22:10 0 0 경기79바1608 3 40 232000073 113000411 36 
2021-01-01T17:23:10 0 0 경기79바1608 3 40 232000073 113000411 36 
2021-01-01T17:24:09 0 0 경기79바1608 3 40 232000073 113000417 37 
2021-01-01T17:25:08 0 0 경기79바1608 3 40 232000073 113000417 37 
2021-01-01T17:26:07 0 0 경기79바1608 3 40 232000073 113000417 37 
2021-01-01T17:27:07 0 0 경기79바1608 3 40 232000073 113000416 38 
2021-01-01T17:28:07 0 0 경기79바1608 3 40 232000073 113000416 38 
2021-01-01T17:29:07 0 0 경기79바1608 3 40 232000073 113000414 39 
2021-01-01T17:30:07 0 0 경기79바1608 3 40 232000073 113000414 39 
2021-01-01T17:31:06 0 0 경기79바1608 3 40 232000073 113000414 39 
2021-01-01T17:32:05 0 0 경기79바1608 3 40 232000073 277102199 40 
2021-01-01T17:33:04 0 0 경기79바1608 3 40 232000073 277102199 40 
2021-01-01T17:34:04 0 0 경기79바1608 3 40 232000073 277102199 40 
2021-01-01T17:35:04 0 0 경기79바1608 3 40 232000073 113000412 42 
2021-01-01T17:36:04 0 0 경기79바1608 3 40 232000073 113000412 42 
2021-01-01T17:37:04 0 0 경기79바1608 3 40 232000073 113000412 42 
2021-01-01T17:38:04 0 0 경기79바1608 3 39 232000073 113000412 42 
2021-01-01T17:39:03 0 0 경기79바1608 3 39 232000073 113000412 42 
2021-01-01T17:40:03 0 0 경기79바1608 3 39 232000073 113000412 42 
2021-01-01T17:41:02 0 0 경기79바1608 3 39 232000073 277103529 43 
2021-01-01T17:42:02 0 0 경기79바1608 3 39 232000073 277103529 43 
2021-01-01T17:43:02 0 0 경기79바1608 3 39 232000073 277103529 43 
2021-01-01T17:44:01 0 0 경기79바1608 3 39 232000073 277103402 44 
2021-01-01T17:45:01 0 0 경기79바1608 3 39 232000073 277103402 44 
2021-01-01T17:46:00 0 0 경기79바1608 3 39 232000073 277103402 44 
2021-01-01T17:47:00 0 0 경기79바1608 3 39 232000073 277103402 44 
2021-01-01T17:47:59 0 0 경기79바1608 3 39 232000073 277103401 45 
2021-01-01T17:48:59 0 0 경기79바1608 3 39 232000073 277103401 45 
2021-01-01T17:49:58 0 0 경기79바1608 3 39 232000073 277103401 45 
2021-01-01T17:50:58 0 0 경기79바1608 3 39 232000073 277103401 45 
2021-01-01T17:51:58 0 0 경기79바1608 3 39 232000073 277103401 45 
2021-01-01T17:52:56 0 0 경기79바1608 3 39 232000073 232000432 46 
2021-01-01T17:53:56 0 0 경기79바1608 3 40 232000073 232000432 46 
2021-01-01T17:53:56 0 0 경기79바1611 3 39 232000073 168000561 1 
2021-01-01T17:54:55 0 0 경기79바1608 3 40 232000073 232000432 46 
2021-01-01T17:54:55 0 0 경기79바1611 3 39 232000073 168000561 1 
2021-01-01T17:55:54 0 0 경기79바1608 3 40 232000073 232000432 46 
2021-01-01T17:55:54 0 0 경기79바1611 3 39 232000073 168000561 1 
2021-01-01T17:56:54 0 0 경기79바1608 3 40 232000073 232000432 46 
2021-01-01T17:56:54 0 0 경기79바1611 3 39 232000073 168000407 2 
2021-01-01T17:57:53 0 0 경기79바1608 3 40 232000073 232000432 46 
2021-01-01T17:57:53 0 0 경기79바1611 3 39 232000073 168000407 2 
2021-01-01T17:58:53 0 0 경기79바1608 3 41 232000073 232000429 47 
2021-01-01T17:58:53 0 0 경기79바1611 3 40 232000073 168000436 3 
2021-01-01T17:59:52 0 0 경기79바1608 3 41 232000073 232000429 47 
2021-01-01T17:59:52 0 0 경기79바1611 3 40 232000073 168000436 3 
2021-01-01T18:00:52 0 0 경기79바1608 3 41 232000073 232000429 47 
2021-01-01T18:00:52 0 0 경기79바1611 3 40 232000073 168000436 3 
2021-01-01T18:01:51 0 0 경기79바1608 3 40 232000073 232000353 49 
2021-01-01T18:01:51 0 0 경기79바1611 3 40 232000073 168000446 5 
2021-01-01T18:02:51 0 0 경기79바1608 3 40 232000073 232000353 49 
2021-01-01T18:02:51 0 0 경기79바1611 3 40 232000073 168000446 5 
2021-01-01T18:03:51 0 0 경기79바1608 3 40 232000073 232000352 50 
2021-01-01T18:03:51 0 0 경기79바1611 3 40 232000073 168000446 5 
2021-01-01T18:04:50 0 0 경기79바1608 3 40 232000073 232000352 50 
2021-01-01T18:04:50 0 0 경기79바1611 3 40 232000073 168000446 5 
2021-01-01T18:05:50 0 0 경기79바1608 3 41 232000073 232000350 52 
2021-01-01T18:05:50 0 0 경기79바1611 3 40 232000073 168000446 5 
2021-01-01T18:06:50 0 0 경기79바1608 3 41 232000073 232000350 52 
2021-01-01T18:06:50 0 0 경기79바1611 3 40 232000073 232000349 6 
2021-01-01T18:07:49 0 0 경기79바1608 3 41 232000073 232000350 52 
2021-01-01T18:07:49 0 0 경기79바1611 3 40 232000073 232000348 7 
2021-01-01T18:08:49 0 0 경기79바1608 3 41 232000073 232000001 53 
2021-01-01T18:08:49 0 0 경기79바1611 3 40 232000073 232000347 8 
2021-01-01T18:09:49 0 0 경기79바1608 3 41 232000073 232000001 53 
2021-01-01T18:09:49 0 0 경기79바1611 3 40 232000073 232000347 8 
2021-01-01T18:10:47 0 0 경기79바1608 3 41 232000073 232000001 53 
2021-01-01T18:10:47 0 0 경기79바1611 3 40 232000073 232000346 9 
2021-01-01T18:11:47 0 0 경기79바1608 3 41 232000073 232000001 53 
2021-01-01T18:11:47 0 0 경기79바1611 3 40 232000073 232000346 9 
2021-01-01T18:12:47 0 0 경기79바1608 3 41 232000073 168000447 54 
2021-01-01T18:12:47 0 0 경기79바1611 3 40 232000073 232000344 11 
2021-01-01T18:13:47 0 0 경기79바1608 3 41 232000073 168000437 56 
2021-01-01T18:13:47 0 0 경기79바1611 3 38 232000073 232000344 11 
2021-01-01T18:14:47 0 0 경기79바1608 3 41 232000073 168000437 56 
2021-01-01T18:14:47 0 0 경기79바1611 3 38 232000073 232000360 12 
2021-01-01T18:15:47 0 0 경기79바1611 3 38 232000073 232000359 13 
2021-01-01T18:16:46 0 0 경기79바1611 3 38 232000073 232000359 13 
2021-01-01T18:17:46 0 0 경기79바1611 3 38 232000073 232000359 13 
2021-01-01T18:18:45 0 0 경기79바1611 3 38 232000073 232000359 13 
2021-01-01T18:19:44 0 0 경기79바1611 3 38 232000073 232000359 13 
2021-01-01T18:20:44 0 0 경기79바1611 3 38 232000073 232000359 13 
2021-01-01T18:21:44 0 0 경기79바1611 3 38 232000073 232000359 13 
2021-01-01T18:22:43 0 0 경기79바1611 3 38 232000073 232000356 14 
2021-01-01T18:23:43 0 0 경기79바1611 3 38 232000073 232000356 14 
2021-01-01T18:24:43 0 0 경기79바1611 3 38 232000073 232000356 14 
2021-01-01T18:25:42 0 0 경기79바1611 3 38 232000073 232000356 14 
2021-01-01T18:26:42 0 0 경기79바1611 3 38 232000073 277103819 15 
2021-01-01T18:27:42 0 0 경기79바1611 3 38 232000073 277103819 15 
2021-01-01T18:28:42 0 0 경기79바1611 3 38 232000073 277103819 15 
2021-01-01T18:29:42 0 0 경기79바1611 3 38 232000073 277101769 16 
2021-01-01T18:30:42 0 0 경기79바1611 3 38 232000073 277101769 16 
2021-01-01T18:31:40 0 0 경기79바1611 3 38 232000073 277101769 16 
2021-01-01T18:32:40 0 0 경기79바1611 3 38 232000073 277103403 17 
2021-01-01T18:33:40 0 0 경기79바1611 3 38 232000073 277103403 17 
2021-01-01T18:34:40 0 0 경기79바1611 3 38 232000073 277103403 17 
2021-01-01T18:35:39 0 0 경기79바1611 3 38 232000073 277103404 18 
2021-01-01T18:36:39 0 0 경기79바1611 3 38 232000073 277103406 19 
2021-01-01T18:37:39 0 0 경기79바1611 3 38 232000073 277103406 19 
2021-01-01T18:38:39 0 0 경기79바1611 3 38 232000073 277103410 20 
2021-01-01T18:39:38 0 0 경기79바1611 3 38 232000073 113000424 21 
2021-01-01T18:40:38 0 0 경기79바1611 3 40 232000073 277102197 22 
2021-01-01T18:41:38 0 0 경기79바1611 3 40 232000073 277102197 22 
2021-01-01T18:42:38 0 0 경기79바1611 3 40 232000073 277102197 22 
2021-01-01T18:43:38 0 0 경기79바1611 3 40 232000073 113000422 23 
2021-01-01T18:44:38 0 0 경기79바1611 3 40 232000073 113000422 23 
2021-01-01T18:45:38 0 0 경기79바1611 3 40 232000073 113000422 23 
2021-01-01T18:46:38 0 0 경기79바1611 3 40 232000073 113000422 23 
2021-01-01T18:47:38 0 0 경기79바1611 3 41 232000073 113000420 24 
2021-01-01T18:48:37 0 0 경기79바1611 3 41 232000073 113000420 24 
2021-01-01T18:49:37 0 0 경기79바1611 3 41 232000073 113000419 25 
2021-01-01T18:50:36 0 0 경기79바1611 3 41 232000073 113000419 25 
2021-01-01T18:51:36 0 0 경기79바1611 3 41 232000073 113000418 26 
2021-01-01T18:52:36 0 0 경기79바1611 3 41 232000073 113000418 26 
2021-01-01T18:53:35 0 0 경기79바1611 3 41 232000073 113000418 26 
2021-01-01T18:54:34 0 0 경기79바1611 3 41 232000073 113000477 27 
2021-01-01T18:55:34 0 0 경기79바1611 3 41 232000073 112000430 28 
2021-01-01T18:56:34 0 0 경기79바1611 3 41 232000073 101000304 29 
2021-01-01T18:57:34 0 0 경기79바1611 3 41 232000073 101000304 29 
2021-01-01T18:58:33 0 0 경기79바1611 3 41 232000073 101000304 29 
2021-01-01T18:59:33 0 0 경기79바1611 3 41 232000073 100000380 30 
2021-01-01T19:00:33 0 0 경기79바1611 3 41 232000073 100000380 30 
2021-01-01T19:01:33 0 0 경기79바1611 3 40 232000073 100000025 31 
2021-01-01T19:02:33 0 0 경기79바1611 3 40 232000073 100000025 31 
2021-01-01T19:03:33 0 0 경기79바1611 3 40 232000073 100000025 31 
2021-01-01T19:04:32 0 0 경기79바1611 3 40 232000073 101000038 32 
2021-01-01T19:05:32 0 0 경기79바1611 3 40 232000073 112000170 34 
2021-01-01T19:06:32 0 0 경기79바1611 3 40 232000073 112000170 34 
2021-01-01T19:07:31 0 0 경기79바1611 3 40 232000073 113000478 35 
2021-01-01T19:08:32 0 0 경기79바1611 3 40 232000073 113000478 35 
2021-01-01T19:09:30 0 0 경기79바1611 3 40 232000073 113000478 35 
2021-01-01T19:10:30 0 0 경기79바1611 3 40 232000073 113000411 36 
2021-01-01T19:11:30 0 0 경기79바1611 3 40 232000073 113000411 36 
2021-01-01T19:12:30 0 0 경기79바1611 3 40 232000073 113000411 36 
2021-01-01T19:13:30 0 0 경기79바1611 3 41 232000073 113000417 37 
2021-01-01T19:14:29 0 0 경기79바1611 3 41 232000073 113000417 37 
2021-01-01T19:15:29 0 0 경기79바1611 3 41 232000073 113000417 37 
2021-01-01T19:16:28 0 0 경기79바1611 3 41 232000073 113000416 38 
2021-01-01T19:17:28 0 0 경기79바1611 3 41 232000073 113000416 38 
2021-01-01T19:18:28 0 0 경기79바1611 3 41 232000073 113000414 39 
2021-01-01T19:19:27 0 0 경기79바1611 3 37 232000073 113000414 39 
2021-01-01T19:20:26 0 0 경기79바1611 3 37 232000073 277102199 40 
2021-01-01T19:21:26 0 0 경기79바1611 3 37 232000073 277102199 40 
2021-01-01T19:22:26 0 0 경기79바1611 3 37 232000073 277102199 40 
2021-01-01T19:23:26 0 0 경기79바1611 3 37 232000073 277102198 41 
2021-01-01T19:24:25 0 0 경기79바1611 3 37 232000073 113000412 42 
2021-01-01T19:25:25 0 0 경기79바1611 3 35 232000073 113000412 42 
2021-01-01T19:26:24 0 0 경기79바1611 3 35 232000073 113000412 42 
2021-01-01T19:27:24 0 0 경기79바1611 3 35 232000073 113000412 42 
2021-01-01T19:28:23 0 0 경기79바1611 3 35 232000073 277103529 43 
2021-01-01T19:29:23 0 0 경기79바1611 3 35 232000073 277103529 43 
2021-01-01T19:30:22 0 0 경기79바1611 3 35 232000073 277103529 43 
2021-01-01T19:31:22 0 0 경기79바1611 3 35 232000073 277103529 43 
2021-01-01T19:32:21 0 0 경기79바1608 3 41 232000073 168000407 2 
2021-01-01T19:32:21 0 0 경기79바1611 3 35 232000073 277103402 44 
2021-01-01T19:33:21 0 0 경기79바1608 3 41 232000073 168000407 2 
2021-01-01T19:33:21 0 0 경기79바1611 3 35 232000073 277103402 44 
2021-01-01T19:34:21 0 0 경기79바1608 3 41 232000073 168000407 2 
2021-01-01T19:34:21 0 0 경기79바1611 3 35 232000073 277103402 44 
2021-01-01T19:35:20 0 0 경기79바1608 3 41 232000073 168000446 5 
2021-01-01T19:35:20 0 0 경기79바1611 3 35 232000073 277103402 44 
2021-01-01T19:36:20 0 0 경기79바1608 3 41 232000073 168000446 5 
2021-01-01T19:36:20 0 0 경기79바1611 3 35 232000073 277103401 45 
2021-01-01T19:37:20 0 0 경기79바1608 3 41 232000073 168000446 5 
2021-01-01T19:37:20 0 0 경기79바1611 3 35 232000073 277103401 45 
2021-01-01T19:38:20 0 0 경기79바1608 3 41 232000073 168000446 5 
2021-01-01T19:38:20 0 0 경기79바1611 3 35 232000073 277103401 45 
2021-01-01T19:39:19 0 0 경기79바1608 3 41 232000073 232000349 6 
2021-01-01T19:39:19 0 0 경기79바1611 3 35 232000073 277103401 45 
2021-01-01T19:40:19 0 0 경기79바1608 3 41 232000073 232000348 7 
2021-01-01T19:40:19 0 0 경기79바1611 3 35 232000073 277103401 45 
2021-01-01T19:41:19 0 0 경기79바1608 3 39 232000073 232000348 7 
2021-01-01T19:41:19 0 0 경기79바1611 3 35 232000073 232000432 46 
2021-01-01T19:42:19 0 0 경기79바1608 3 39 232000073 232000347 8 
2021-01-01T19:42:19 0 0 경기79바1611 3 35 232000073 232000432 46 
2021-01-01T19:43:19 0 0 경기79바1608 3 39 232000073 232000347 8 
2021-01-01T19:43:19 0 0 경기79바1611 3 35 232000073 232000432 46 
2021-01-01T19:44:18 0 0 경기79바1608 3 38 232000073 232000346 9 
2021-01-01T19:44:18 0 0 경기79바1611 3 35 232000073 232000432 46 
2021-01-01T19:45:18 0 0 경기79바1608 3 38 232000073 232000344 11 
2021-01-01T19:45:18 0 0 경기79바1611 3 35 232000073 232000432 46 
2021-01-01T19:46:18 0 0 경기79바1608 3 38 232000073 232000344 11 
2021-01-01T19:46:18 0 0 경기79바1611 3 34 232000073 232000429 47 
2021-01-01T19:47:18 0 0 경기79바1608 3 38 232000073 232000360 12 
2021-01-01T19:47:18 0 0 경기79바1611 3 34 232000073 232000429 47 
2021-01-01T19:48:17 0 0 경기79바1608 3 38 232000073 232000359 13 
2021-01-01T19:48:17 0 0 경기79바1611 3 34 232000073 232000429 47 
2021-01-01T19:49:17 0 0 경기79바1608 3 38 232000073 232000359 13 
2021-01-01T19:49:17 0 0 경기79바1611 3 34 232000073 232000429 47 
2021-01-01T19:50:16 0 0 경기79바1608 3 38 232000073 232000359 13 
2021-01-01T19:50:16 0 0 경기79바1611 3 34 232000073 232000353 49 
2021-01-01T19:51:15 0 0 경기79바1608 3 38 232000073 232000359 13 
2021-01-01T19:51:15 0 0 경기79바1611 3 36 232000073 232000353 49 
2021-01-01T19:52:15 0 0 경기79바1608 3 38 232000073 232000359 13 
2021-01-01T19:52:15 0 0 경기79바1611 3 36 232000073 232000353 49 
2021-01-01T19:53:15 0 0 경기79바1608 3 38 232000073 232000359 13 
2021-01-01T19:53:15 0 0 경기79바1611 3 37 232000073 232000352 50 
2021-01-01T19:54:15 0 0 경기79바1608 3 38 232000073 232000356 14 
2021-01-01T19:54:15 0 0 경기79바1611 3 37 232000073 232000352 50 
2021-01-01T19:55:14 0 0 경기79바1608 3 38 232000073 232000356 14 
2021-01-01T19:55:14 0 0 경기79바1611 3 39 232000073 232000351 51 
2021-01-01T19:56:14 0 0 경기79바1608 3 38 232000073 277103819 15 
2021-01-01T19:56:14 0 0 경기79바1611 3 39 232000073 232000350 52 
2021-01-01T19:57:14 0 0 경기79바1608 3 38 232000073 277103819 15 
2021-01-01T19:57:14 0 0 경기79바1611 3 39 232000073 232000350 52 
2021-01-01T19:58:13 0 0 경기79바1608 3 38 232000073 277103819 15 
2021-01-01T19:58:13 0 0 경기79바1611 3 39 232000073 232000001 53 
2021-01-01T19:59:13 0 0 경기79바1608 3 38 232000073 277101769 16 
2021-01-01T19:59:13 0 0 경기79바1611 3 39 232000073 232000001 53 
2021-01-01T20:00:13 0 0 경기79바1608 3 38 232000073 277101769 16 
2021-01-01T20:00:13 0 0 경기79바1611 3 39 232000073 232000001 53 
2021-01-01T20:01:12 0 0 경기79바1608 3 38 232000073 277101769 16 
2021-01-01T20:01:12 0 0 경기79바1611 3 39 232000073 232000001 53 
2021-01-01T20:02:12 0 0 경기79바1608 3 38 232000073 277103403 17 
2021-01-01T20:02:12 0 0 경기79바1611 3 39 232000073 232000001 53 
2021-01-01T20:03:11 0 0 경기79바1608 3 38 232000073 277103403 17 
2021-01-01T20:03:11 0 0 경기79바1611 3 40 232000073 168000443 55 
2021-01-01T20:04:11 0 0 경기79바1608 3 38 232000073 277103403 17 
2021-01-01T20:04:11 0 0 경기79바1611 3 40 232000073 168000443 55 
2021-01-01T20:05:11 0 0 경기79바1608 3 38 232000073 277103404 18 
2021-01-01T20:05:11 0 0 경기79바1611 3 40 232000073 168000437 56 
2021-01-01T20:06:10 0 0 경기79바1608 3 38 232000073 277103404 18 
2021-01-01T20:06:10 0 0 경기79바1611 3 40 232000073 168000437 56 
2021-01-01T20:07:11 0 0 경기79바1608 3 38 232000073 277103406 19 
2021-01-01T20:07:11 0 0 경기79바1611 3 40 232000073 168000437 56 
2021-01-01T20:08:09 0 0 경기79바1608 3 38 232000073 277103406 19 
2021-01-01T20:09:09 0 0 경기79바1608 3 38 232000073 277103410 20 
2021-01-01T20:10:08 0 0 경기79바1608 3 38 232000073 113000424 21 
2021-01-01T20:11:08 0 0 경기79바1608 3 38 232000073 113000424 21 
2021-01-01T20:12:08 0 0 경기79바1608 3 38 232000073 113000424 21 
2021-01-01T20:13:07 0 0 경기79바1608 3 38 232000073 113000424 21 
2021-01-01T20:14:07 0 0 경기79바1608 3 38 232000073 277102197 22 
2021-01-01T20:15:06 0 0 경기79바1608 3 38 232000073 113000422 23 
2021-01-01T20:16:06 0 0 경기79바1608 3 40 232000073 113000422 23 
2021-01-01T20:17:06 0 0 경기79바1608 3 40 232000073 113000422 23 
2021-01-01T20:18:05 0 0 경기79바1608 3 40 232000073 113000422 23 
2021-01-01T20:19:05 0 0 경기79바1608 3 41 232000073 113000420 24 
2021-01-01T20:20:04 0 0 경기79바1608 3 41 232000073 113000420 24 
2021-01-01T20:21:04 0 0 경기79바1608 3 41 232000073 113000420 24 
2021-01-01T20:22:03 0 0 경기79바1608 3 41 232000073 113000419 25 
2021-01-01T20:23:03 0 0 경기79바1608 3 41 232000073 113000418 26 
2021-01-01T20:24:03 0 0 경기79바1608 3 41 232000073 113000418 26 
2021-01-01T20:25:03 0 0 경기79바1608 3 41 232000073 113000418 26 
2021-01-01T20:26:02 0 0 경기79바1608 3 41 232000073 113000477 27 
2021-01-01T20:27:02 0 0 경기79바1608 3 41 232000073 113000477 27 
2021-01-01T20:28:02 0 0 경기79바1608 3 41 232000073 113000477 27 
2021-01-01T20:29:02 0 0 경기79바1608 3 41 232000073 113000477 27 
2021-01-01T20:30:02 0 0 경기79바1608 3 41 232000073 112000430 28 
2021-01-01T20:31:02 0 0 경기79바1608 3 41 232000073 101000304 29 
2021-01-01T20:32:02 0 0 경기79바1608 3 41 232000073 101000304 29 
2021-01-01T20:33:01 0 0 경기79바1608 3 41 232000073 100000380 30 
2021-01-01T20:34:02 0 0 경기79바1608 3 41 232000073 100000380 30 
2021-01-01T20:35:01 0 0 경기79바1608 3 41 232000073 100000025 31 
2021-01-01T20:36:00 0 0 경기79바1608 3 41 232000073 100000025 31 
2021-01-01T20:37:00 0 0 경기79바1608 3 41 232000073 100000025 31 
2021-01-01T20:37:59 0 0 경기79바1608 3 41 232000073 101000038 32 
2021-01-01T20:38:59 0 0 경기79바1608 3 41 232000073 112000170 34 
2021-01-01T20:39:59 0 0 경기79바1608 3 41 232000073 112000170 34 
2021-01-01T20:40:59 0 0 경기79바1608 3 41 232000073 113000478 35 
2021-01-01T20:41:59 0 0 경기79바1608 3 41 232000073 113000478 35 
2021-01-01T20:42:58 0 0 경기79바1608 3 41 232000073 113000478 35 
2021-01-01T20:43:57 0 0 경기79바1608 3 41 232000073 113000411 36 
2021-01-01T20:44:57 0 0 경기79바1608 3 40 232000073 113000411 36 
2021-01-01T20:45:56 0 0 경기79바1608 3 40 232000073 113000417 37 
2021-01-01T20:46:56 0 0 경기79바1608 3 40 232000073 113000417 37 
2021-01-01T20:47:55 0 0 경기79바1608 3 40 232000073 113000417 37 
2021-01-01T20:48:55 0 0 경기79바1608 3 38 232000073 113000416 38 
2021-01-01T20:49:54 0 0 경기79바1608 3 38 232000073 113000416 38 
2021-01-01T20:50:53 0 0 경기79바1608 3 38 232000073 113000416 38 
2021-01-01T20:51:53 0 0 경기79바1608 3 37 232000073 113000414 39 
2021-01-01T20:52:53 0 0 경기79바1608 3 37 232000073 113000414 39 
2021-01-01T20:53:53 0 0 경기79바1608 3 37 232000073 277102199 40 
2021-01-01T20:54:52 0 0 경기79바1608 3 37 232000073 277102199 40 
2021-01-01T20:55:52 0 0 경기79바1608 3 37 232000073 277102199 40 
2021-01-01T20:56:52 0 0 경기79바1608 3 37 232000073 277102198 41 
2021-01-01T20:57:52 0 0 경기79바1608 3 37 232000073 113000412 42 
2021-01-01T20:58:50 0 0 경기79바1608 3 33 232000073 113000412 42 
2021-01-01T20:59:50 0 0 경기79바1608 3 33 232000073 113000412 42 
2021-01-01T21:00:50 0 0 경기79바1608 3 33 232000073 113000412 42 
2021-01-01T21:01:49 0 0 경기79바1608 3 33 232000073 277103529 43 
2021-01-01T21:02:49 0 0 경기79바1608 3 33 232000073 277103529 43 
2021-01-01T21:03:49 0 0 경기79바1608 3 33 232000073 277103529 43 
2021-01-01T21:04:49 0 0 경기79바1608 3 33 232000073 277103402 44 
2021-01-01T21:05:49 0 0 경기79바1608 3 33 232000073 277103402 44 
2021-01-01T21:06:48 0 0 경기79바1608 3 33 232000073 277103402 44 
2021-01-01T21:07:48 0 0 경기79바1608 3 33 232000073 277103402 44 
2021-01-01T21:08:48 0 0 경기79바1608 3 33 232000073 277103401 45 
2021-01-01T21:09:47 0 0 경기79바1608 3 33 232000073 277103401 45 
2021-01-01T21:10:47 0 0 경기79바1608 3 33 232000073 277103401 45 
2021-01-01T21:11:47 0 0 경기79바1608 3 33 232000073 277103401 45 
2021-01-01T21:12:47 0 0 경기79바1608 3 33 232000073 277103401 45 
2021-01-01T21:13:46 0 0 경기79바1608 3 34 232000073 232000432 46 
2021-01-01T21:13:46 0 0 경기79바1611 3 41 232000073 168000561 1 
2021-01-01T21:14:46 0 0 경기79바1608 3 30 232000073 232000432 46 
2021-01-01T21:14:46 0 0 경기79바1611 3 41 232000073 168000561 1 
2021-01-01T21:15:46 0 0 경기79바1608 3 30 232000073 232000432 46 
2021-01-01T21:15:46 0 0 경기79바1611 3 41 232000073 168000561 1 
2021-01-01T21:16:46 0 0 경기79바1608 3 30 232000073 232000432 46 
2021-01-01T21:16:46 0 0 경기79바1611 3 41 232000073 168000407 2 
2021-01-01T21:17:46 0 0 경기79바1608 3 30 232000073 232000432 46 
2021-01-01T21:17:46 0 0 경기79바1611 3 41 232000073 168000407 2 
2021-01-01T21:18:45 0 0 경기79바1608 3 31 232000073 232000429 47 
2021-01-01T21:18:45 0 0 경기79바1611 3 41 232000073 168000407 2 
2021-01-01T21:19:45 0 0 경기79바1608 3 31 232000073 232000429 47 
2021-01-01T21:19:45 0 0 경기79바1611 3 41 232000073 168000446 5 
2021-01-01T21:20:45 0 0 경기79바1608 3 31 232000073 232000429 47 
2021-01-01T21:20:45 0 0 경기79바1611 3 40 232000073 168000446 5 
2021-01-01T21:21:44 0 0 경기79바1608 3 31 232000073 232000354 48 
2021-01-01T21:21:44 0 0 경기79바1611 3 40 232000073 168000446 5 
2021-01-01T21:22:44 0 0 경기79바1608 3 29 232000073 232000354 48 
2021-01-01T21:22:44 0 0 경기79바1611 3 40 232000073 168000446 5 
2021-01-01T21:23:43 0 0 경기79바1608 3 33 232000073 232000353 49 
2021-01-01T21:23:43 0 0 경기79바1611 3 40 232000073 168000446 5 
2021-01-01T21:24:43 0 0 경기79바1608 3 33 232000073 232000353 49 
2021-01-01T21:24:43 0 0 경기79바1611 3 40 232000073 168000446 5 
2021-01-01T21:25:43 0 0 경기79바1608 3 34 232000073 232000352 50 
2021-01-01T21:25:43 0 0 경기79바1611 3 40 232000073 168000446 5 
2021-01-01T21:26:42 0 0 경기79바1608 3 33 232000073 232000351 51 
2021-01-01T21:26:42 0 0 경기79바1611 3 40 232000073 232000349 6 
2021-01-01T21:27:42 0 0 경기79바1608 3 38 232000073 232000350 52 
2021-01-01T21:27:42 0 0 경기79바1611 3 40 232000073 232000348 7 
2021-01-01T21:28:42 0 0 경기79바1608 3 39 232000073 232000350 52 
2021-01-01T21:28:42 0 0 경기79바1611 3 40 232000073 232000346 9 
2021-01-01T21:29:42 0 0 경기79바1608 3 39 232000073 232000001 53 
2021-01-01T21:29:42 0 0 경기79바1611 3 38 232000073 232000345 10 
2021-01-01T21:30:41 0 0 경기79바1608 3 39 232000073 232000001 53 
2021-01-01T21:30:41 0 0 경기79바1611 3 38 232000073 232000360 12 
2021-01-01T21:31:41 0 0 경기79바1608 3 39 232000073 232000001 53 
2021-01-01T21:31:41 0 0 경기79바1611 3 38 232000073 232000359 13 
2021-01-01T21:32:41 0 0 경기79바1608 3 39 232000073 168000447 54 
2021-01-01T21:32:41 0 0 경기79바1611 3 38 232000073 232000359 13 
2021-01-01T21:33:40 0 0 경기79바1608 3 39 232000073 168000447 54 
2021-01-01T21:33:40 0 0 경기79바1611 3 38 232000073 232000359 13 
2021-01-01T21:34:40 0 0 경기79바1608 3 40 232000073 168000437 56 
2021-01-01T21:34:40 0 0 경기79바1611 3 38 232000073 232000359 13 
2021-01-01T21:35:40 0 0 경기79바1608 3 40 232000073 168000437 56 
2021-01-01T21:35:40 0 0 경기79바1611 3 38 232000073 232000359 13 
2021-01-01T21:36:40 0 0 경기79바1608 3 40 232000073 168000437 56 
2021-01-01T21:36:40 0 0 경기79바1611 3 38 232000073 232000359 13 
2021-01-01T21:37:39 0 0 경기79바1608 3 40 232000073 168000437 56 
2021-01-01T21:37:39 0 0 경기79바1611 3 39 232000073 232000356 14 
2021-01-01T21:38:39 0 0 경기79바1611 3 39 232000073 232000356 14 
2021-01-01T21:39:39 0 0 경기79바1611 3 39 232000073 277103819 15 
2021-01-01T21:40:39 0 0 경기79바1611 3 39 232000073 277103819 15 
2021-01-01T21:41:38 0 0 경기79바1611 3 39 232000073 277103819 15 
2021-01-01T21:42:38 0 0 경기79바1611 3 39 232000073 277101769 16 
2021-01-01T21:43:37 0 0 경기79바1611 3 39 232000073 277101769 16 
2021-01-01T21:44:37 0 0 경기79바1611 3 39 232000073 277101769 16 
2021-01-01T21:45:36 0 0 경기79바1611 3 39 232000073 277103403 17 
2021-01-01T21:46:36 0 0 경기79바1611 3 39 232000073 277103403 17 
2021-01-01T21:47:36 0 0 경기79바1611 3 39 232000073 277103404 18 
2021-01-01T21:48:35 0 0 경기79바1611 3 39 232000073 277103404 18 
2021-01-01T21:49:35 0 0 경기79바1611 3 39 232000073 277103406 19 
2021-01-01T21:50:35 0 0 경기79바1611 3 39 232000073 277103410 20 
2021-01-01T21:51:34 0 0 경기79바1611 3 39 232000073 277103410 20 
2021-01-01T21:52:34 0 0 경기79바1611 3 39 232000073 113000424 21 
2021-01-01T21:53:33 0 0 경기79바1611 3 41 232000073 113000424 21 
2021-01-01T21:54:33 0 0 경기79바1611 3 41 232000073 277102197 22 
2021-01-01T21:55:33 0 0 경기79바1611 3 41 232000073 277102197 22 
2021-01-01T21:56:32 0 0 경기79바1611 3 41 232000073 277102197 22 
2021-01-01T21:57:32 0 0 경기79바1611 3 41 232000073 277102197 22 
2021-01-01T21:58:31 0 0 경기79바1611 3 41 232000073 113000422 23 
2021-01-01T21:59:31 0 0 경기79바1611 3 41 232000073 113000422 23 
2021-01-01T22:00:30 0 0 경기79바1611 3 41 232000073 113000422 23 
2021-01-01T22:01:30 0 0 경기79바1611 3 41 232000073 113000420 24 
2021-01-01T22:02:30 0 0 경기79바1611 3 41 232000073 113000420 24 
2021-01-01T22:03:30 0 0 경기79바1611 3 41 232000073 113000420 24 
2021-01-01T22:04:29 0 0 경기79바1611 3 41 232000073 113000419 25 
2021-01-01T22:05:29 0 0 경기79바1611 3 41 232000073 113000418 26 
2021-01-01T22:06:28 0 0 경기79바1611 3 41 232000073 113000418 26 
2021-01-01T22:07:28 0 0 경기79바1611 3 41 232000073 113000477 27 
2021-01-01T22:08:28 0 0 경기79바1611 3 41 232000073 113000477 27 
2021-01-01T22:09:28 0 0 경기79바1611 3 41 232000073 113000477 27 
2021-01-01T22:10:27 0 0 경기79바1611 3 41 232000073 112000430 28 
2021-01-01T22:11:27 0 0 경기79바1611 3 41 232000073 101000304 29 
2021-01-01T22:12:26 0 0 경기79바1611 3 41 232000073 100000380 30 
2021-01-01T22:13:26 0 0 경기79바1611 3 41 232000073 100000025 31 
2021-01-01T22:14:26 0 0 경기79바1611 3 41 232000073 100000025 31 
2021-01-01T22:15:25 0 0 경기79바1611 3 41 232000073 100000025 31 
2021-01-01T22:16:25 0 0 경기79바1611 3 41 232000073 101000038 32 
2021-01-01T22:17:24 0 0 경기79바1611 3 40 232000073 277101975 33 
2021-01-01T22:18:24 0 0 경기79바1611 3 40 232000073 112000170 34 
2021-01-01T22:19:23 0 0 경기79바1611 3 40 232000073 112000170 34 
2021-01-01T22:20:23 0 0 경기79바1611 3 39 232000073 113000478 35 
2021-01-01T22:21:22 0 0 경기79바1611 3 39 232000073 113000411 36 
2021-01-01T22:22:22 0 0 경기79바1611 3 39 232000073 113000411 36 
2021-01-01T22:23:22 0 0 경기79바1611 3 39 232000073 113000417 37 
2021-01-01T22:24:21 0 0 경기79바1611 3 39 232000073 113000416 38 
2021-01-01T22:25:21 0 0 경기79바1611 3 39 232000073 113000416 38 
2021-01-01T22:26:20 0 0 경기79바1611 3 38 232000073 113000414 39 
2021-01-01T22:27:20 0 0 경기79바1611 3 38 232000073 113000414 39 
2021-01-01T22:28:20 0 0 경기79바1611 3 38 232000073 277102199 40 
2021-01-01T22:29:19 0 0 경기79바1611 3 38 232000073 277102199 40 
2021-01-01T22:30:19 0 0 경기79바1611 3 38 232000073 277102198 41 
2021-01-01T22:31:18 0 0 경기79바1611 3 36 232000073 113000412 42 
2021-01-01T22:32:17 0 0 경기79바1611 3 36 232000073 113000412 42 
2021-01-01T22:33:17 0 0 경기79바1611 3 35 232000073 113000412 42 
2021-01-01T22:34:16 0 0 경기79바1611 3 35 232000073 113000412 42 
2021-01-01T22:35:15 0 0 경기79바1611 3 35 232000073 113000412 42 
2021-01-01T22:36:15 0 0 경기79바1611 3 35 232000073 277103529 43 
2021-01-01T22:37:15 0 0 경기79바1611 3 35 232000073 277103529 43 
2021-01-01T22:38:14 0 0 경기79바1611 3 35 232000073 277103529 43 
2021-01-01T22:39:14 0 0 경기79바1611 3 35 232000073 277103529 43 
2021-01-01T22:40:13 0 0 경기79바1611 3 35 232000073 277103402 44 
2021-01-01T22:41:13 0 0 경기79바1611 3 35 232000073 277103402 44 
2021-01-01T22:42:12 0 0 경기79바1611 3 35 232000073 277103402 44 
2021-01-01T22:43:11 0 0 경기79바1611 3 35 232000073 277103401 45 
2021-01-01T22:44:11 0 0 경기79바1611 3 35 232000073 277103401 45 
2021-01-01T22:45:11 0 0 경기79바1611 3 35 232000073 277103401 45 
2021-01-01T22:46:10 0 0 경기79바1611 3 35 232000073 277103401 45 
2021-01-01T22:47:10 0 0 경기79바1611 3 35 232000073 232000432 46 
2021-01-01T22:48:09 0 0 경기79바1611 3 37 232000073 232000432 46 
2021-01-01T22:49:09 0 0 경기79바1611 3 37 232000073 232000432 46 
2021-01-01T22:50:08 0 0 경기79바1611 3 37 232000073 232000432 46 
2021-01-01T22:51:08 0 0 경기79바1611 3 37 232000073 232000429 47 
2021-01-01T22:52:08 0 0 경기79바1611 3 37 232000073 232000429 47 
2021-01-01T22:53:07 0 0 경기79바1611 3 37 232000073 232000429 47 
2021-01-01T22:54:07 0 0 경기79바1611 3 37 232000073 232000429 47 
2021-01-01T22:55:07 0 0 경기79바1608 3 41 232000073 168000446 5 
2021-01-01T22:55:07 0 0 경기79바1611 3 37 232000073 232000354 48 
2021-01-01T22:56:07 0 0 경기79바1608 3 41 232000073 168000446 5 
2021-01-01T22:56:07 0 0 경기79바1611 3 37 232000073 232000353 49 
2021-01-01T22:57:06 0 0 경기79바1608 3 41 232000073 168000446 5 
2021-01-01T22:57:06 0 0 경기79바1611 3 39 232000073 232000352 50 
2021-01-01T22:58:05 0 0 경기79바1608 3 41 232000073 168000446 5 
2021-01-01T22:58:05 0 0 경기79바1611 3 39 232000073 232000352 50 
2021-01-01T22:59:05 0 0 경기79바1608 3 41 232000073 232000349 6 
2021-01-01T22:59:05 0 0 경기79바1611 3 39 232000073 232000350 52 
2021-01-01T23:00:04 0 0 경기79바1608 3 41 232000073 232000348 7 
2021-01-01T23:00:04 0 0 경기79바1611 3 39 232000073 232000350 52 
2021-01-01T23:01:04 0 0 경기79바1608 3 41 232000073 232000348 7 
2021-01-01T23:01:04 0 0 경기79바1611 3 41 232000073 232000350 52 
2021-01-01T23:02:03 0 0 경기79바1608 3 40 232000073 232000347 8 
2021-01-01T23:02:03 0 0 경기79바1611 3 41 232000073 232000001 53 
2021-01-01T23:03:03 0 0 경기79바1608 3 40 232000073 232000347 8 
2021-01-01T23:03:03 0 0 경기79바1611 3 41 232000073 232000001 53 
2021-01-01T23:04:02 0 0 경기79바1608 3 40 232000073 232000346 9 
2021-01-01T23:04:02 0 0 경기79바1611 3 41 232000073 232000001 53 
2021-01-01T23:05:02 0 0 경기79바1608 3 40 232000073 232000344 11 
2021-01-01T23:05:02 0 0 경기79바1611 3 41 232000073 232000001 53 
2021-01-01T23:06:02 0 0 경기79바1608 3 40 232000073 232000360 12 
2021-01-01T23:06:02 0 0 경기79바1611 3 41 232000073 168000447 54 
2021-01-01T23:07:01 0 0 경기79바1608 3 40 232000073 232000360 12 
2021-01-01T23:07:01 0 0 경기79바1611 3 41 232000073 168000447 54 
2021-01-01T23:08:01 0 0 경기79바1608 3 40 232000073 232000359 13 
2021-01-01T23:08:01 0 0 경기79바1611 3 41 232000073 168000437 56 
2021-01-01T23:09:00 0 0 경기79바1608 3 40 232000073 232000359 13 
2021-01-01T23:10:00 0 0 경기79바1608 3 40 232000073 232000359 13 
2021-01-01T23:11:00 0 0 경기79바1608 3 40 232000073 232000359 13 
2021-01-01T23:12:00 0 0 경기79바1608 3 40 232000073 232000356 14 
2021-01-01T23:13:00 0 0 경기79바1608 3 40 232000073 232000356 14 
2021-01-01T23:13:59 0 0 경기79바1608 3 40 232000073 232000356 14 
2021-01-01T23:14:59 0 0 경기79바1608 3 40 232000073 232000356 14 
2021-01-01T23:15:59 0 0 경기79바1608 3 40 232000073 277103819 15 
2021-01-01T23:16:59 0 0 경기79바1608 3 40 232000073 277103819 15 
2021-01-01T23:17:58 0 0 경기79바1608 3 40 232000073 277103819 15 
2021-01-01T23:18:58 0 0 경기79바1608 3 40 232000073 277101769 16 
2021-01-01T23:19:57 0 0 경기79바1608 3 40 232000073 277101769 16 
2021-01-01T23:20:57 0 0 경기79바1608 3 40 232000073 277101769 16 
2021-01-01T23:21:57 0 0 경기79바1608 3 40 232000073 277103403 17 
2021-01-01T23:22:55 0 0 경기79바1608 3 40 232000073 277103403 17 
2021-01-01T23:23:56 0 0 경기79바1608 3 40 232000073 277103403 17 
2021-01-01T23:24:55 0 0 경기79바1608 3 40 232000073 277103404 18 
2021-01-01T23:25:55 0 0 경기79바1608 3 40 232000073 277103406 19 
2021-01-01T23:26:55 0 0 경기79바1608 3 40 232000073 277103406 19 
2021-01-01T23:27:55 0 0 경기79바1608 3 40 232000073 277103410 20 
2021-01-01T23:28:54 0 0 경기79바1608 3 40 232000073 113000424 21 
2021-01-01T23:29:54 0 0 경기79바1608 3 40 232000073 113000424 21 
2021-01-01T23:30:53 0 0 경기79바1608 3 41 232000073 113000424 21 
2021-01-01T23:31:52 0 0 경기79바1608 3 41 232000073 277102197 22 
2021-01-01T23:32:53 0 0 경기79바1608 3 41 232000073 277102197 22 
2021-01-01T23:33:53 0 0 경기79바1608 3 41 232000073 113000422 23 
2021-01-01T23:34:52 0 0 경기79바1608 3 41 232000073 113000422 23 
2021-01-01T23:35:52 0 0 경기79바1608 3 41 232000073 113000420 24 
2021-01-01T23:36:52 0 0 경기79바1608 3 41 232000073 113000420 24 
2021-01-01T23:37:51 0 0 경기79바1608 3 41 232000073 113000419 25 
2021-01-01T23:38:51 0 0 경기79바1608 3 41 232000073 113000418 26 
2021-01-01T23:39:50 0 0 경기79바1608 3 41 232000073 113000418 26 
2021-01-01T23:40:50 0 0 경기79바1608 3 41 232000073 113000477 27 
2021-01-01T23:41:50 0 0 경기79바1608 3 41 232000073 113000477 27 
2021-01-01T23:42:50 0 0 경기79바1608 3 41 232000073 112000430 28 
2021-01-01T23:43:49 0 0 경기79바1608 3 41 232000073 101000304 29 
2021-01-01T23:44:48 0 0 경기79바1608 3 41 232000073 101000304 29 
2021-01-01T23:45:48 0 0 경기79바1608 3 41 232000073 101000304 29 
2021-01-01T23:46:47 0 0 경기79바1608 3 41 232000073 100000380 30 
2021-01-01T23:47:47 0 0 경기79바1608 3 41 232000073 100000380 30 
2021-01-01T23:48:46 0 0 경기79바1608 3 41 232000073 100000025 31 
2021-01-01T23:49:46 0 0 경기79바1608 3 41 232000073 100000025 31 
2021-01-01T23:50:45 0 0 경기79바1608 3 41 232000073 100000025 31 
2021-01-01T23:51:45 0 0 경기79바1608 3 41 232000073 100000025 31 
2021-01-01T23:52:44 0 0 경기79바1608 3 41 232000073 100000025 31 
2021-01-01T23:53:44 0 0 경기79바1608 3 41 232000073 100000025 31 
2021-01-01T23:54:43 0 0 경기79바1608 3 41 232000073 100000025 31 
2021-01-01T23:55:43 0 0 경기79바1608 3 41 232000073 100000025 31 
2021-01-01T23:56:42 0 0 경기79바1608 3 41 232000073 101000038 32 
2021-01-01T23:57:42 0 0 경기79바1608 3 41 232000073 101000038 32 
2021-01-01T23:58:41 0 0 경기79바1608 3 41 232000073 101000038 32 
2021-01-01T23:59:41 0 0 경기79바1608 3 41 232000073 101000038 32 
2021-01-02T00:00:40 0 0 경기79바1608 3 41 232000073 277101975 33 
2021-01-02T00:01:40 0 0 경기79바1608 3 41 232000073 112000170 34 
2021-01-02T00:02:39 0 0 경기79바1608 3 41 232000073 113000478 35 
2021-01-02T00:03:39 0 0 경기79바1608 3 41 232000073 113000478 35 
2021-01-02T00:04:38 0 0 경기79바1608 3 41 232000073 113000478 35 
2021-01-02T00:05:38 0 0 경기79바1608 3 41 232000073 113000478 35 
2021-01-02T00:06:37 0 0 경기79바1608 3 41 232000073 113000411 36 
2021-01-02T00:07:36 0 0 경기79바1608 3 41 232000073 113000411 36 
2021-01-02T00:08:37 0 0 경기79바1608 3 41 232000073 113000417 37 
2021-01-02T00:09:36 0 0 경기79바1608 3 41 232000073 113000417 37 
2021-01-02T00:10:36 0 0 경기79바1608 3 41 232000073 113000416 38 
2021-01-02T00:11:35 0 0 경기79바1608 3 41 232000073 113000416 38 
2021-01-02T00:12:34 0 0 경기79바1608 3 39 232000073 113000414 39 
2021-01-02T00:13:33 0 0 경기79바1608 3 39 232000073 277102199 40 
2021-01-02T00:14:33 0 0 경기79바1608 3 39 232000073 277102199 40 
2021-01-02T00:15:31 0 0 경기79바1608 3 39 232000073 113000412 42 
2021-01-02T00:16:31 0 0 경기79바1608 3 39 232000073 113000412 42 
2021-01-02T00:17:31 0 0 경기79바1608 3 39 232000073 113000412 42 
2021-01-02T00:18:30 0 0 경기79바1608 3 39 232000073 113000412 42 
2021-01-02T00:19:29 0 0 경기79바1608 3 39 232000073 113000412 42 
2021-01-02T00:20:29 0 0 경기79바1608 3 39 232000073 277103529 43 
2021-01-02T00:21:28 0 0 경기79바1608 3 39 232000073 277103529 43 
2021-01-02T00:22:28 0 0 경기79바1608 3 39 232000073 277103529 43 
2021-01-02T00:23:27 0 0 경기79바1608 3 39 232000073 277103529 43 
2021-01-02T00:24:27 0 0 경기79바1608 3 39 232000073 277103402 44 
2021-01-02T00:25:26 0 0 경기79바1608 3 39 232000073 277103402 44 
2021-01-02T00:26:26 0 0 경기79바1608 3 39 232000073 277103402 44 
2021-01-02T00:27:25 0 0 경기79바1608 3 39 232000073 277103401 45 
2021-01-02T00:28:24 0 0 경기79바1608 3 39 232000073 277103401 45 
2021-01-02T00:29:24 0 0 경기79바1608 3 39 232000073 277103401 45 
2021-01-02T00:30:23 0 0 경기79바1608 3 39 232000073 277103401 45 
2021-01-02T00:31:23 0 0 경기79바1608 3 39 232000073 277103401 45 
2021-01-02T00:32:22 0 0 경기79바1608 3 39 232000073 277103401 45 
2021-01-02T00:33:22 0 0 경기79바1608 3 39 232000073 232000432 46 
2021-01-02T00:34:21 0 0 경기79바1608 3 39 232000073 232000432 46 
2021-01-02T00:35:21 0 0 경기79바1608 3 39 232000073 232000432 46 
2021-01-02T00:36:20 0 0 경기79바1608 3 39 232000073 232000432 46 
2021-01-02T00:37:20 0 0 경기79바1608 3 39 232000073 232000432 46 
2021-01-02T00:38:20 0 0 경기79바1608 3 39 232000073 232000429 47 
2021-01-02T00:39:19 0 0 경기79바1608 3 39 232000073 232000354 48 
2021-01-02T00:40:19 0 0 경기79바1608 3 38 232000073 232000354 48 
2021-01-02T00:41:18 0 0 경기79바1608 3 38 232000073 232000353 49 
2021-01-02T00:42:18 0 0 경기79바1608 3 39 232000073 232000352 50 
2021-01-02T00:43:18 0 0 경기79바1608 3 39 232000073 232000351 51 
2021-01-02T00:44:18 0 0 경기79바1608 3 39 232000073 232000001 53 
2021-01-02T00:45:17 0 0 경기79바1608 3 39 232000073 232000001 53 
2021-01-02T00:46:17 0 0 경기79바1608 3 39 232000073 232000001 53 
2021-01-02T00:47:17 0 0 경기79바1608 3 39 232000073 168000447 54 
2021-01-02T00:48:16 0 0 경기79바1608 3 39 232000073 168000447 54 
2021-01-02T00:49:16 0 0 경기79바1608 3 40 232000073 168000443 55 
2021-01-02T00:50:15 0 0 경기79바1608 3 40 232000073 168000443 55 
2021-01-02T00:51:15 0 0 경기79바1608 3 40 232000073 168000437 56 
2021-01-02T00:52:14 0 0 경기79바1608 3 40 232000073 168000437 56 
