232000073 2021-01-03T00:25:16.183807+09:00
2021-01-03T05:03:33 0 0 경기79바1612 3 40 232000073 168000407 2 
2021-01-03T05:04:33 0 0 경기79바1612 3 40 232000073 168000407 2 
2021-01-03T05:05:33 0 0 경기79바1612 3 40 232000073 168000407 2 
2021-01-03T05:06:33 0 0 경기79바1612 3 40 232000073 168000442 4 
2021-01-03T05:07:33 0 0 경기79바1612 3 40 232000073 168000446 5 
2021-01-03T05:08:33 0 0 경기79바1612 3 40 232000073 168000446 5 
2021-01-03T05:09:32 0 0 경기79바1612 3 40 232000073 232000349 6 
2021-01-03T05:10:31 0 0 경기79바1612 3 40 232000073 232000349 6 
2021-01-03T05:11:31 0 0 경기79바1612 3 40 232000073 232000347 8 
2021-01-03T05:12:30 0 0 경기79바1612 3 40 232000073 232000347 8 
2021-01-03T05:13:29 0 0 경기79바1612 3 40 232000073 232000347 8 
2021-01-03T05:14:29 0 0 경기79바1612 3 40 232000073 232000346 9 
2021-01-03T05:15:29 0 0 경기79바1612 3 39 232000073 232000345 10 
2021-01-03T05:16:28 0 0 경기79바1612 3 39 232000073 232000360 12 
2021-01-03T05:17:28 0 0 경기79바1612 3 39 232000073 232000360 12 
2021-01-03T05:18:28 0 0 경기79바1612 3 39 232000073 232000360 12 
2021-01-03T05:19:27 0 0 경기79바1612 3 39 232000073 232000359 13 
2021-01-03T05:20:26 0 0 경기79바1612 3 39 232000073 232000359 13 
2021-01-03T05:21:27 0 0 경기79바1612 3 39 232000073 232000359 13 
2021-01-03T05:22:26 0 0 경기79바1612 3 39 232000073 232000359 13 
2021-01-03T05:23:26 0 0 경기79바1612 3 39 232000073 232000356 14 
2021-01-03T05:24:26 0 0 경기79바1612 3 39 232000073 232000356 14 
2021-01-03T05:25:26 0 0 경기79바1612 3 39 232000073 232000356 14 
2021-01-03T05:26:25 0 0 경기79바1612 3 39 232000073 277103819 15 
2021-01-03T05:27:25 0 0 경기79바1612 3 39 232000073 277103819 15 
2021-01-03T05:28:24 0 0 경기79바1612 3 39 232000073 277101769 16 
2021-01-03T05:29:24 0 0 경기79바1612 3 39 232000073 277101769 16 
2021-01-03T05:30:24 0 0 경기79바1612 3 39 232000073 277101769 16 
2021-01-03T05:31:23 0 0 경기79바1612 3 39 232000073 277101769 16 
2021-01-03T05:32:23 0 0 경기79바1612 3 39 232000073 277103403 17 
2021-01-03T05:33:22 0 0 경기79바1612 3 39 232000073 277103403 17 
2021-01-03T05:34:22 0 0 경기79바1612 3 39 232000073 277103404 18 
2021-01-03T05:35:22 0 0 경기79바1612 3 39 232000073 277103406 19 
2021-01-03T05:36:22 0 0 경기79바1612 3 39 232000073 277103406 19 
2021-01-03T05:37:21 0 0 경기79바1612 3 39 232000073 277103410 20 
2021-01-03T05:38:21 0 0 경기79바1612 3 39 232000073 277103410 20 
2021-01-03T05:39:20 0 0 경기79바1612 3 39 232000073 113000424 21 
2021-01-03T05:40:20 0 0 경기79바1612 3 40 232000073 113000424 21 
2021-01-03T05:41:19 0 0 경기79바1612 3 40 232000073 277102197 22 
2021-01-03T05:42:19 0 0 경기79바1612 3 40 232000073 277102197 22 
2021-01-03T05:43:19 0 0 경기79바1612 3 40 232000073 277102197 22 
2021-01-03T05:44:19 0 0 경기79바1612 3 40 232000073 113000422 23 
2021-01-03T05:45:18 0 0 경기79바1612 3 40 232000073 113000422 23 
2021-01-03T05:46:18 0 0 경기79바1612 3 40 232000073 113000422 23 
2021-01-03T05:47:17 0 0 경기79바1612 3 40 232000073 113000420 24 
2021-01-03T05:48:17 0 0 경기79바1612 3 40 232000073 113000420 24 
2021-01-03T05:49:17 0 0 경기79바1612 3 40 232000073 113000419 25 
2021-01-03T05:50:16 0 0 경기79바1612 3 40 232000073 113000418 26 
2021-01-03T05:51:16 0 0 경기79바1612 3 40 232000073 113000418 26 
2021-01-03T05:52:16 0 0 경기79바1612 3 40 232000073 113000477 27 
2021-01-03T05:53:16 0 0 경기79바1612 3 40 232000073 113000477 27 
2021-01-03T05:54:15 0 0 경기79바1612 3 40 232000073 113000477 27 
2021-01-03T05:55:15 0 0 경기79바1612 3 40 232000073 113000477 27 
2021-01-03T05:56:14 0 0 경기79바1612 3 40 232000073 113000477 27 
2021-01-03T05:57:14 0 0 경기79바1612 3 40 232000073 112000430 28 
2021-01-03T05:58:13 0 0 경기79바1612 3 40 232000073 101000304 29 
2021-01-03T05:59:13 0 0 경기79바1612 3 40 232000073 101000304 29 
2021-01-03T06:00:13 0 0 경기79바1612 3 40 232000073 100000380 30 
2021-01-03T06:01:12 0 0 경기79바1612 3 40 232000073 100000380 30 
2021-01-03T06:02:12 0 0 경기79바1612 3 40 232000073 100000025 31 
2021-01-03T06:03:12 0 0 경기79바1612 3 41 232000073 100000025 31 
2021-01-03T06:04:12 0 0 경기79바1612 3 41 232000073 101000038 32 
2021-01-03T06:05:11 0 0 경기79바1612 3 41 232000073 101000038 32 
2021-01-03T06:06:11 0 0 경기79바1612 3 39 232000073 101000038 32 
2021-01-03T06:07:11 0 0 경기79바1612 3 39 232000073 101000038 32 
2021-01-03T06:08:11 0 0 경기79바1612 3 39 232000073 101000038 32 
2021-01-03T06:09:10 0 0 경기79바1612 3 39 232000073 101000038 32 
2021-01-03T06:10:10 0 0 경기79바1612 3 39 232000073 101000038 32 
2021-01-03T06:11:10 0 0 경기79바1612 3 39 232000073 112000170 34 
2021-01-03T06:12:10 0 0 경기79바1612 3 39 232000073 112000170 34 
2021-01-03T06:13:09 0 0 경기79바1612 3 39 232000073 113000478 35 
2021-01-03T06:14:09 0 0 경기79바1612 3 39 232000073 113000478 35 
2021-01-03T06:15:09 0 0 경기79바1612 3 39 232000073 113000478 35 
2021-01-03T06:16:09 0 0 경기79바1612 3 39 232000073 113000411 36 
2021-01-03T06:17:09 0 0 경기79바1612 3 39 232000073 113000411 36 
2021-01-03T06:18:09 0 0 경기79바1612 3 39 232000073 113000411 36 
2021-01-03T06:19:08 0 0 경기79바1612 3 39 232000073 113000416 38 
2021-01-03T06:20:08 0 0 경기79바1612 3 39 232000073 113000416 38 
2021-01-03T06:21:07 0 0 경기79바1612 3 39 232000073 113000416 38 
2021-01-03T06:22:07 0 0 경기79바1612 3 39 232000073 113000416 38 
2021-01-03T06:23:07 0 0 경기79바1612 3 39 232000073 113000416 38 
2021-01-03T06:24:07 0 0 경기79바1612 3 39 232000073 113000414 39 
2021-01-03T06:25:07 0 0 경기79바1612 3 39 232000073 277102199 40 
2021-01-03T06:26:06 0 0 경기79바1612 3 39 232000073 277102199 40 
2021-01-03T06:27:06 0 0 경기79바1612 3 39 232000073 277102198 41 
2021-01-03T06:28:05 0 0 경기79바1612 3 39 232000073 113000412 42 
2021-01-03T06:29:05 0 0 경기79바1612 3 39 232000073 113000412 42 
2021-01-03T06:30:04 0 0 경기79바1612 3 39 232000073 113000412 42 
2021-01-03T06:31:04 0 0 경기79바1612 3 39 232000073 277103529 43 
2021-01-03T06:32:04 0 0 경기79바1612 3 39 232000073 277103529 43 
2021-01-03T06:33:04 0 0 경기79바1612 3 39 232000073 277103529 43 
2021-01-03T06:34:03 0 0 경기79바1612 3 39 232000073 277103529 43 
2021-01-03T06:35:03 0 0 경기79바1612 3 39 232000073 277103402 44 
2021-01-03T06:36:02 0 0 경기79바1612 3 39 232000073 277103402 44 
2021-01-03T06:37:02 0 0 경기79바1612 3 39 232000073 277103402 44 
2021-01-03T06:38:01 0 0 경기79바1612 3 39 232000073 277103401 45 
2021-01-03T06:39:01 0 0 경기79바1612 3 39 232000073 277103401 45 
2021-01-03T06:40:01 0 0 경기79바1612 3 39 232000073 277103401 45 
2021-01-03T06:41:01 0 0 경기79바1612 3 39 232000073 277103401 45 
2021-01-03T06:42:00 0 0 경기79바1612 3 39 232000073 232000432 46 
2021-01-03T06:43:00 0 0 경기79바1612 3 39 232000073 232000432 46 
2021-01-03T06:43:59 0 0 경기79바1612 3 39 232000073 232000432 46 
2021-01-03T06:44:59 0 0 경기79바1612 3 39 232000073 232000432 46 
2021-01-03T06:45:58 0 0 경기79바1612 3 41 232000073 232000429 47 
2021-01-03T06:46:57 0 0 경기79바1612 3 41 232000073 232000429 47 
2021-01-03T06:47:57 0 0 경기79바1612 3 41 232000073 232000429 47 
2021-01-03T06:48:57 0 0 경기79바1612 3 41 232000073 232000429 47 
2021-01-03T06:49:56 0 0 경기79바1612 3 41 232000073 232000353 49 
2021-01-03T06:50:55 0 0 경기79바1612 3 41 232000073 232000353 49 
2021-01-03T06:51:54 0 0 경기79바1612 3 41 232000073 232000352 50 
2021-01-03T06:52:54 0 0 경기79바1612 3 41 232000073 232000350 52 
2021-01-03T06:53:53 0 0 경기79바1612 3 41 232000073 232000350 52 
2021-01-03T06:54:52 0 0 경기79바1612 3 41 232000073 232000001 53 
2021-01-03T06:55:51 0 0 경기79바1612 3 41 232000073 232000001 53 
2021-01-03T06:56:51 0 0 경기79바1612 3 41 232000073 232000001 53 
2021-01-03T06:57:51 0 0 경기79바1612 3 41 232000073 168000447 54 
2021-01-03T06:58:51 0 0 경기79바1612 3 41 232000073 168000447 54 
2021-01-03T06:59:50 0 0 경기79바1612 3 41 232000073 168000437 56 
2021-01-03T07:29:36 0 0 경기79바1609 3 41 232000073 168000561 1 
2021-01-03T07:30:36 0 0 경기79바1609 3 41 232000073 168000561 1 
2021-01-03T07:31:36 0 0 경기79바1609 3 41 232000073 168000561 1 
2021-01-03T07:32:35 0 0 경기79바1609 3 41 232000073 168000407 2 
2021-01-03T07:33:35 0 0 경기79바1609 3 41 232000073 168000407 2 
2021-01-03T07:34:35 0 0 경기79바1609 3 41 232000073 168000407 2 
2021-01-03T07:35:34 0 0 경기79바1609 3 41 232000073 168000407 2 
2021-01-03T07:36:33 0 0 경기79바1609 3 41 232000073 168000436 3 
2021-01-03T07:37:32 0 0 경기79바1609 3 41 232000073 168000436 3 
2021-01-03T07:38:32 0 0 경기79바1609 3 40 232000073 168000446 5 
2021-01-03T07:39:31 0 0 경기79바1609 3 40 232000073 168000446 5 
2021-01-03T07:40:31 0 0 경기79바1609 3 40 232000073 168000446 5 
2021-01-03T07:41:30 0 0 경기79바1609 3 40 232000073 168000446 5 
2021-01-03T07:42:30 0 0 경기79바1609 3 40 232000073 168000446 5 
2021-01-03T07:43:29 0 0 경기79바1609 3 41 232000073 232000349 6 
2021-01-03T07:44:28 0 0 경기79바1609 3 40 232000073 232000349 6 
2021-01-03T07:45:27 0 0 경기79바1609 3 39 232000073 232000348 7 
2021-01-03T07:46:27 0 0 경기79바1609 3 39 232000073 232000347 8 
2021-01-03T07:47:26 0 0 경기79바1609 3 38 232000073 232000347 8 
2021-01-03T07:48:26 0 0 경기79바1609 3 38 232000073 232000346 9 
2021-01-03T07:49:25 0 0 경기79바1609 3 38 232000073 232000344 11 
2021-01-03T07:50:24 0 0 경기79바1609 3 38 232000073 232000344 11 
2021-01-03T07:51:24 0 0 경기79바1609 3 38 232000073 232000360 12 
2021-01-03T07:52:24 0 0 경기79바1609 3 38 232000073 232000360 12 
2021-01-03T07:53:23 0 0 경기79바1609 3 38 232000073 232000359 13 
2021-01-03T07:54:22 0 0 경기79바1609 3 38 232000073 232000359 13 
2021-01-03T07:55:22 0 0 경기79바1609 3 38 232000073 232000359 13 
2021-01-03T07:56:22 0 0 경기79바1609 3 38 232000073 232000359 13 
2021-01-03T07:57:21 0 0 경기79바1609 3 35 232000073 232000356 14 
2021-01-03T07:58:20 0 0 경기79바1609 3 35 232000073 232000356 14 
2021-01-03T07:59:19 0 0 경기79바1609 3 35 232000073 277103819 15 
2021-01-03T08:00:18 0 0 경기79바1609 3 35 232000073 277103819 15 
2021-01-03T08:01:18 0 0 경기79바1609 3 35 232000073 277103819 15 
2021-01-03T08:02:18 0 0 경기79바1609 3 35 232000073 277101769 16 
2021-01-03T08:03:18 0 0 경기79바1609 3 35 232000073 277101769 16 
2021-01-03T08:04:17 0 0 경기79바1609 3 35 232000073 277101769 16 
2021-01-03T08:05:17 0 0 경기79바1609 3 35 232000073 277103403 17 
2021-01-03T08:06:17 0 0 경기79바1609 3 35 232000073 277103403 17 
2021-01-03T08:07:16 0 0 경기79바1609 3 35 232000073 277103403 17 
2021-01-03T08:08:15 0 0 경기79바1609 3 35 232000073 277103404 18 
2021-01-03T08:09:15 0 0 경기79바1609 3 35 232000073 277103406 19 
2021-01-03T08:10:15 0 0 경기79바1609 3 35 232000073 277103406 19 
2021-01-03T08:11:15 0 0 경기79바1609 3 35 232000073 277103410 20 
2021-01-03T08:12:15 0 0 경기79바1609 3 35 232000073 113000424 21 
2021-01-03T08:13:14 0 0 경기79바1609 3 35 232000073 113000424 21 
2021-01-03T08:14:14 0 0 경기79바1609 3 35 232000073 113000424 21 
2021-01-03T08:15:14 0 0 경기79바1609 3 38 232000073 277102197 22 
2021-01-03T08:16:13 0 0 경기79바1609 3 38 232000073 277102197 22 
2021-01-03T08:17:13 0 0 경기79바1609 3 38 232000073 113000422 23 
2021-01-03T08:18:11 0 0 경기79바1609 3 38 232000073 113000422 23 
2021-01-03T08:19:11 0 0 경기79바1609 3 38 232000073 113000422 23 
2021-01-03T08:20:10 0 0 경기79바1609 3 38 232000073 113000420 24 
2021-01-03T08:21:10 0 0 경기79바1609 3 39 232000073 113000420 24 
2021-01-03T08:22:10 0 0 경기79바1609 3 39 232000073 113000420 24 
2021-01-03T08:23:09 0 0 경기79바1609 3 39 232000073 113000419 25 
2021-01-03T08:24:08 0 0 경기79바1609 3 39 232000073 113000419 25 
2021-01-03T08:25:07 0 0 경기79바1609 3 39 232000073 113000418 26 
2021-01-03T08:26:07 0 0 경기79바1609 3 39 232000073 113000418 26 
2021-01-03T08:27:06 0 0 경기79바1609 3 39 232000073 113000418 26 
2021-01-03T08:28:05 0 0 경기79바1609 3 39 232000073 113000477 27 
2021-01-03T08:29:05 0 0 경기79바1609 3 39 232000073 113000477 27 
2021-01-03T08:30:05 0 0 경기79바1609 3 40 232000073 113000477 27 
2021-01-03T08:31:04 0 0 경기79바1609 3 40 232000073 112000430 28 
2021-01-03T08:32:03 0 0 경기79바1609 3 40 232000073 112000430 28 
2021-01-03T08:33:03 0 0 경기79바1609 3 40 232000073 101000304 29 
2021-01-03T08:34:03 0 0 경기79바1609 3 40 232000073 101000304 29 
2021-01-03T08:35:03 0 0 경기79바1609 3 40 232000073 101000304 29 
2021-01-03T08:36:02 0 0 경기79바1609 3 40 232000073 100000380 30 
2021-01-03T08:37:03 0 0 경기79바1609 3 40 232000073 100000380 30 
2021-01-03T08:38:02 0 0 경기79바1609 3 40 232000073 100000380 30 
2021-01-03T08:39:02 0 0 경기79바1609 3 39 232000073 100000025 31 
2021-01-03T08:40:01 0 0 경기79바1609 3 39 232000073 100000025 31 
2021-01-03T08:41:00 0 0 경기79바1609 3 40 232000073 101000038 32 
2021-01-03T08:42:00 0 0 경기79바1609 3 40 232000073 101000038 32 
2021-01-03T08:42:59 0 0 경기79바1609 3 40 232000073 112000170 34 
2021-01-03T08:43:59 0 0 경기79바1609 3 40 232000073 112000170 34 
2021-01-03T08:44:59 0 0 경기79바1609 3 40 232000073 113000478 35 
2021-01-03T08:45:58 0 0 경기79바1609 3 40 232000073 113000411 36 
2021-01-03T08:46:57 0 0 경기79바1609 3 40 232000073 113000411 36 
2021-01-03T08:47:56 0 0 경기79바1609 3 40 232000073 113000417 37 
2021-01-03T08:48:55 0 0 경기79바1609 3 39 232000073 113000416 38 
2021-01-03T08:49:55 0 0 경기79바1609 3 39 232000073 113000416 38 
2021-01-03T08:50:54 0 0 경기79바1609 3 39 232000073 113000416 38 
2021-01-03T08:51:54 0 0 경기79바1609 3 39 232000073 113000416 38 
2021-01-03T08:52:53 0 0 경기79바1609 3 39 232000073 113000414 39 
2021-01-03T08:53:52 0 0 경기79바1609 3 39 232000073 113000414 39 
2021-01-03T08:54:51 0 0 경기79바1609 3 39 232000073 277102199 40 
2021-01-03T08:55:52 0 0 경기79바1609 3 39 232000073 277102199 40 
2021-01-03T08:56:51 0 0 경기79바1609 3 39 232000073 277102198 41 
2021-01-03T08:57:50 0 0 경기79바1609 3 39 232000073 113000412 42 
2021-01-03T08:58:49 0 0 경기79바1609 3 39 232000073 113000412 42 
2021-01-03T08:59:48 0 0 경기79바1609 3 39 232000073 113000412 42 
2021-01-03T09:00:47 0 0 경기79바1609 3 39 232000073 277103529 43 
2021-01-03T09:01:47 0 0 경기79바1609 3 39 232000073 277103529 43 
2021-01-03T09:02:46 0 0 경기79바1609 3 39 232000073 277103529 43 
2021-01-03T09:03:46 0 0 경기79바1609 3 39 232000073 277103529 43 
2021-01-03T09:04:44 0 0 경기79바1609 3 39 232000073 277103402 44 
2021-01-03T09:05:45 0 0 경기79바1609 3 39 232000073 277103402 44 
2021-01-03T09:06:44 0 0 경기79바1609 3 39 232000073 277103402 44 
2021-01-03T09:07:43 0 0 경기79바1609 3 39 232000073 277103401 45 
2021-01-03T09:08:43 0 0 경기79바1609 3 39 232000073 277103401 45 
2021-01-03T09:09:42 0 0 경기79바1609 3 39 232000073 277103401 45 
2021-01-03T09:10:41 0 0 경기79바1609 3 39 232000073 277103401 45 
2021-01-03T09:11:41 0 0 경기79바1609 3 39 232000073 277103401 45 
2021-01-03T09:12:40 0 0 경기79바1609 3 40 232000073 232000432 46 
2021-01-03T09:13:40 0 0 경기79바1609 3 41 232000073 232000432 46 
2021-01-03T09:14:40 0 0 경기79바1609 3 41 232000073 232000432 46 
2021-01-03T09:15:40 0 0 경기79바1609 3 41 232000073 232000432 46 
2021-01-03T09:16:40 0 0 경기79바1609 3 41 232000073 232000429 47 
2021-01-03T09:17:39 0 0 경기79바1609 3 41 232000073 232000429 47 
2021-01-03T09:18:38 0 0 경기79바1609 3 41 232000073 232000429 47 
2021-01-03T09:19:39 0 0 경기79바1609 3 41 232000073 232000429 47 
2021-01-03T09:20:38 0 0 경기79바1609 3 41 232000073 232000353 49 
2021-01-03T09:21:38 0 0 경기79바1609 3 41 232000073 232000353 49 
2021-01-03T09:22:37 0 0 경기79바1609 3 41 232000073 232000352 50 
2021-01-03T09:23:36 0 0 경기79바1609 3 41 232000073 232000352 50 
2021-01-03T09:24:35 0 0 경기79바1609 3 41 232000073 232000350 52 
2021-01-03T09:25:35 0 0 경기79바1609 3 41 232000073 232000350 52 
2021-01-03T09:26:35 0 0 경기79바1609 3 41 232000073 232000350 52 
2021-01-03T09:27:33 0 0 경기79바1609 3 41 232000073 232000001 53 
2021-01-03T09:28:34 0 0 경기79바1609 3 41 232000073 232000001 53 
2021-01-03T09:29:34 0 0 경기79바1609 3 41 232000073 232000001 53 
2021-01-03T09:30:33 0 0 경기79바1609 3 41 232000073 168000447 54 
2021-01-03T09:31:32 0 0 경기79바1609 3 41 232000073 168000447 54 
2021-01-03T09:32:32 0 0 경기79바1609 3 41 232000073 168000447 54 
2021-01-03T09:33:32 0 0 경기79바1609 3 41 232000073 168000437 56 
2021-01-03T09:34:31 0 0 경기79바1609 3 41 232000073 168000437 56 
2021-01-03T09:53:19 0 0 경기79바1612 3 41 232000073 168000561 1 
2021-01-03T09:54:19 0 0 경기79바1612 3 41 232000073 168000407 2 
2021-01-03T09:55:19 0 0 경기79바1612 3 41 232000073 168000407 2 
2021-01-03T09:56:19 0 0 경기79바1612 3 41 232000073 168000407 2 
2021-01-03T09:57:18 0 0 경기79바1612 3 41 232000073 168000407 2 
2021-01-03T09:58:17 0 0 경기79바1612 3 41 232000073 168000436 3 
2021-01-03T09:59:17 0 0 경기79바1612 3 40 232000073 168000446 5 
2021-01-03T10:00:17 0 0 경기79바1612 3 40 232000073 168000446 5 
2021-01-03T10:01:18 0 0 경기79바1612 3 40 232000073 168000446 5 
2021-01-03T10:02:17 0 0 경기79바1612 3 40 232000073 168000446 5 
2021-01-03T10:03:17 0 0 경기79바1612 3 40 232000073 168000446 5 
2021-01-03T10:04:16 0 0 경기79바1612 3 40 232000073 232000349 6 
2021-01-03T10:05:16 0 0 경기79바1612 3 38 232000073 232000348 7 
2021-01-03T10:06:15 0 0 경기79바1612 3 37 232000073 232000347 8 
2021-01-03T10:07:14 0 0 경기79바1612 3 36 232000073 232000347 8 
2021-01-03T10:08:13 0 0 경기79바1612 3 36 232000073 232000347 8 
2021-01-03T10:09:14 0 0 경기79바1612 3 36 232000073 232000346 9 
2021-01-03T10:10:13 0 0 경기79바1612 3 36 232000073 232000345 10 
2021-01-03T10:11:13 0 0 경기79바1612 3 35 232000073 232000360 12 
2021-01-03T10:12:12 0 0 경기79바1612 3 35 232000073 232000360 12 
2021-01-03T10:13:12 0 0 경기79바1612 3 34 232000073 232000359 13 
2021-01-03T10:14:11 0 0 경기79바1612 3 34 232000073 232000359 13 
2021-01-03T10:15:10 0 0 경기79바1612 3 34 232000073 232000359 13 
2021-01-03T10:16:10 0 0 경기79바1612 3 34 232000073 232000359 13 
2021-01-03T10:17:10 0 0 경기79바1612 3 34 232000073 232000359 13 
2021-01-03T10:18:09 0 0 경기79바1612 3 34 232000073 232000356 14 
2021-01-03T10:19:09 0 0 경기79바1612 3 34 232000073 232000356 14 
2021-01-03T10:20:08 0 0 경기79바1612 3 34 232000073 277103819 15 
2021-01-03T10:21:07 0 0 경기79바1612 3 34 232000073 277103819 15 
2021-01-03T10:22:06 0 0 경기79바1612 3 34 232000073 277103819 15 
2021-01-03T10:23:05 0 0 경기79바1612 3 34 232000073 277101769 16 
2021-01-03T10:24:05 0 0 경기79바1612 3 34 232000073 277101769 16 
2021-01-03T10:25:05 0 0 경기79바1612 3 34 232000073 277101769 16 
2021-01-03T10:26:05 0 0 경기79바1612 3 34 232000073 277103403 17 
2021-01-03T10:27:05 0 0 경기79바1612 3 34 232000073 277103403 17 
2021-01-03T10:28:04 0 0 경기79바1612 3 34 232000073 277103403 17 
2021-01-03T10:29:04 0 0 경기79바1612 3 34 232000073 277103404 18 
2021-01-03T10:30:04 0 0 경기79바1612 3 34 232000073 277103406 19 
2021-01-03T10:31:03 0 0 경기79바1612 3 34 232000073 277103410 20 
2021-01-03T10:32:02 0 0 경기79바1612 3 34 232000073 277103410 20 
2021-01-03T10:33:02 0 0 경기79바1612 3 38 232000073 113000424 21 
2021-01-03T10:34:01 0 0 경기79바1612 3 38 232000073 113000424 21 
2021-01-03T10:35:01 0 0 경기79바1612 3 38 232000073 113000424 21 
2021-01-03T10:36:01 0 0 경기79바1612 3 38 232000073 277102197 22 
2021-01-03T10:37:00 0 0 경기79바1612 3 38 232000073 277102197 22 
2021-01-03T10:37:59 0 0 경기79바1612 3 38 232000073 113000422 23 
2021-01-03T10:38:58 0 0 경기79바1612 3 39 232000073 113000422 23 
2021-01-03T10:39:58 0 0 경기79바1612 3 39 232000073 113000420 24 
2021-01-03T10:40:57 0 0 경기79바1612 3 40 232000073 113000420 24 
2021-01-03T10:41:57 0 0 경기79바1612 3 40 232000073 113000419 25 
2021-01-03T10:42:56 0 0 경기79바1612 3 40 232000073 113000419 25 
2021-01-03T10:43:56 0 0 경기79바1612 3 40 232000073 113000418 26 
2021-01-03T10:44:55 0 0 경기79바1612 3 40 232000073 113000418 26 
2021-01-03T10:45:54 0 0 경기79바1612 3 40 232000073 113000418 26 
2021-01-03T10:46:53 0 0 경기79바1612 3 40 232000073 113000477 27 
2021-01-03T10:47:53 0 0 경기79바1612 3 41 232000073 113000477 27 
2021-01-03T10:48:52 0 0 경기79바1612 3 41 232000073 112000430 28 
2021-01-03T10:49:51 0 0 경기79바1612 3 41 232000073 101000304 29 
2021-01-03T10:50:51 0 0 경기79바1612 3 41 232000073 101000304 29 
2021-01-03T10:51:51 0 0 경기79바1612 3 41 232000073 100000380 30 
2021-01-03T10:52:51 0 0 경기79바1612 3 41 232000073 100000380 30 
2021-01-03T10:53:51 0 0 경기79바1612 3 41 232000073 100000380 30 
2021-01-03T10:54:51 0 0 경기79바1612 3 41 232000073 100000025 31 
2021-01-03T10:55:50 0 0 경기79바1612 3 41 232000073 100000025 31 
2021-01-03T10:56:50 0 0 경기79바1612 3 41 232000073 101000038 32 
2021-01-03T10:57:49 0 0 경기79바1612 3 41 232000073 101000038 32 
2021-01-03T10:58:48 0 0 경기79바1612 3 41 232000073 101000038 32 
2021-01-03T10:59:48 0 0 경기79바1612 3 41 232000073 101000038 32 
2021-01-03T11:00:47 0 0 경기79바1612 3 41 232000073 112000170 34 
2021-01-03T11:01:47 0 0 경기79바1612 3 41 232000073 113000478 35 
2021-01-03T11:02:47 0 0 경기79바1612 3 41 232000073 113000478 35 
2021-01-03T11:03:46 0 0 경기79바1612 3 41 232000073 113000478 35 
2021-01-03T11:04:45 0 0 경기79바1612 3 41 232000073 113000478 35 
2021-01-03T11:05:44 0 0 경기79바1612 3 41 232000073 113000411 36 
2021-01-03T11:06:44 0 0 경기79바1612 3 41 232000073 113000411 36 
2021-01-03T11:07:43 0 0 경기79바1612 3 41 232000073 113000411 36 
2021-01-03T11:08:43 0 0 경기79바1612 3 41 232000073 113000416 38 
2021-01-03T11:09:42 0 0 경기79바1612 3 40 232000073 113000416 38 
2021-01-03T11:10:42 0 0 경기79바1612 3 40 232000073 113000416 38 
2021-01-03T11:11:42 0 0 경기79바1612 3 40 232000073 113000414 39 
2021-01-03T11:12:42 0 0 경기79바1612 3 36 232000073 277102199 40 
2021-01-03T11:13:42 0 0 경기79바1612 3 36 232000073 277102199 40 
2021-01-03T11:14:42 0 0 경기79바1612 3 36 232000073 277102199 40 
2021-01-03T11:15:42 0 0 경기79바1612 3 36 232000073 277102198 41 
2021-01-03T11:16:41 0 0 경기79바1612 3 36 232000073 113000412 42 
2021-01-03T11:17:41 0 0 경기79바1612 3 36 232000073 113000412 42 
2021-01-03T11:18:40 0 0 경기79바1612 3 35 232000073 113000412 42 
2021-01-03T11:19:40 0 0 경기79바1612 3 35 232000073 113000412 42 
2021-01-03T11:20:39 0 0 경기79바1612 3 35 232000073 113000412 42 
2021-01-03T11:21:39 0 0 경기79바1612 3 35 232000073 277103529 43 
2021-01-03T11:22:38 0 0 경기79바1612 3 35 232000073 277103529 43 
2021-01-03T11:23:37 0 0 경기79바1612 3 35 232000073 277103529 43 
2021-01-03T11:24:37 0 0 경기79바1612 3 35 232000073 277103402 44 
2021-01-03T11:25:36 0 0 경기79바1612 3 35 232000073 277103402 44 
2021-01-03T11:26:35 0 0 경기79바1612 3 35 232000073 277103402 44 
2021-01-03T11:27:35 0 0 경기79바1612 3 35 232000073 277103401 45 
2021-01-03T11:28:35 0 0 경기79바1612 3 35 232000073 277103401 45 
2021-01-03T11:29:34 0 0 경기79바1612 3 35 232000073 277103401 45 
2021-01-03T11:30:35 0 0 경기79바1612 3 35 232000073 277103401 45 
2021-01-03T11:31:34 0 0 경기79바1612 3 35 232000073 277103401 45 
2021-01-03T11:32:34 0 0 경기79바1612 3 35 232000073 232000432 46 
2021-01-03T11:33:33 0 0 경기79바1612 3 34 232000073 232000432 46 
2021-01-03T11:34:33 0 0 경기79바1612 3 34 232000073 232000432 46 
2021-01-03T11:35:33 0 0 경기79바1612 3 34 232000073 232000432 46 
2021-01-03T11:36:33 0 0 경기79바1612 3 34 232000073 232000429 47 
2021-01-03T11:37:32 0 0 경기79바1612 3 34 232000073 232000429 47 
2021-01-03T11:38:32 0 0 경기79바1612 3 34 232000073 232000429 47 
2021-01-03T11:39:31 0 0 경기79바1612 3 34 232000073 232000429 47 
2021-01-03T11:40:30 0 0 경기79바1612 3 34 232000073 232000353 49 
2021-01-03T11:41:29 0 0 경기79바1612 3 34 232000073 232000353 49 
2021-01-03T11:42:29 0 0 경기79바1612 3 34 232000073 232000352 50 
2021-01-03T11:43:29 0 0 경기79바1612 3 34 232000073 232000352 50 
2021-01-03T11:44:28 0 0 경기79바1612 3 36 232000073 232000351 51 
2021-01-03T11:45:27 0 0 경기79바1612 3 36 232000073 232000350 52 
2021-01-03T11:46:27 0 0 경기79바1612 3 36 232000073 232000350 52 
2021-01-03T11:47:26 0 0 경기79바1612 3 36 232000073 232000001 53 
2021-01-03T11:48:25 0 0 경기79바1612 3 36 232000073 232000001 53 
2021-01-03T11:49:24 0 0 경기79바1612 3 36 232000073 232000001 53 
2021-01-03T11:50:23 0 0 경기79바1612 3 36 232000073 232000001 53 
2021-01-03T11:51:23 0 0 경기79바1612 3 37 232000073 168000447 54 
2021-01-03T11:52:23 0 0 경기79바1612 3 38 232000073 168000447 54 
2021-01-03T11:53:22 0 0 경기79바1612 3 38 232000073 168000437 56 
2021-01-03T12:26:05 0 0 경기79바1609 3 41 232000073 168000561 1 
2021-01-03T12:27:05 0 0 경기79바1609 3 41 232000073 168000561 1 
2021-01-03T12:28:04 0 0 경기79바1609 3 41 232000073 168000561 1 
2021-01-03T12:29:04 0 0 경기79바1609 3 41 232000073 168000407 2 
2021-01-03T12:30:02 0 0 경기79바1609 3 41 232000073 168000407 2 
2021-01-03T12:31:02 0 0 경기79바1609 3 41 232000073 168000407 2 
2021-01-03T12:32:01 0 0 경기79바1609 3 41 232000073 168000436 3 
2021-01-03T12:33:01 0 0 경기79바1609 3 38 232000073 168000442 4 
2021-01-03T12:34:00 0 0 경기79바1609 3 38 232000073 168000442 4 
2021-01-03T12:34:59 0 0 경기79바1609 3 38 232000073 168000446 5 
2021-01-03T12:35:58 0 0 경기79바1609 3 37 232000073 168000446 5 
2021-01-03T12:36:58 0 0 경기79바1609 3 37 232000073 168000446 5 
2021-01-03T12:37:57 0 0 경기79바1609 3 37 232000073 168000446 5 
2021-01-03T12:38:57 0 0 경기79바1609 3 37 232000073 168000446 5 
2021-01-03T12:39:56 0 0 경기79바1609 3 37 232000073 168000446 5 
2021-01-03T12:40:55 0 0 경기79바1609 3 37 232000073 168000446 5 
2021-01-03T12:41:55 0 0 경기79바1609 3 34 232000073 232000349 6 
2021-01-03T12:42:54 0 0 경기79바1609 3 34 232000073 232000349 6 
2021-01-03T12:43:53 0 0 경기79바1609 3 33 232000073 232000348 7 
2021-01-03T12:44:53 0 0 경기79바1609 3 33 232000073 232000347 8 
2021-01-03T12:45:52 0 0 경기79바1609 3 29 232000073 232000347 8 
2021-01-03T12:46:52 0 0 경기79바1609 3 29 232000073 232000346 9 
2021-01-03T12:47:51 0 0 경기79바1609 3 28 232000073 232000346 9 
2021-01-03T12:48:51 0 0 경기79바1609 3 28 232000073 232000345 10 
2021-01-03T12:49:50 0 0 경기79바1609 3 28 232000073 232000360 12 
2021-01-03T12:50:49 0 0 경기79바1609 3 28 232000073 232000359 13 
2021-01-03T12:51:49 0 0 경기79바1609 3 27 232000073 232000359 13 
2021-01-03T12:52:49 0 0 경기79바1609 3 27 232000073 232000359 13 
2021-01-03T12:53:48 0 0 경기79바1609 3 27 232000073 232000359 13 
2021-01-03T12:54:47 0 0 경기79바1609 3 27 232000073 232000356 14 
2021-01-03T12:55:46 0 0 경기79바1609 3 23 232000073 232000356 14 
2021-01-03T12:56:46 0 0 경기79바1609 3 23 232000073 232000356 14 
2021-01-03T12:57:46 0 0 경기79바1609 3 23 232000073 232000356 14 
2021-01-03T12:58:46 0 0 경기79바1609 3 23 232000073 277103819 15 
2021-01-03T12:59:46 0 0 경기79바1609 3 23 232000073 277103819 15 
2021-01-03T13:00:46 0 0 경기79바1609 3 23 232000073 277103819 15 
2021-01-03T13:01:46 0 0 경기79바1609 3 23 232000073 277101769 16 
2021-01-03T13:02:46 0 0 경기79바1609 3 23 232000073 277101769 16 
2021-01-03T13:03:45 0 0 경기79바1609 3 23 232000073 277101769 16 
2021-01-03T13:04:45 0 0 경기79바1609 3 23 232000073 277103403 17 
2021-01-03T13:05:44 0 0 경기79바1609 3 23 232000073 277103403 17 
2021-01-03T13:06:43 0 0 경기79바1609 3 23 232000073 277103403 17 
2021-01-03T13:07:43 0 0 경기79바1609 3 23 232000073 277103404 18 
2021-01-03T13:08:42 0 0 경기79바1609 3 23 232000073 277103406 19 
2021-01-03T13:09:41 0 0 경기79바1609 3 23 232000073 277103406 19 
2021-01-03T13:10:40 0 0 경기79바1609 3 23 232000073 277103410 20 
2021-01-03T13:11:40 0 0 경기79바1609 3 23 232000073 113000424 21 
2021-01-03T13:12:40 0 0 경기79바1609 3 23 232000073 113000424 21 
2021-01-03T13:13:39 0 0 경기79바1609 3 33 232000073 113000424 21 
2021-01-03T13:14:38 0 0 경기79바1609 3 33 232000073 277102197 22 
2021-01-03T13:15:38 0 0 경기79바1609 3 33 232000073 277102197 22 
2021-01-03T13:16:38 0 0 경기79바1609 3 33 232000073 277102197 22 
2021-01-03T13:17:38 0 0 경기79바1609 3 33 232000073 277102197 22 
2021-01-03T13:18:37 0 0 경기79바1609 3 35 232000073 113000422 23 
2021-01-03T13:19:36 0 0 경기79바1609 3 35 232000073 113000422 23 
2021-01-03T13:20:36 0 0 경기79바1609 3 35 232000073 113000422 23 
2021-01-03T13:21:36 0 0 경기79바1609 3 35 232000073 113000420 24 
2021-01-03T13:22:36 0 0 경기79바1609 3 35 232000073 113000420 24 
2021-01-03T13:23:36 0 0 경기79바1609 3 38 232000073 113000419 25 
2021-01-03T13:24:36 0 0 경기79바1609 3 38 232000073 113000419 25 
2021-01-03T13:25:35 0 0 경기79바1609 3 39 232000073 113000418 26 
2021-01-03T13:26:35 0 0 경기79바1609 3 39 232000073 113000418 26 
2021-01-03T13:27:34 0 0 경기79바1609 3 39 232000073 113000418 26 
2021-01-03T13:28:33 0 0 경기79바1609 3 39 232000073 113000477 27 
2021-01-03T13:29:33 0 0 경기79바1609 3 39 232000073 113000477 27 
2021-01-03T13:30:33 0 0 경기79바1609 3 39 232000073 112000430 28 
2021-01-03T13:31:33 0 0 경기79바1609 3 39 232000073 101000304 29 
2021-01-03T13:32:32 0 0 경기79바1609 3 39 232000073 100000380 30 
2021-01-03T13:33:31 0 0 경기79바1609 3 39 232000073 100000380 30 
2021-01-03T13:34:31 0 0 경기79바1609 3 39 232000073 100000025 31 
2021-01-03T13:35:31 0 0 경기79바1609 3 41 232000073 100000025 31 
2021-01-03T13:36:30 0 0 경기79바1609 3 41 232000073 100000025 31 
2021-01-03T13:37:30 0 0 경기79바1609 3 41 232000073 100000025 31 
2021-01-03T13:38:30 0 0 경기79바1609 3 41 232000073 101000038 32 
2021-01-03T13:39:30 0 0 경기79바1609 3 41 232000073 277101975 33 
2021-01-03T13:40:30 0 0 경기79바1609 3 41 232000073 112000170 34 
2021-01-03T13:41:29 0 0 경기79바1609 3 41 232000073 112000170 34 
2021-01-03T13:42:30 0 0 경기79바1609 3 41 232000073 112000170 34 
2021-01-03T13:43:29 0 0 경기79바1609 3 41 232000073 113000478 35 
2021-01-03T13:44:29 0 0 경기79바1609 3 41 232000073 113000478 35 
2021-01-03T13:45:28 0 0 경기79바1609 3 41 232000073 113000411 36 
2021-01-03T13:46:28 0 0 경기79바1609 3 41 232000073 113000411 36 
2021-01-03T13:47:27 0 0 경기79바1609 3 41 232000073 113000417 37 
2021-01-03T13:48:27 0 0 경기79바1609 3 41 232000073 113000416 38 
2021-01-03T13:49:26 0 0 경기79바1609 3 40 232000073 113000416 38 
2021-01-03T13:50:25 0 0 경기79바1609 3 40 232000073 113000416 38 
2021-01-03T13:51:24 0 0 경기79바1609 3 40 232000073 113000416 38 
2021-01-03T13:52:23 0 0 경기79바1609 3 40 232000073 113000416 38 
2021-01-03T13:53:22 0 0 경기79바1609 3 40 232000073 113000414 39 
2021-01-03T13:54:22 0 0 경기79바1609 3 39 232000073 277102199 40 
2021-01-03T13:55:22 0 0 경기79바1609 3 39 232000073 277102199 40 
2021-01-03T13:56:22 0 0 경기79바1609 3 39 232000073 277102198 41 
2021-01-03T13:57:21 0 0 경기79바1609 3 39 232000073 113000412 42 
2021-01-03T13:58:20 0 0 경기79바1609 3 38 232000073 113000412 42 
2021-01-03T13:59:20 0 0 경기79바1609 3 38 232000073 113000412 42 
2021-01-03T14:00:20 0 0 경기79바1609 3 38 232000073 113000412 42 
2021-01-03T14:01:19 0 0 경기79바1609 3 38 232000073 277103529 43 
2021-01-03T14:02:19 0 0 경기79바1609 3 38 232000073 277103529 43 
2021-01-03T14:03:19 0 0 경기79바1609 3 38 232000073 277103529 43 
2021-01-03T14:04:18 0 0 경기79바1609 3 38 232000073 277103529 43 
2021-01-03T14:05:18 0 0 경기79바1609 3 38 232000073 277103402 44 
2021-01-03T14:06:18 0 0 경기79바1609 3 38 232000073 277103402 44 
2021-01-03T14:07:17 0 0 경기79바1609 3 38 232000073 277103402 44 
2021-01-03T14:08:17 0 0 경기79바1609 3 38 232000073 277103402 44 
2021-01-03T14:09:16 0 0 경기79바1609 3 38 232000073 277103401 45 
2021-01-03T14:10:16 0 0 경기79바1609 3 38 232000073 277103401 45 
2021-01-03T14:11:16 0 0 경기79바1609 3 38 232000073 277103401 45 
2021-01-03T14:12:15 0 0 경기79바1609 3 38 232000073 277103401 45 
2021-01-03T14:13:15 0 0 경기79바1609 3 38 232000073 277103401 45 
2021-01-03T14:14:15 0 0 경기79바1609 3 38 232000073 232000432 46 
2021-01-03T14:15:15 0 0 경기79바1609 3 38 232000073 232000432 46 
2021-01-03T14:16:15 0 0 경기79바1609 3 38 232000073 232000432 46 
2021-01-03T14:17:14 0 0 경기79바1609 3 38 232000073 232000432 46 
2021-01-03T14:18:14 0 0 경기79바1609 3 38 232000073 232000429 47 
2021-01-03T14:19:14 0 0 경기79바1609 3 39 232000073 232000429 47 
2021-01-03T14:20:14 0 0 경기79바1609 3 39 232000073 232000429 47 
2021-01-03T14:21:13 0 0 경기79바1609 3 39 232000073 232000354 48 
2021-01-03T14:22:12 0 0 경기79바1609 3 39 232000073 232000353 49 
2021-01-03T14:23:12 0 0 경기79바1609 3 39 232000073 232000353 49 
2021-01-03T14:24:12 0 0 경기79바1609 3 39 232000073 232000352 50 
2021-01-03T14:25:11 0 0 경기79바1609 3 40 232000073 232000352 50 
2021-01-03T14:26:12 0 0 경기79바1609 3 40 232000073 232000352 50 
2021-01-03T14:27:10 0 0 경기79바1609 3 41 232000073 232000350 52 
2021-01-03T14:28:10 0 0 경기79바1609 3 41 232000073 232000350 52 
2021-01-03T14:29:10 0 0 경기79바1609 3 41 232000073 232000350 52 
2021-01-03T14:30:09 0 0 경기79바1609 3 41 232000073 232000001 53 
2021-01-03T14:31:09 0 0 경기79바1609 3 41 232000073 232000001 53 
2021-01-03T14:32:08 0 0 경기79바1609 3 41 232000073 232000001 53 
2021-01-03T14:33:08 0 0 경기79바1609 3 41 232000073 232000001 53 
2021-01-03T14:34:08 0 0 경기79바1609 3 41 232000073 168000447 54 
2021-01-03T14:35:08 0 0 경기79바1609 3 41 232000073 168000443 55 
2021-01-03T14:36:08 0 0 경기79바1609 3 41 232000073 168000437 56 
2021-01-03T14:37:08 0 0 경기79바1609 3 41 232000073 168000437 56 
2021-01-03T14:38:07 0 0 경기79바1609 3 41 232000073 168000437 56 
2021-01-03T14:54:03 0 0 경기79바1612 3 40 232000073 168000561 1 
2021-01-03T14:55:03 0 0 경기79바1612 3 40 232000073 168000407 2 
2021-01-03T14:56:02 0 0 경기79바1612 3 40 232000073 168000407 2 
2021-01-03T14:57:01 0 0 경기79바1612 3 40 232000073 168000436 3 
2021-01-03T14:58:01 0 0 경기79바1612 3 40 232000073 168000436 3 
2021-01-03T14:59:01 0 0 경기79바1612 3 40 232000073 168000436 3 
2021-01-03T15:00:01 0 0 경기79바1612 3 40 232000073 168000446 5 
2021-01-03T15:01:01 0 0 경기79바1612 3 37 232000073 168000446 5 
2021-01-03T15:02:01 0 0 경기79바1612 3 37 232000073 168000446 5 
2021-01-03T15:03:01 0 0 경기79바1612 3 37 232000073 168000446 5 
2021-01-03T15:04:00 0 0 경기79바1612 3 37 232000073 168000446 5 
2021-01-03T15:05:00 0 0 경기79바1612 3 37 232000073 168000446 5 
2021-01-03T15:06:00 0 0 경기79바1612 3 37 232000073 168000446 5 
2021-01-03T15:06:59 0 0 경기79바1612 3 37 232000073 232000348 7 
2021-01-03T15:07:58 0 0 경기79바1612 3 37 232000073 232000348 7 
2021-01-03T15:08:58 0 0 경기79바1612 3 37 232000073 232000347 8 
2021-01-03T15:09:58 0 0 경기79바1612 3 35 232000073 232000347 8 
2021-01-03T15:10:57 0 0 경기79바1612 3 35 232000073 232000347 8 
2021-01-03T15:11:57 0 0 경기79바1612 3 33 232000073 232000346 9 
2021-01-03T15:12:56 0 0 경기79바1612 3 33 232000073 232000346 9 
2021-01-03T15:13:57 0 0 경기79바1612 3 34 232000073 232000345 10 
2021-01-03T15:14:55 0 0 경기79바1612 3 34 232000073 232000344 11 
2021-01-03T15:15:54 0 0 경기79바1612 3 34 232000073 232000360 12 
2021-01-03T15:16:54 0 0 경기79바1612 3 34 232000073 232000360 12 
2021-01-03T15:17:53 0 0 경기79바1612 3 34 232000073 232000360 12 
2021-01-03T15:18:53 0 0 경기79바1612 3 32 232000073 232000359 13 
2021-01-03T15:19:52 0 0 경기79바1612 3 32 232000073 232000359 13 
2021-01-03T15:20:51 0 0 경기79바1612 3 32 232000073 232000359 13 
2021-01-03T15:21:51 0 0 경기79바1612 3 31 232000073 232000359 13 
2021-01-03T15:22:51 0 0 경기79바1612 3 31 232000073 232000359 13 
2021-01-03T15:23:50 0 0 경기79바1612 3 31 232000073 232000359 13 
2021-01-03T15:24:50 0 0 경기79바1612 3 32 232000073 232000356 14 
2021-01-03T15:25:49 0 0 경기79바1612 3 31 232000073 232000356 14 
2021-01-03T15:26:49 0 0 경기79바1612 3 31 232000073 232000356 14 
2021-01-03T15:27:48 0 0 경기79바1612 3 31 232000073 277103819 15 
2021-01-03T15:28:47 0 0 경기79바1612 3 31 232000073 277103819 15 
2021-01-03T15:29:48 0 0 경기79바1612 3 31 232000073 277103819 15 
2021-01-03T15:30:47 0 0 경기79바1612 3 31 232000073 277101769 16 
2021-01-03T15:31:47 0 0 경기79바1612 3 31 232000073 277101769 16 
2021-01-03T15:32:46 0 0 경기79바1612 3 31 232000073 277101769 16 
2021-01-03T15:33:46 0 0 경기79바1612 3 31 232000073 277103403 17 
2021-01-03T15:34:45 0 0 경기79바1612 3 31 232000073 277103403 17 
2021-01-03T15:35:45 0 0 경기79바1612 3 31 232000073 277103404 18 
2021-01-03T15:36:45 0 0 경기79바1612 3 31 232000073 277103404 18 
2021-01-03T15:37:44 0 0 경기79바1612 3 31 232000073 277103406 19 
2021-01-03T15:38:43 0 0 경기79바1612 3 31 232000073 277103410 20 
2021-01-03T15:39:42 0 0 경기79바1612 3 31 232000073 277103410 20 
2021-01-03T15:40:41 0 0 경기79바1612 3 37 232000073 113000424 21 
2021-01-03T15:41:41 0 0 경기79바1612 3 37 232000073 277102197 22 
2021-01-03T15:42:41 0 0 경기79바1612 3 37 232000073 277102197 22 
2021-01-03T15:43:41 0 0 경기79바1612 3 37 232000073 277102197 22 
2021-01-03T15:44:40 0 0 경기79바1612 3 39 232000073 113000422 23 
2021-01-03T15:45:39 0 0 경기79바1612 3 39 232000073 113000422 23 
2021-01-03T15:46:39 0 0 경기79바1612 3 40 232000073 113000420 24 
2021-01-03T15:47:39 0 0 경기79바1612 3 40 232000073 113000420 24 
2021-01-03T15:48:39 0 0 경기79바1612 3 40 232000073 113000419 25 
2021-01-03T15:49:38 0 0 경기79바1612 3 40 232000073 113000419 25 
2021-01-03T15:50:38 0 0 경기79바1612 3 40 232000073 113000418 26 
2021-01-03T15:51:37 0 0 경기79바1612 3 40 232000073 113000477 27 
2021-01-03T15:52:37 0 0 경기79바1612 3 40 232000073 113000477 27 
2021-01-03T15:53:37 0 0 경기79바1612 3 40 232000073 113000477 27 
2021-01-03T15:54:37 0 0 경기79바1612 3 40 232000073 112000430 28 
2021-01-03T15:55:36 0 0 경기79바1612 3 40 232000073 101000304 29 
2021-01-03T15:56:35 0 0 경기79바1612 3 40 232000073 100000380 30 
2021-01-03T15:57:34 0 0 경기79바1612 3 41 232000073 100000025 31 
2021-01-03T15:58:34 0 0 경기79바1612 3 41 232000073 100000025 31 
2021-01-03T15:59:33 0 0 경기79바1612 3 41 232000073 100000025 31 
2021-01-03T16:00:33 0 0 경기79바1612 3 41 232000073 101000038 32 
2021-01-03T16:01:32 0 0 경기79바1612 3 40 232000073 277101975 33 
2021-01-03T16:02:31 0 0 경기79바1612 3 40 232000073 112000170 34 
2021-01-03T16:03:31 0 0 경기79바1612 3 40 232000073 112000170 34 
2021-01-03T16:04:30 0 0 경기79바1612 3 40 232000073 112000170 34 
2021-01-03T16:05:29 0 0 경기79바1612 3 40 232000073 113000478 35 
2021-01-03T16:06:29 0 0 경기79바1612 3 40 232000073 113000478 35 
2021-01-03T16:07:29 0 0 경기79바1612 3 40 232000073 113000411 36 
2021-01-03T16:08:28 0 0 경기79바1612 3 40 232000073 113000411 36 
2021-01-03T16:09:27 0 0 경기79바1612 3 40 232000073 113000417 37 
2021-01-03T16:10:27 0 0 경기79바1612 3 40 232000073 113000417 37 
2021-01-03T16:11:25 0 0 경기79바1612 3 40 232000073 113000417 37 
2021-01-03T16:12:25 0 0 경기79바1612 3 40 232000073 113000416 38 
2021-01-03T16:13:25 0 0 경기79바1612 3 40 232000073 113000416 38 
2021-01-03T16:14:25 0 0 경기79바1612 3 40 232000073 113000416 38 
2021-01-03T16:15:24 0 0 경기79바1612 3 39 232000073 113000414 39 
2021-01-03T16:16:23 0 0 경기79바1612 3 39 232000073 277102199 40 
2021-01-03T16:17:22 0 0 경기79바1612 3 39 232000073 277102199 40 
2021-01-03T16:18:22 0 0 경기79바1612 3 39 232000073 277102198 41 
2021-01-03T16:19:22 0 0 경기79바1612 3 39 232000073 113000412 42 
2021-01-03T16:20:21 0 0 경기79바1612 3 37 232000073 113000412 42 
2021-01-03T16:21:21 0 0 경기79바1612 3 37 232000073 113000412 42 
2021-01-03T16:22:21 0 0 경기79바1612 3 37 232000073 113000412 42 
2021-01-03T16:23:21 0 0 경기79바1612 3 37 232000073 277103529 43 
2021-01-03T16:24:20 0 0 경기79바1612 3 37 232000073 277103529 43 
2021-01-03T16:25:20 0 0 경기79바1612 3 37 232000073 277103529 43 
2021-01-03T16:26:19 0 0 경기79바1612 3 37 232000073 277103402 44 
2021-01-03T16:27:19 0 0 경기79바1612 3 37 232000073 277103402 44 
2021-01-03T16:28:19 0 0 경기79바1612 3 37 232000073 277103402 44 
2021-01-03T16:29:18 0 0 경기79바1612 3 37 232000073 277103401 45 
2021-01-03T16:30:18 0 0 경기79바1612 3 37 232000073 277103401 45 
2021-01-03T16:31:18 0 0 경기79바1612 3 37 232000073 277103401 45 
2021-01-03T16:32:18 0 0 경기79바1612 3 37 232000073 277103401 45 
2021-01-03T16:33:18 0 0 경기79바1612 3 37 232000073 277103401 45 
2021-01-03T16:34:18 0 0 경기79바1612 3 37 232000073 232000432 46 
2021-01-03T16:35:18 0 0 경기79바1612 3 39 232000073 232000432 46 
2021-01-03T16:36:17 0 0 경기79바1612 3 39 232000073 232000432 46 
2021-01-03T16:37:17 0 0 경기79바1612 3 39 232000073 232000432 46 
2021-01-03T16:38:17 0 0 경기79바1612 3 39 232000073 232000432 46 
2021-01-03T16:39:16 0 0 경기79바1612 3 39 232000073 232000432 46 
2021-01-03T16:40:16 0 0 경기79바1612 3 39 232000073 232000432 46 
2021-01-03T16:41:16 0 0 경기79바1612 3 39 232000073 232000429 47 
2021-01-03T16:42:16 0 0 경기79바1612 3 39 232000073 232000429 47 
2021-01-03T16:43:15 0 0 경기79바1612 3 39 232000073 232000429 47 
2021-01-03T16:44:14 0 0 경기79바1612 3 39 232000073 232000429 47 
2021-01-03T16:45:14 0 0 경기79바1612 3 38 232000073 232000354 48 
2021-01-03T16:46:14 0 0 경기79바1612 3 38 232000073 232000353 49 
2021-01-03T16:47:14 0 0 경기79바1612 3 38 232000073 232000353 49 
2021-01-03T16:48:13 0 0 경기79바1612 3 40 232000073 232000352 50 
2021-01-03T16:49:13 0 0 경기79바1612 3 40 232000073 232000351 51 
2021-01-03T16:50:13 0 0 경기79바1612 3 39 232000073 232000351 51 
2021-01-03T16:51:12 0 0 경기79바1612 3 39 232000073 232000350 52 
2021-01-03T16:52:12 0 0 경기79바1612 3 39 232000073 232000001 53 
2021-01-03T16:53:12 0 0 경기79바1612 3 39 232000073 232000001 53 
2021-01-03T16:54:11 0 0 경기79바1612 3 39 232000073 232000001 53 
2021-01-03T16:55:11 0 0 경기79바1612 3 39 232000073 232000001 53 
2021-01-03T16:56:11 0 0 경기79바1612 3 39 232000073 168000447 54 
2021-01-03T16:57:10 0 0 경기79바1612 3 40 232000073 168000443 55 
2021-01-03T16:58:10 0 0 경기79바1612 3 41 232000073 168000437 56 
2021-01-03T16:59:10 0 0 경기79바1612 3 41 232000073 168000437 56 
2021-01-03T17:00:10 0 0 경기79바1612 3 41 232000073 168000437 56 
2021-01-03T17:25:02 0 0 경기79바1609 3 41 232000073 168000561 1 
2021-01-03T17:26:02 0 0 경기79바1609 3 41 232000073 168000561 1 
2021-01-03T17:27:01 0 0 경기79바1609 3 41 232000073 168000407 2 
2021-01-03T17:28:01 0 0 경기79바1609 3 41 232000073 168000407 2 
2021-01-03T17:29:01 0 0 경기79바1609 3 41 232000073 168000407 2 
2021-01-03T17:30:01 0 0 경기79바1609 3 41 232000073 168000407 2 
2021-01-03T17:31:00 0 0 경기79바1609 3 41 232000073 168000436 3 
2021-01-03T17:32:00 0 0 경기79바1609 3 41 232000073 168000446 5 
2021-01-03T17:33:00 0 0 경기79바1609 3 41 232000073 168000446 5 
2021-01-03T17:34:00 0 0 경기79바1609 3 41 232000073 168000446 5 
2021-01-03T17:34:59 0 0 경기79바1609 3 41 232000073 168000446 5 
2021-01-03T17:35:58 0 0 경기79바1609 3 41 232000073 168000446 5 
2021-01-03T17:36:57 0 0 경기79바1609 3 41 232000073 232000349 6 
2021-01-03T17:37:57 0 0 경기79바1609 3 41 232000073 232000348 7 
2021-01-03T17:38:56 0 0 경기79바1609 3 41 232000073 232000347 8 
2021-01-03T17:39:56 0 0 경기79바1609 3 40 232000073 232000347 8 
2021-01-03T17:40:55 0 0 경기79바1609 3 40 232000073 232000347 8 
2021-01-03T17:41:54 0 0 경기79바1609 3 40 232000073 232000346 9 
2021-01-03T17:42:54 0 0 경기79바1609 3 39 232000073 232000345 10 
2021-01-03T17:43:54 0 0 경기79바1609 3 39 232000073 232000360 12 
2021-01-03T17:44:54 0 0 경기79바1609 3 39 232000073 232000360 12 
2021-01-03T17:45:53 0 0 경기79바1609 3 36 232000073 232000359 13 
2021-01-03T17:46:53 0 0 경기79바1609 3 36 232000073 232000359 13 
2021-01-03T17:47:53 0 0 경기79바1609 3 36 232000073 232000359 13 
2021-01-03T17:48:52 0 0 경기79바1609 3 36 232000073 232000359 13 
2021-01-03T17:49:52 0 0 경기79바1609 3 36 232000073 232000359 13 
2021-01-03T17:50:51 0 0 경기79바1609 3 35 232000073 232000356 14 
2021-01-03T17:51:51 0 0 경기79바1609 3 35 232000073 232000356 14 
2021-01-03T17:52:51 0 0 경기79바1609 3 35 232000073 232000356 14 
2021-01-03T17:53:51 0 0 경기79바1609 3 35 232000073 232000356 14 
2021-01-03T17:54:49 0 0 경기79바1609 3 35 232000073 277103819 15 
2021-01-03T17:55:49 0 0 경기79바1609 3 35 232000073 277103819 15 
2021-01-03T17:56:49 0 0 경기79바1609 3 35 232000073 277103819 15 
2021-01-03T17:57:49 0 0 경기79바1609 3 35 232000073 277101769 16 
2021-01-03T17:58:48 0 0 경기79바1609 3 35 232000073 277101769 16 
2021-01-03T17:59:48 0 0 경기79바1609 3 35 232000073 277101769 16 
2021-01-03T18:00:47 0 0 경기79바1609 3 35 232000073 277103403 17 
2021-01-03T18:01:47 0 0 경기79바1609 3 35 232000073 277103403 17 
2021-01-03T18:02:47 0 0 경기79바1609 3 35 232000073 277103403 17 
2021-01-03T18:03:46 0 0 경기79바1609 3 35 232000073 277103404 18 
2021-01-03T18:04:46 0 0 경기79바1609 3 35 232000073 277103406 19 
2021-01-03T18:05:46 0 0 경기79바1609 3 35 232000073 277103406 19 
2021-01-03T18:06:45 0 0 경기79바1609 3 35 232000073 277103410 20 
2021-01-03T18:07:45 0 0 경기79바1609 3 36 232000073 113000424 21 
2021-01-03T18:08:44 0 0 경기79바1609 3 39 232000073 113000424 21 
2021-01-03T18:09:44 0 0 경기79바1609 3 39 232000073 113000424 21 
2021-01-03T18:10:44 0 0 경기79바1609 3 39 232000073 113000424 21 
2021-01-03T18:11:44 0 0 경기79바1609 3 39 232000073 277102197 22 
2021-01-03T18:12:44 0 0 경기79바1609 3 39 232000073 277102197 22 
2021-01-03T18:13:43 0 0 경기79바1609 3 39 232000073 277102197 22 
2021-01-03T18:14:43 0 0 경기79바1609 3 41 232000073 113000422 23 
2021-01-03T18:15:42 0 0 경기79바1609 3 41 232000073 113000422 23 
2021-01-03T18:16:42 0 0 경기79바1609 3 41 232000073 113000422 23 
2021-01-03T18:17:42 0 0 경기79바1609 3 41 232000073 113000422 23 
2021-01-03T18:18:41 0 0 경기79바1609 3 41 232000073 113000420 24 
2021-01-03T18:19:41 0 0 경기79바1609 3 41 232000073 113000420 24 
2021-01-03T18:20:41 0 0 경기79바1609 3 41 232000073 113000419 25 
2021-01-03T18:21:41 0 0 경기79바1609 3 41 232000073 113000419 25 
2021-01-03T18:22:41 0 0 경기79바1609 3 41 232000073 113000418 26 
2021-01-03T18:23:41 0 0 경기79바1609 3 41 232000073 113000418 26 
2021-01-03T18:24:40 0 0 경기79바1609 3 41 232000073 113000418 26 
2021-01-03T18:25:39 0 0 경기79바1609 3 41 232000073 113000477 27 
2021-01-03T18:26:39 0 0 경기79바1609 3 41 232000073 113000477 27 
2021-01-03T18:27:39 0 0 경기79바1609 3 41 232000073 112000430 28 
2021-01-03T18:28:38 0 0 경기79바1609 3 41 232000073 101000304 29 
2021-01-03T18:29:38 0 0 경기79바1609 3 41 232000073 100000380 30 
2021-01-03T18:30:38 0 0 경기79바1609 3 41 232000073 100000380 30 
2021-01-03T18:31:38 0 0 경기79바1609 3 41 232000073 100000025 31 
2021-01-03T18:32:37 0 0 경기79바1609 3 39 232000073 100000025 31 
2021-01-03T18:33:37 0 0 경기79바1609 3 39 232000073 100000025 31 
2021-01-03T18:34:37 0 0 경기79바1609 3 39 232000073 101000038 32 
2021-01-03T18:35:36 0 0 경기79바1609 3 39 232000073 101000038 32 
2021-01-03T18:36:36 0 0 경기79바1609 3 39 232000073 112000170 34 
2021-01-03T18:37:36 0 0 경기79바1609 3 38 232000073 112000170 34 
2021-01-03T18:38:36 0 0 경기79바1609 3 38 232000073 113000478 35 
2021-01-03T18:39:36 0 0 경기79바1609 3 38 232000073 113000478 35 
2021-01-03T18:40:34 0 0 경기79바1609 3 38 232000073 113000478 35 
2021-01-03T18:41:34 0 0 경기79바1609 3 38 232000073 113000478 35 
2021-01-03T18:42:34 0 0 경기79바1609 3 38 232000073 113000411 36 
2021-01-03T18:43:34 0 0 경기79바1609 3 38 232000073 113000411 36 
2021-01-03T18:44:34 0 0 경기79바1609 3 38 232000073 113000417 37 
2021-01-03T18:45:33 0 0 경기79바1609 3 38 232000073 113000417 37 
2021-01-03T18:46:33 0 0 경기79바1609 3 38 232000073 113000416 38 
2021-01-03T18:47:33 0 0 경기79바1609 3 38 232000073 113000416 38 
2021-01-03T18:48:32 0 0 경기79바1609 3 38 232000073 113000416 38 
2021-01-03T18:49:32 0 0 경기79바1609 3 38 232000073 113000416 38 
2021-01-03T18:50:32 0 0 경기79바1609 3 38 232000073 113000414 39 
2021-01-03T18:51:32 0 0 경기79바1609 3 37 232000073 277102199 40 
2021-01-03T18:52:32 0 0 경기79바1609 3 37 232000073 277102199 40 
2021-01-03T18:53:31 0 0 경기79바1609 3 37 232000073 277102199 40 
2021-01-03T18:54:31 0 0 경기79바1609 3 37 232000073 277102198 41 
2021-01-03T18:55:31 0 0 경기79바1609 3 37 232000073 113000412 42 
2021-01-03T18:56:30 0 0 경기79바1609 3 37 232000073 113000412 42 
2021-01-03T18:57:29 0 0 경기79바1609 3 36 232000073 113000412 42 
2021-01-03T18:58:29 0 0 경기79바1609 3 36 232000073 113000412 42 
2021-01-03T18:59:29 0 0 경기79바1609 3 36 232000073 113000412 42 
2021-01-03T19:00:28 0 0 경기79바1609 3 36 232000073 113000412 42 
2021-01-03T19:01:28 0 0 경기79바1609 3 36 232000073 277103529 43 
2021-01-03T19:02:28 0 0 경기79바1609 3 36 232000073 277103529 43 
2021-01-03T19:03:28 0 0 경기79바1609 3 36 232000073 277103529 43 
2021-01-03T19:04:28 0 0 경기79바1609 3 36 232000073 277103529 43 
2021-01-03T19:05:27 0 0 경기79바1609 3 36 232000073 277103402 44 
2021-01-03T19:06:26 0 0 경기79바1609 3 36 232000073 277103402 44 
2021-01-03T19:07:26 0 0 경기79바1609 3 36 232000073 277103402 44 
2021-01-03T19:08:25 0 0 경기79바1609 3 36 232000073 277103402 44 
2021-01-03T19:09:24 0 0 경기79바1609 3 36 232000073 277103401 45 
2021-01-03T19:10:24 0 0 경기79바1609 3 36 232000073 277103401 45 
2021-01-03T19:11:23 0 0 경기79바1609 3 36 232000073 277103401 45 
2021-01-03T19:12:23 0 0 경기79바1609 3 36 232000073 277103401 45 
2021-01-03T19:13:22 0 0 경기79바1609 3 36 232000073 232000432 46 
2021-01-03T19:14:22 0 0 경기79바1609 3 35 232000073 232000432 46 
2021-01-03T19:15:22 0 0 경기79바1609 3 35 232000073 232000432 46 
2021-01-03T19:16:21 0 0 경기79바1609 3 35 232000073 232000432 46 
2021-01-03T19:17:21 0 0 경기79바1609 3 35 232000073 232000432 46 
2021-01-03T19:18:21 0 0 경기79바1609 3 37 232000073 232000429 47 
2021-01-03T19:19:21 0 0 경기79바1609 3 37 232000073 232000429 47 
2021-01-03T19:20:20 0 0 경기79바1609 3 37 232000073 232000429 47 
2021-01-03T19:21:20 0 0 경기79바1609 3 37 232000073 232000429 47 
2021-01-03T19:22:20 0 0 경기79바1609 3 37 232000073 232000354 48 
2021-01-03T19:23:21 0 0 경기79바1609 3 37 232000073 232000353 49 
2021-01-03T19:24:19 0 0 경기79바1609 3 37 232000073 232000353 49 
2021-01-03T19:25:18 0 0 경기79바1609 3 37 232000073 232000352 50 
2021-01-03T19:26:18 0 0 경기79바1609 3 37 232000073 232000351 51 
2021-01-03T19:27:17 0 0 경기79바1609 3 37 232000073 232000350 52 
2021-01-03T19:28:17 0 0 경기79바1609 3 38 232000073 232000350 52 
2021-01-03T19:29:16 0 0 경기79바1609 3 38 232000073 232000001 53 
2021-01-03T19:30:16 0 0 경기79바1609 3 38 232000073 232000001 53 
2021-01-03T19:31:16 0 0 경기79바1609 3 38 232000073 232000001 53 
2021-01-03T19:32:16 0 0 경기79바1609 3 38 232000073 232000001 53 
2021-01-03T19:33:16 0 0 경기79바1609 3 38 232000073 168000447 54 
2021-01-03T19:34:16 0 0 경기79바1609 3 38 232000073 168000447 54 
2021-01-03T19:35:16 0 0 경기79바1609 3 40 232000073 168000443 55 
2021-01-03T19:36:15 0 0 경기79바1609 3 40 232000073 168000443 55 
2021-01-03T19:37:15 0 0 경기79바1609 3 40 232000073 168000437 56 
2021-01-03T19:38:15 0 0 경기79바1609 3 40 232000073 168000437 56 
2021-01-03T19:39:15 0 0 경기79바1609 3 40 232000073 168000437 56 
2021-01-03T20:05:07 0 0 경기79바1612 3 41 232000073 168000446 5 
2021-01-03T20:06:06 0 0 경기79바1612 3 41 232000073 168000446 5 
2021-01-03T20:07:06 0 0 경기79바1612 3 40 232000073 232000349 6 
2021-01-03T20:08:05 0 0 경기79바1612 3 40 232000073 232000349 6 
2021-01-03T20:09:05 0 0 경기79바1612 3 40 232000073 232000349 6 
2021-01-03T20:10:06 0 0 경기79바1612 3 40 232000073 232000347 8 
2021-01-03T20:11:04 0 0 경기79바1612 3 40 232000073 232000347 8 
2021-01-03T20:12:04 0 0 경기79바1612 3 40 232000073 232000345 10 
2021-01-03T20:13:03 0 0 경기79바1612 3 38 232000073 232000360 12 
2021-01-03T20:14:03 0 0 경기79바1612 3 36 232000073 232000359 13 
2021-01-03T20:15:03 0 0 경기79바1612 3 36 232000073 232000359 13 
2021-01-03T20:16:02 0 0 경기79바1612 3 36 232000073 232000359 13 
2021-01-03T20:17:02 0 0 경기79바1612 3 36 232000073 232000359 13 
2021-01-03T20:18:02 0 0 경기79바1612 3 36 232000073 232000359 13 
2021-01-03T20:19:01 0 0 경기79바1612 3 35 232000073 232000356 14 
2021-01-03T20:20:01 0 0 경기79바1612 3 35 232000073 232000356 14 
2021-01-03T20:21:01 0 0 경기79바1612 3 35 232000073 232000356 14 
2021-01-03T20:22:00 0 0 경기79바1612 3 35 232000073 232000356 14 
2021-01-03T20:23:00 0 0 경기79바1612 3 35 232000073 277103819 15 
2021-01-03T20:24:00 0 0 경기79바1612 3 35 232000073 277103819 15 
2021-01-03T20:25:00 0 0 경기79바1612 3 35 232000073 277101769 16 
2021-01-03T20:25:59 0 0 경기79바1612 3 35 232000073 277101769 16 
2021-01-03T20:27:09 0 0 경기79바1612 3 35 232000073 277101769 16 
2021-01-03T20:27:59 0 0 경기79바1612 3 35 232000073 277103403 17 
2021-01-03T20:28:58 0 0 경기79바1612 3 35 232000073 277103403 17 
2021-01-03T20:29:57 0 0 경기79바1612 3 35 232000073 277103403 17 
2021-01-03T20:30:57 0 0 경기79바1612 3 35 232000073 277103404 18 
2021-01-03T20:31:57 0 0 경기79바1612 3 35 232000073 277103406 19 
2021-01-03T20:32:56 0 0 경기79바1612 3 35 232000073 277103406 19 
2021-01-03T20:33:55 0 0 경기79바1612 3 35 232000073 277103410 20 
2021-01-03T20:34:55 0 0 경기79바1612 3 35 232000073 113000424 21 
2021-01-03T20:35:55 0 0 경기79바1612 3 35 232000073 113000424 21 
2021-01-03T20:36:54 0 0 경기79바1612 3 36 232000073 113000424 21 
2021-01-03T20:37:54 0 0 경기79바1612 3 36 232000073 277102197 22 
2021-01-03T20:38:54 0 0 경기79바1612 3 37 232000073 113000422 23 
2021-01-03T20:39:53 0 0 경기79바1612 3 37 232000073 113000422 23 
2021-01-03T20:40:52 0 0 경기79바1612 3 37 232000073 113000422 23 
2021-01-03T20:41:52 0 0 경기79바1612 3 37 232000073 113000420 24 
2021-01-03T20:42:51 0 0 경기79바1612 3 37 232000073 113000420 24 
2021-01-03T20:43:51 0 0 경기79바1612 3 37 232000073 113000419 25 
2021-01-03T20:44:51 0 0 경기79바1612 3 37 232000073 113000419 25 
2021-01-03T20:45:50 0 0 경기79바1612 3 37 232000073 113000418 26 
2021-01-03T20:46:50 0 0 경기79바1612 3 37 232000073 113000418 26 
2021-01-03T20:47:50 0 0 경기79바1612 3 37 232000073 113000477 27 
2021-01-03T20:48:49 0 0 경기79바1612 3 38 232000073 113000477 27 
2021-01-03T20:49:49 0 0 경기79바1612 3 38 232000073 113000477 27 
2021-01-03T20:50:48 0 0 경기79바1612 3 38 232000073 113000477 27 
2021-01-03T20:51:48 0 0 경기79바1612 3 38 232000073 112000430 28 
2021-01-03T20:52:47 0 0 경기79바1612 3 38 232000073 101000304 29 
2021-01-03T20:53:47 0 0 경기79바1612 3 38 232000073 101000304 29 
2021-01-03T20:54:47 0 0 경기79바1612 3 38 232000073 101000304 29 
2021-01-03T20:55:47 0 0 경기79바1612 3 39 232000073 100000380 30 
2021-01-03T20:56:46 0 0 경기79바1612 3 39 232000073 100000025 31 
2021-01-03T20:57:46 0 0 경기79바1612 3 37 232000073 100000025 31 
2021-01-03T20:58:46 0 0 경기79바1612 3 38 232000073 100000025 31 
2021-01-03T20:59:45 0 0 경기79바1612 3 39 232000073 101000038 32 
2021-01-03T21:00:45 0 0 경기79바1612 3 39 232000073 112000170 34 
2021-01-03T21:01:44 0 0 경기79바1612 3 39 232000073 112000170 34 
2021-01-03T21:02:44 0 0 경기79바1612 3 39 232000073 113000478 35 
2021-01-03T21:03:44 0 0 경기79바1612 3 39 232000073 113000478 35 
2021-01-03T21:04:44 0 0 경기79바1612 3 39 232000073 113000478 35 
2021-01-03T21:05:44 0 0 경기79바1612 3 39 232000073 113000411 36 
2021-01-03T21:06:43 0 0 경기79바1612 3 39 232000073 113000411 36 
2021-01-03T21:07:43 0 0 경기79바1612 3 39 232000073 113000411 36 
2021-01-03T21:08:43 0 0 경기79바1612 3 39 232000073 113000416 38 
2021-01-03T21:09:42 0 0 경기79바1612 3 37 232000073 113000416 38 
2021-01-03T21:10:42 0 0 경기79바1612 3 37 232000073 113000416 38 
2021-01-03T21:11:41 0 0 경기79바1612 3 37 232000073 113000416 38 
2021-01-03T21:12:41 0 0 경기79바1612 3 35 232000073 113000414 39 
2021-01-03T21:13:41 0 0 경기79바1612 3 35 232000073 277102199 40 
2021-01-03T21:14:40 0 0 경기79바1612 3 35 232000073 277102199 40 
2021-01-03T21:15:40 0 0 경기79바1612 3 35 232000073 277102198 41 
2021-01-03T21:16:39 0 0 경기79바1612 3 35 232000073 277102198 41 
2021-01-03T21:17:39 0 0 경기79바1612 3 35 232000073 113000412 42 
2021-01-03T21:18:39 0 0 경기79바1612 3 35 232000073 113000412 42 
2021-01-03T21:19:39 0 0 경기79바1612 3 31 232000073 113000412 42 
2021-01-03T21:20:39 0 0 경기79바1612 3 31 232000073 113000412 42 
2021-01-03T21:21:38 0 0 경기79바1612 3 31 232000073 113000412 42 
2021-01-03T21:22:38 0 0 경기79바1612 3 31 232000073 277103529 43 
2021-01-03T21:23:38 0 0 경기79바1612 3 31 232000073 277103529 43 
2021-01-03T21:24:37 0 0 경기79바1612 3 31 232000073 277103529 43 
2021-01-03T21:25:37 0 0 경기79바1612 3 31 232000073 277103402 44 
2021-01-03T21:26:36 0 0 경기79바1612 3 31 232000073 277103402 44 
2021-01-03T21:27:36 0 0 경기79바1612 3 31 232000073 277103402 44 
2021-01-03T21:28:35 0 0 경기79바1612 3 31 232000073 277103401 45 
2021-01-03T21:29:35 0 0 경기79바1612 3 31 232000073 277103401 45 
2021-01-03T21:30:35 0 0 경기79바1612 3 31 232000073 277103401 45 
2021-01-03T21:31:34 0 0 경기79바1612 3 31 232000073 277103401 45 
2021-01-03T21:32:34 0 0 경기79바1612 3 31 232000073 277103401 45 
2021-01-03T21:33:33 0 0 경기79바1612 3 31 232000073 277103401 45 
2021-01-03T21:34:33 0 0 경기79바1612 3 31 232000073 232000432 46 
2021-01-03T21:35:33 0 0 경기79바1612 3 31 232000073 232000432 46 
2021-01-03T21:36:32 0 0 경기79바1612 3 31 232000073 232000432 46 
2021-01-03T21:37:32 0 0 경기79바1612 3 31 232000073 232000432 46 
2021-01-03T21:38:32 0 0 경기79바1612 3 31 232000073 232000429 47 
2021-01-03T21:39:32 0 0 경기79바1612 3 31 232000073 232000429 47 
2021-01-03T21:40:31 0 0 경기79바1612 3 32 232000073 232000354 48 
2021-01-03T21:41:31 0 0 경기79바1612 3 32 232000073 232000354 48 
2021-01-03T21:42:30 0 0 경기79바1612 3 33 232000073 232000353 49 
2021-01-03T21:43:30 0 0 경기79바1612 3 33 232000073 232000353 49 
2021-01-03T21:44:30 0 0 경기79바1612 3 36 232000073 232000352 50 
2021-01-03T21:45:29 0 0 경기79바1612 3 36 232000073 232000352 50 
2021-01-03T21:46:29 0 0 경기79바1612 3 39 232000073 232000350 52 
2021-01-03T21:47:28 0 0 경기79바1612 3 40 232000073 232000350 52 
2021-01-03T21:48:28 0 0 경기79바1612 3 40 232000073 232000001 53 
2021-01-03T21:49:28 0 0 경기79바1612 3 40 232000073 232000001 53 
2021-01-03T21:50:28 0 0 경기79바1612 3 40 232000073 232000001 53 
2021-01-03T21:51:26 0 0 경기79바1612 3 40 232000073 232000001 53 
2021-01-03T21:52:26 0 0 경기79바1612 3 41 232000073 168000443 55 
2021-01-03T21:53:25 0 0 경기79바1612 3 41 232000073 168000437 56 
2021-01-03T21:54:25 0 0 경기79바1612 3 41 232000073 168000437 56 
2021-01-03T21:55:25 0 0 경기79바1612 3 41 232000073 168000437 56 
2021-01-03T22:23:11 0 0 경기79바1609 3 41 232000073 168000561 1 
2021-01-03T22:24:11 0 0 경기79바1609 3 41 232000073 168000561 1 
2021-01-03T22:25:10 0 0 경기79바1609 3 41 232000073 168000561 1 
2021-01-03T22:26:09 0 0 경기79바1609 3 41 232000073 168000407 2 
2021-01-03T22:27:09 0 0 경기79바1609 3 41 232000073 168000407 2 
2021-01-03T22:28:09 0 0 경기79바1609 3 41 232000073 168000407 2 
2021-01-03T22:29:08 0 0 경기79바1609 3 41 232000073 168000436 3 
2021-01-03T22:30:07 0 0 경기79바1609 3 41 232000073 168000436 3 
2021-01-03T22:31:08 0 0 경기79바1609 3 41 232000073 168000446 5 
2021-01-03T22:32:07 0 0 경기79바1609 3 41 232000073 168000446 5 
2021-01-03T22:33:06 0 0 경기79바1609 3 41 232000073 168000446 5 
2021-01-03T22:34:06 0 0 경기79바1609 3 41 232000073 168000446 5 
2021-01-03T22:35:06 0 0 경기79바1609 3 41 232000073 168000446 5 
2021-01-03T22:36:05 0 0 경기79바1609 3 41 232000073 168000446 5 
2021-01-03T22:37:05 0 0 경기79바1609 3 41 232000073 232000348 7 
2021-01-03T22:38:05 0 0 경기79바1609 3 41 232000073 232000348 7 
2021-01-03T22:39:04 0 0 경기79바1609 3 41 232000073 232000347 8 
2021-01-03T22:40:04 0 0 경기79바1609 3 40 232000073 232000346 9 
2021-01-03T22:41:03 0 0 경기79바1609 3 40 232000073 232000346 9 
2021-01-03T22:42:02 0 0 경기79바1609 3 40 232000073 232000344 11 
2021-01-03T22:43:02 0 0 경기79바1609 3 40 232000073 232000360 12 
2021-01-03T22:44:02 0 0 경기79바1609 3 40 232000073 232000359 13 
2021-01-03T22:45:01 0 0 경기79바1609 3 40 232000073 232000359 13 
2021-01-03T22:46:01 0 0 경기79바1609 3 40 232000073 232000359 13 
2021-01-03T22:47:00 0 0 경기79바1609 3 40 232000073 232000359 13 
2021-01-03T22:47:59 0 0 경기79바1609 3 40 232000073 232000356 14 
2021-01-03T22:48:59 0 0 경기79바1609 3 40 232000073 232000356 14 
2021-01-03T22:49:58 0 0 경기79바1609 3 40 232000073 232000356 14 
2021-01-03T22:50:58 0 0 경기79바1609 3 40 232000073 232000356 14 
2021-01-03T22:51:58 0 0 경기79바1609 3 40 232000073 277103819 15 
2021-01-03T22:52:57 0 0 경기79바1609 3 40 232000073 277103819 15 
2021-01-03T22:53:57 0 0 경기79바1609 3 40 232000073 277103819 15 
2021-01-03T22:54:56 0 0 경기79바1609 3 40 232000073 277101769 16 
2021-01-03T22:55:56 0 0 경기79바1609 3 40 232000073 277101769 16 
2021-01-03T22:56:55 0 0 경기79바1609 3 40 232000073 277101769 16 
2021-01-03T22:57:55 0 0 경기79바1609 3 40 232000073 277103403 17 
2021-01-03T22:58:55 0 0 경기79바1609 3 40 232000073 277103403 17 
2021-01-03T22:59:55 0 0 경기79바1609 3 40 232000073 277103403 17 
2021-01-03T23:00:54 0 0 경기79바1609 3 40 232000073 277103404 18 
2021-01-03T23:01:54 0 0 경기79바1609 3 41 232000073 277103406 19 
2021-01-03T23:02:54 0 0 경기79바1609 3 41 232000073 277103406 19 
2021-01-03T23:03:53 0 0 경기79바1609 3 41 232000073 277103410 20 
2021-01-03T23:04:53 0 0 경기79바1609 3 41 232000073 113000424 21 
2021-01-03T23:05:52 0 0 경기79바1609 3 41 232000073 113000424 21 
2021-01-03T23:06:52 0 0 경기79바1609 3 41 232000073 277102197 22 
2021-01-03T23:07:51 0 0 경기79바1609 3 41 232000073 277102197 22 
2021-01-03T23:08:51 0 0 경기79바1609 3 41 232000073 277102197 22 
2021-01-03T23:09:50 0 0 경기79바1609 3 41 232000073 277102197 22 
2021-01-03T23:10:49 0 0 경기79바1609 3 41 232000073 113000422 23 
2021-01-03T23:11:49 0 0 경기79바1609 3 41 232000073 113000422 23 
2021-01-03T23:12:49 0 0 경기79바1609 3 41 232000073 113000420 24 
2021-01-03T23:13:48 0 0 경기79바1609 3 41 232000073 113000420 24 
2021-01-03T23:14:48 0 0 경기79바1609 3 41 232000073 113000419 25 
2021-01-03T23:15:47 0 0 경기79바1609 3 41 232000073 113000418 26 
2021-01-03T23:16:47 0 0 경기79바1609 3 41 232000073 113000418 26 
2021-01-03T23:17:47 0 0 경기79바1609 3 41 232000073 113000418 26 
2021-01-03T23:18:46 0 0 경기79바1609 3 41 232000073 113000477 27 
2021-01-03T23:19:45 0 0 경기79바1609 3 41 232000073 113000477 27 
2021-01-03T23:20:44 0 0 경기79바1609 3 41 232000073 112000430 28 
2021-01-03T23:21:44 0 0 경기79바1609 3 41 232000073 101000304 29 
2021-01-03T23:22:43 0 0 경기79바1609 3 41 232000073 101000304 29 
2021-01-03T23:23:43 0 0 경기79바1609 3 41 232000073 100000025 31 
2021-01-03T23:24:42 0 0 경기79바1609 3 40 232000073 100000025 31 
2021-01-03T23:25:42 0 0 경기79바1609 3 40 232000073 100000025 31 
2021-01-03T23:26:41 0 0 경기79바1609 3 40 232000073 101000038 32 
2021-01-03T23:27:40 0 0 경기79바1609 3 40 232000073 101000038 32 
2021-01-03T23:28:40 0 0 경기79바1609 3 40 232000073 101000038 32 
2021-01-03T23:29:39 0 0 경기79바1609 3 40 232000073 101000038 32 
2021-01-03T23:30:39 0 0 경기79바1609 3 40 232000073 277101975 33 
2021-01-03T23:31:38 0 0 경기79바1609 3 40 232000073 112000170 34 
2021-01-03T23:32:38 0 0 경기79바1609 3 40 232000073 113000478 35 
2021-01-03T23:33:37 0 0 경기79바1609 3 40 232000073 113000478 35 
2021-01-03T23:34:37 0 0 경기79바1609 3 40 232000073 113000478 35 
2021-01-03T23:35:36 0 0 경기79바1609 3 40 232000073 113000411 36 
2021-01-03T23:36:35 0 0 경기79바1609 3 39 232000073 113000411 36 
2021-01-03T23:37:35 0 0 경기79바1609 3 39 232000073 113000417 37 
2021-01-03T23:38:34 0 0 경기79바1609 3 39 232000073 113000417 37 
2021-01-03T23:39:33 0 0 경기79바1609 3 39 232000073 113000417 37 
2021-01-03T23:40:32 0 0 경기79바1609 3 38 232000073 113000416 38 
2021-01-03T23:41:33 0 0 경기79바1609 3 38 232000073 113000416 38 
2021-01-03T23:42:32 0 0 경기79바1609 3 38 232000073 113000414 39 
2021-01-03T23:43:32 0 0 경기79바1609 3 38 232000073 277102199 40 
2021-01-03T23:44:31 0 0 경기79바1609 3 38 232000073 277102199 40 
2021-01-03T23:45:30 0 0 경기79바1609 3 38 232000073 277102198 41 
2021-01-03T23:46:30 0 0 경기79바1609 3 38 232000073 113000412 42 
2021-01-03T23:47:29 0 0 경기79바1609 3 38 232000073 113000412 42 
2021-01-03T23:48:28 0 0 경기79바1609 3 38 232000073 113000412 42 
2021-01-03T23:49:28 0 0 경기79바1609 3 38 232000073 113000412 42 
2021-01-03T23:50:28 0 0 경기79바1609 3 38 232000073 113000412 42 
2021-01-03T23:51:27 0 0 경기79바1609 3 38 232000073 277103529 43 
2021-01-03T23:52:27 0 0 경기79바1609 3 38 232000073 277103529 43 
2021-01-03T23:53:26 0 0 경기79바1609 3 38 232000073 277103529 43 
2021-01-03T23:54:26 0 0 경기79바1609 3 38 232000073 277103402 44 
2021-01-03T23:55:25 0 0 경기79바1609 3 38 232000073 277103402 44 
2021-01-03T23:56:25 0 0 경기79바1609 3 38 232000073 277103402 44 
2021-01-03T23:57:24 0 0 경기79바1609 3 38 232000073 277103401 45 
2021-01-03T23:58:24 0 0 경기79바1609 3 38 232000073 277103401 45 
2021-01-03T23:59:23 0 0 경기79바1609 3 38 232000073 277103401 45 
2021-01-04T00:00:23 0 0 경기79바1609 3 38 232000073 277103401 45 
2021-01-04T00:01:22 0 0 경기79바1609 3 38 232000073 277103401 45 
2021-01-04T00:02:22 0 0 경기79바1609 3 38 232000073 232000432 46 
2021-01-04T00:03:21 0 0 경기79바1609 3 38 232000073 232000432 46 
2021-01-04T00:04:20 0 0 경기79바1609 3 39 232000073 232000432 46 
2021-01-04T00:05:20 0 0 경기79바1609 3 39 232000073 232000432 46 
2021-01-04T00:06:19 0 0 경기79바1609 3 39 232000073 232000432 46 
2021-01-04T00:07:19 0 0 경기79바1609 3 39 232000073 232000432 46 
2021-01-04T00:08:18 0 0 경기79바1609 3 40 232000073 232000429 47 
2021-01-04T00:09:17 0 0 경기79바1609 3 40 232000073 232000429 47 
2021-01-04T00:10:16 0 0 경기79바1609 3 40 232000073 232000353 49 
2021-01-04T00:11:15 0 0 경기79바1609 3 40 232000073 232000353 49 
2021-01-04T00:12:15 0 0 경기79바1609 3 40 232000073 232000352 50 
2021-01-04T00:13:14 0 0 경기79바1609 3 40 232000073 232000352 50 
2021-01-04T00:14:13 0 0 경기79바1609 3 41 232000073 232000351 51 
2021-01-04T00:15:13 0 0 경기79바1609 3 41 232000073 232000350 52 
2021-01-04T00:16:12 0 0 경기79바1609 3 41 232000073 232000350 52 
2021-01-04T00:17:12 0 0 경기79바1609 3 41 232000073 232000001 53 
2021-01-04T00:18:11 0 0 경기79바1609 3 41 232000073 232000001 53 
2021-01-04T00:19:12 0 0 경기79바1609 3 41 232000073 232000001 53 
2021-01-04T00:20:11 0 0 경기79바1609 3 41 232000073 232000001 53 
2021-01-04T00:21:10 0 0 경기79바1609 3 41 232000073 168000447 54 
2021-01-04T00:22:09 0 0 경기79바1609 3 41 232000073 168000447 54 
2021-01-04T00:23:09 0 0 경기79바1609 3 41 232000073 168000443 55 
2021-01-04T00:24:08 0 0 경기79바1609 3 41 232000073 168000443 55 
2021-01-04T00:25:07 0 0 경기79바1609 3 41 232000073 168000437 56 
2021-01-04T00:26:07 0 0 경기79바1609 3 41 232000073 168000437 56 
