218000011 2021-01-01T22:40:11.528936+09:00
2021-01-02T10:51:44 0 0 경기73아1596 3 41 218000011 219000644 1 
2021-01-02T10:52:44 0 0 경기73아1596 3 41 218000011 277102634 2 
2021-01-02T10:53:43 0 0 경기73아1596 3 41 218000011 277102634 2 
2021-01-02T10:54:43 0 0 경기73아1596 3 41 218000011 277102634 2 
2021-01-02T10:55:43 0 0 경기73아1596 3 41 218000011 219000565 4 
2021-01-02T10:56:42 0 0 경기73아1596 3 41 218000011 219000440 6 
2021-01-02T10:57:41 0 0 경기73아1596 3 41 218000011 219000443 7 
2021-01-02T10:58:40 0 0 경기73아1596 3 41 218000011 219000443 7 
2021-01-02T10:59:40 0 0 경기73아1596 3 41 218000011 219000435 8 
2021-01-02T11:00:39 0 0 경기73아1596 3 41 218000011 219000434 9 
2021-01-02T11:01:39 0 0 경기73아1596 3 41 218000011 219000434 9 
2021-01-02T11:02:38 0 0 경기73아1596 3 41 218000011 219000434 9 
2021-01-02T11:03:38 0 0 경기73아1596 3 41 218000011 219001153 10 
2021-01-02T11:04:37 0 0 경기73아1596 3 41 218000011 219000450 11 
2021-01-02T11:05:37 0 0 경기73아1596 3 41 218000011 219000343 12 
2021-01-02T11:06:36 0 0 경기73아1596 3 41 218000011 219000673 13 
2021-01-02T11:07:35 0 0 경기73아1596 3 41 218000011 219000673 13 
2021-01-02T11:08:34 0 0 경기73아1596 3 41 218000011 219001172 14 
2021-01-02T11:09:34 0 0 경기73아1596 3 41 218000011 219000999 15 
2021-01-02T11:10:34 0 0 경기73아1596 3 41 218000011 219000627 16 
2021-01-02T11:11:33 0 0 경기73아1596 3 41 218000011 219000627 16 
2021-01-02T11:12:32 0 0 경기73아1596 3 41 218000011 219000363 17 
2021-01-02T11:13:33 0 0 경기73아1596 3 40 218000011 219000363 17 
2021-01-02T11:14:32 0 0 경기73아1596 3 40 218000011 219000192 18 
2021-01-02T11:15:32 0 0 경기73아1596 3 40 218000011 219000192 18 
2021-01-02T11:16:31 0 0 경기73아1596 3 40 218000011 219000192 18 
2021-01-02T11:17:30 0 0 경기73아1596 3 40 218000011 219000131 19 
2021-01-02T11:18:30 0 0 경기73아1596 3 40 218000011 219000131 19 
2021-01-02T11:19:30 0 0 경기73아1596 3 40 218000011 219000356 20 
2021-01-02T11:20:29 0 0 경기73아1596 3 39 218000011 219000370 21 
2021-01-02T11:21:29 0 0 경기73아1596 3 39 218000011 219000370 21 
2021-01-02T11:22:29 0 0 경기73아1596 3 39 218000011 219000368 23 
2021-01-02T11:23:29 0 0 경기73아1596 3 38 218000011 219000368 23 
2021-01-02T11:24:29 0 0 경기73아1596 3 38 218000011 219000163 24 
2021-01-02T11:25:28 0 0 경기73아1596 3 37 218000011 219000163 24 
2021-01-02T11:26:27 0 0 경기73아1596 3 37 218000011 219000163 24 
2021-01-02T11:27:28 0 0 경기73아1596 3 37 218000011 219000163 24 
2021-01-02T11:28:27 0 0 경기73아1596 3 37 218000011 219000163 24 
2021-01-02T11:29:26 0 0 경기73아1596 3 37 218000011 219000163 24 
2021-01-02T11:30:25 0 0 경기73아1596 3 37 218000011 218000316 25 
2021-01-02T11:31:24 0 0 경기73아1596 3 37 218000011 218000316 25 
2021-01-02T11:32:23 0 0 경기73아1596 3 36 218000011 218000317 26 
2021-01-02T11:33:22 0 0 경기73아1596 3 36 218000011 218000318 27 
2021-01-02T11:34:22 0 0 경기73아1596 3 36 218000011 218000318 27 
2021-01-02T11:35:22 0 0 경기73아1596 3 36 218000011 218000637 28 
2021-01-02T11:36:23 0 0 경기73아1596 3 35 218000011 218000637 28 
2021-01-02T11:37:22 0 0 경기73아1596 3 35 218000011 218000637 28 
2021-01-02T11:38:21 0 0 경기73아1596 3 35 218000011 218000637 28 
2021-01-02T11:39:20 0 0 경기73아1596 3 35 218000011 218000145 29 
2021-01-02T11:40:20 0 0 경기73아1596 3 35 218000011 218000145 29 
2021-01-02T11:41:20 0 0 경기73아1596 3 35 218000011 277103090 30 
2021-01-02T11:42:20 0 0 경기73아1596 3 35 218000011 277103090 30 
2021-01-02T11:43:20 0 0 경기73아1596 3 35 218000011 218000140 31 
2021-01-02T11:44:19 0 0 경기73아1596 3 35 218000011 218000140 31 
2021-01-02T11:45:18 0 0 경기73아1596 3 35 218000011 218000140 31 
2021-01-02T11:46:17 0 0 경기73아1596 3 35 218000011 218000140 31 
2021-01-02T11:47:17 0 0 경기73아1596 3 35 218000011 218000140 31 
2021-01-02T11:48:18 0 0 경기73아1596 3 35 218000011 111000007 32 
2021-01-02T11:49:17 0 0 경기73아1596 3 35 218000011 111000007 32 
2021-01-02T11:50:16 0 0 경기73아1596 3 35 218000011 111000007 32 
2021-01-02T11:51:16 0 0 경기73아1596 3 35 218000011 111000007 32 
2021-01-02T11:52:15 0 0 경기73아1596 3 35 218000011 111000007 32 
2021-01-02T11:53:14 0 0 경기73아1596 3 35 218000011 111000007 32 
2021-01-02T11:54:14 0 0 경기73아1596 3 35 218000011 111000007 32 
2021-01-02T11:55:14 0 0 경기73아1596 3 35 218000011 111000007 32 
2021-01-02T11:56:14 0 0 경기73아1596 3 35 218000011 112000012 33 
2021-01-02T11:57:14 0 0 경기73아1596 3 36 218000011 277101784 34 
2021-01-02T11:58:13 0 0 경기73아1596 3 36 218000011 277101784 34 
2021-01-02T11:59:12 0 0 경기73아1596 3 36 218000011 277101784 34 
2021-01-02T12:00:12 0 0 경기73아1596 3 36 218000011 277103098 35 
2021-01-02T12:01:12 0 0 경기73아1596 3 36 218000011 277103099 36 
2021-01-02T12:02:12 0 0 경기73아1596 3 36 218000011 277103099 36 
2021-01-02T12:03:12 0 0 경기73아1596 3 39 218000011 100000034 37 
2021-01-02T12:04:12 0 0 경기73아1596 3 39 218000011 277104283 38 
2021-01-02T12:05:11 0 0 경기73아1596 3 40 218000011 101000128 39 
2021-01-02T12:06:10 0 0 경기73아1596 3 40 218000011 101000128 39 
2021-01-02T12:07:10 0 0 경기73아1596 3 40 218000011 101000022 40 
2021-01-02T12:08:09 0 0 경기73아1596 3 40 218000011 277101885 41 
2021-01-02T12:09:09 0 0 경기73아1596 3 40 218000011 277101993 42 
2021-01-02T12:10:09 0 0 경기73아1596 3 40 218000011 101000020 43 
2021-01-02T12:11:08 0 0 경기73아1596 3 40 218000011 101000020 43 
2021-01-02T12:12:07 0 0 경기73아1596 3 40 218000011 101000020 43 
2021-01-02T12:13:07 0 0 경기73아1596 3 40 218000011 101000020 43 
2021-01-02T12:14:07 0 0 경기73아1596 3 40 218000011 277102320 44 
2021-01-02T12:15:06 0 0 경기73아1596 3 40 218000011 277102320 44 
2021-01-02T12:16:06 0 0 경기73아1596 3 40 218000011 277104396 45 
2021-01-02T12:17:06 0 0 경기73아1596 3 40 218000011 277104396 45 
2021-01-02T12:18:06 0 0 경기73아1596 3 40 218000011 277104396 45 
2021-01-02T12:19:05 0 0 경기73아1596 3 40 218000011 112000013 46 
2021-01-02T12:20:04 0 0 경기73아1596 3 40 218000011 112000013 46 
2021-01-02T12:21:04 0 0 경기73아1596 3 40 218000011 112000013 46 
2021-01-02T12:22:03 0 0 경기73아1596 3 40 218000011 112000013 46 
2021-01-02T12:23:03 0 0 경기73아1596 3 40 218000011 112000013 46 
2021-01-02T12:24:03 0 0 경기73아1596 3 40 218000011 112000013 46 
2021-01-02T12:25:02 0 0 경기73아1596 3 40 218000011 112000013 46 
2021-01-02T12:26:02 0 0 경기73아1596 3 40 218000011 111000008 47 
2021-01-02T12:27:02 0 0 경기73아1596 3 41 218000011 111000008 47 
2021-01-02T12:28:01 0 0 경기73아1596 3 41 218000011 111000008 47 
2021-01-02T12:29:01 0 0 경기73아1596 3 41 218000011 111000008 47 
2021-01-02T12:30:01 0 0 경기73아1596 3 41 218000011 111000008 47 
2021-01-02T12:31:00 0 0 경기73아1596 3 41 218000011 111000008 47 
2021-01-02T12:31:59 0 0 경기73아1596 3 41 218000011 111000008 47 
2021-01-02T12:32:59 0 0 경기73아1596 3 41 218000011 218000139 48 
2021-01-02T12:33:59 0 0 경기73아1596 3 41 218000011 277103091 49 
2021-01-02T12:34:58 0 0 경기73아1596 3 41 218000011 277103091 49 
2021-01-02T12:35:57 0 0 경기73아1596 3 41 218000011 277103091 49 
2021-01-02T12:36:57 0 0 경기73아1596 3 41 218000011 277103091 49 
2021-01-02T12:37:57 0 0 경기73아1596 3 41 218000011 218000134 50 
2021-01-02T12:38:56 0 0 경기73아1596 3 41 218000011 218000078 52 
2021-01-02T12:39:55 0 0 경기73아1596 3 41 218000011 218000078 52 
2021-01-02T12:40:54 0 0 경기73아1596 3 41 218000011 218000319 53 
2021-01-02T12:41:54 0 0 경기73아1596 3 41 218000011 218000319 53 
2021-01-02T12:42:54 0 0 경기73아1596 3 41 218000011 218000320 54 
2021-01-02T12:43:54 0 0 경기73아1596 3 41 218000011 218000320 54 
2021-01-02T12:44:53 0 0 경기73아1596 3 41 218000011 218000320 54 
2021-01-02T12:45:52 0 0 경기73아1596 3 41 218000011 218000320 54 
2021-01-02T12:46:52 0 0 경기73아1596 3 41 218000011 218000320 54 
2021-01-02T12:47:51 0 0 경기73아1596 3 41 218000011 219000386 55 
2021-01-02T12:48:50 0 0 경기73아1596 3 41 218000011 219000386 55 
2021-01-02T12:49:49 0 0 경기73아1596 3 41 218000011 219000385 56 
2021-01-02T12:50:49 0 0 경기73아1596 3 41 218000011 219000385 56 
2021-01-02T12:51:49 0 0 경기73아1596 3 41 218000011 219000385 56 
2021-01-02T12:52:48 0 0 경기73아1596 3 41 218000011 219000383 57 
2021-01-02T12:53:49 0 0 경기73아1596 3 41 218000011 219000383 57 
2021-01-02T12:54:49 0 0 경기73아1596 3 41 218000011 219000383 57 
2021-01-02T12:55:48 0 0 경기73아1596 3 41 218000011 219000191 58 
2021-01-02T12:56:47 0 0 경기73아1596 3 41 218000011 219000191 58 
2021-01-02T12:57:46 0 0 경기73아1596 3 41 218000011 219000191 58 
2021-01-02T12:58:46 0 0 경기73아1596 3 41 218000011 219000130 59 
2021-01-02T12:59:46 0 0 경기73아1596 3 41 218000011 219000130 59 
2021-01-02T13:00:46 0 0 경기73아1596 3 41 218000011 219000189 61 
2021-01-02T13:01:46 0 0 경기73아1596 3 41 218000011 219000189 61 
2021-01-02T13:02:46 0 0 경기73아1596 3 41 218000011 219000189 61 
2021-01-02T13:03:45 0 0 경기73아1596 3 41 218000011 219000623 63 
2021-01-02T13:04:45 0 0 경기73아1596 3 41 218000011 219000623 63 
2021-01-02T13:05:44 0 0 경기73아1596 3 41 218000011 219001155 64 
2021-01-02T13:06:43 0 0 경기73아1596 3 41 218000011 219000674 65 
2021-01-02T13:07:43 0 0 경기73아1596 3 41 218000011 219000119 66 
2021-01-02T13:08:42 0 0 경기73아1596 3 41 218000011 219000119 66 
2021-01-02T13:09:42 0 0 경기73아1596 3 41 218000011 219000119 66 
2021-01-02T13:10:41 0 0 경기73아1596 3 41 218000011 219000119 66 
2021-01-02T13:11:40 0 0 경기73아1596 3 41 218000011 219000451 67 
2021-01-02T13:12:40 0 0 경기73아1596 3 41 218000011 219001152 68 
2021-01-02T13:13:39 0 0 경기73아1596 3 41 218000011 219000645 75 
2021-01-02T13:14:39 0 0 경기73아1596 3 41 218000011 219000645 75 
2021-01-02T13:15:38 0 0 경기73아1596 3 41 218000011 219000645 75 
2021-01-02T13:16:38 0 0 경기73아1596 3 41 218000011 219000645 75 
2021-01-02T13:17:38 0 0 경기73아1596 3 41 218000011 219000645 75 
2021-01-02T13:18:38 0 0 경기73아1596 3 41 218000011 219000645 75 
2021-01-02T13:19:37 0 0 경기73아1596 3 41 218000011 219000645 75 
2021-01-02T13:20:37 0 0 경기73아1596 3 41 218000011 219000645 75 
2021-01-02T13:21:37 0 0 경기73아1596 3 41 218000011 219000645 75 
2021-01-02T13:22:36 0 0 경기73아1596 3 41 218000011 219000645 75 
2021-01-02T13:23:36 0 0 경기73아1596 3 41 218000011 219000645 75 
2021-01-02T13:24:36 0 0 경기73아1596 3 41 218000011 219000645 75 
2021-01-02T13:25:36 0 0 경기73아1596 3 41 218000011 219000645 75 
2021-01-02T13:26:36 0 0 경기73아1596 3 41 218000011 219000645 75 
2021-01-02T13:27:35 0 0 경기73아1596 3 41 218000011 219000645 75 
2021-01-02T14:40:08 0 0 경기73아1596 3 41 218000011 219000644 1 
2021-01-02T14:41:08 0 0 경기73아1596 3 41 218000011 219000644 1 
2021-01-02T14:42:08 0 0 경기73아1596 3 41 218000011 277102634 2 
2021-01-02T14:43:07 0 0 경기73아1596 3 41 218000011 277102634 2 
2021-01-02T14:44:07 0 0 경기73아1596 3 41 218000011 219000565 4 
2021-01-02T14:45:07 0 0 경기73아1596 3 41 218000011 219000440 6 
2021-01-02T14:46:06 0 0 경기73아1596 3 41 218000011 219000443 7 
2021-01-02T14:47:06 0 0 경기73아1596 3 41 218000011 219000443 7 
2021-01-02T14:48:06 0 0 경기73아1596 3 41 218000011 219000435 8 
2021-01-02T14:49:06 0 0 경기73아1596 3 41 218000011 219000434 9 
2021-01-02T14:50:06 0 0 경기73아1596 3 41 218000011 219000434 9 
2021-01-02T14:51:06 0 0 경기73아1596 3 41 218000011 219001153 10 
2021-01-02T14:52:05 0 0 경기73아1596 3 41 218000011 219001153 10 
2021-01-02T14:53:05 0 0 경기73아1596 3 41 218000011 219001153 10 
2021-01-02T14:54:04 0 0 경기73아1596 3 41 218000011 219000450 11 
2021-01-02T14:55:04 0 0 경기73아1596 3 41 218000011 219000343 12 
2021-01-02T14:56:04 0 0 경기73아1596 3 41 218000011 219000343 12 
2021-01-02T14:57:04 0 0 경기73아1596 3 41 218000011 219000343 12 
2021-01-02T14:58:03 0 0 경기73아1596 3 41 218000011 219000673 13 
2021-01-02T14:59:03 0 0 경기73아1596 3 41 218000011 219000673 13 
2021-01-02T15:00:03 0 0 경기73아1596 3 41 218000011 219000673 13 
2021-01-02T15:01:02 0 0 경기73아1596 3 41 218000011 219001172 14 
2021-01-02T15:02:02 0 0 경기73아1596 3 40 218000011 219000999 15 
2021-01-02T15:03:02 0 0 경기73아1596 3 40 218000011 219000627 16 
2021-01-02T15:04:02 0 0 경기73아1596 3 40 218000011 219000627 16 
2021-01-02T15:05:02 0 0 경기73아1596 3 41 218000011 219000363 17 
2021-01-02T15:06:01 0 0 경기73아1596 3 41 218000011 219000192 18 
2021-01-02T15:07:01 0 0 경기73아1596 3 41 218000011 219000192 18 
2021-01-02T15:08:00 0 0 경기73아1596 3 41 218000011 219000192 18 
2021-01-02T15:09:00 0 0 경기73아1596 3 41 218000011 219000131 19 
2021-01-02T15:10:00 0 0 경기73아1596 3 41 218000011 219000356 20 
2021-01-02T15:11:00 0 0 경기73아1596 3 41 218000011 219000356 20 
2021-01-02T15:11:59 0 0 경기73아1596 3 41 218000011 219000370 21 
2021-01-02T15:12:59 0 0 경기73아1596 3 41 218000011 219000370 21 
2021-01-02T15:13:59 0 0 경기73아1596 3 41 218000011 219000454 22 
2021-01-02T15:14:59 0 0 경기73아1596 3 40 218000011 219000368 23 
2021-01-02T15:15:58 0 0 경기73아1596 3 40 218000011 219000368 23 
2021-01-02T15:16:58 0 0 경기73아1596 3 39 218000011 219000163 24 
2021-01-02T15:17:58 0 0 경기73아1596 3 39 218000011 219000163 24 
2021-01-02T15:18:58 0 0 경기73아1596 3 39 218000011 219000163 24 
2021-01-02T15:19:57 0 0 경기73아1596 3 39 218000011 219000163 24 
2021-01-02T15:20:56 0 0 경기73아1596 3 39 218000011 219000163 24 
2021-01-02T15:21:56 0 0 경기73아1596 3 39 218000011 219000163 24 
2021-01-02T15:22:56 0 0 경기73아1596 3 39 218000011 218000316 25 
2021-01-02T15:23:55 0 0 경기73아1596 3 39 218000011 218000317 26 
2021-01-02T15:24:54 0 0 경기73아1596 3 39 218000011 218000317 26 
2021-01-02T15:25:54 0 0 경기73아1596 3 39 218000011 218000318 27 
2021-01-02T15:26:53 0 0 경기73아1596 3 39 218000011 218000145 29 
2021-01-02T15:27:53 0 0 경기73아1596 3 39 218000011 218000145 29 
2021-01-02T15:28:53 0 0 경기73아1596 3 39 218000011 277103090 30 
2021-01-02T15:29:53 0 0 경기73아1596 3 39 218000011 277103090 30 
2021-01-02T15:30:52 0 0 경기73아1596 3 39 218000011 218000140 31 
2021-01-02T15:31:52 0 0 경기73아1596 3 39 218000011 218000140 31 
2021-01-02T15:32:52 0 0 경기73아1596 3 39 218000011 218000140 31 
2021-01-02T15:33:51 0 0 경기73아1596 3 39 218000011 218000140 31 
2021-01-02T15:34:51 0 0 경기73아1596 3 39 218000011 218000140 31 
2021-01-02T15:35:51 0 0 경기73아1596 3 39 218000011 111000007 32 
2021-01-02T15:36:51 0 0 경기73아1596 3 40 218000011 111000007 32 
2021-01-02T15:37:50 0 0 경기73아1596 3 40 218000011 111000007 32 
2021-01-02T15:38:50 0 0 경기73아1596 3 40 218000011 111000007 32 
2021-01-02T15:39:50 0 0 경기73아1596 3 40 218000011 111000007 32 
2021-01-02T15:40:49 0 0 경기73아1596 3 40 218000011 111000007 32 
2021-01-02T15:41:49 0 0 경기73아1596 3 40 218000011 111000007 32 
2021-01-02T15:42:49 0 0 경기73아1596 3 40 218000011 111000007 32 
2021-01-02T15:43:49 0 0 경기73아1596 3 40 218000011 111000007 32 
2021-01-02T15:44:48 0 0 경기73아1596 3 40 218000011 112000012 33 
2021-01-02T15:45:48 0 0 경기73아1596 3 40 218000011 277101784 34 
2021-01-02T15:46:47 0 0 경기73아1596 3 40 218000011 277101784 34 
2021-01-02T15:47:47 0 0 경기73아1596 3 40 218000011 277103098 35 
2021-01-02T15:48:47 0 0 경기73아1596 3 40 218000011 277103098 35 
2021-01-02T15:49:47 0 0 경기73아1596 3 40 218000011 277103099 36 
2021-01-02T15:50:46 0 0 경기73아1596 3 40 218000011 277103099 36 
2021-01-02T15:51:45 0 0 경기73아1596 3 40 218000011 277103099 36 
2021-01-02T15:52:45 0 0 경기73아1596 3 40 218000011 100000034 37 
2021-01-02T15:53:45 0 0 경기73아1596 3 40 218000011 100000034 37 
2021-01-02T15:54:44 0 0 경기73아1596 3 40 218000011 277104283 38 
2021-01-02T15:55:44 0 0 경기73아1596 3 40 218000011 101000128 39 
2021-01-02T15:56:43 0 0 경기73아1596 3 40 218000011 101000128 39 
2021-01-02T15:57:43 0 0 경기73아1596 3 40 218000011 101000022 40 
2021-01-02T15:58:43 0 0 경기73아1596 3 40 218000011 277101993 42 
2021-01-02T15:59:43 0 0 경기73아1596 3 40 218000011 101000020 43 
2021-01-02T16:00:42 0 0 경기73아1596 3 39 218000011 101000020 43 
2021-01-02T16:01:42 0 0 경기73아1596 3 39 218000011 101000020 43 
2021-01-02T16:02:42 0 0 경기73아1596 3 39 218000011 101000020 43 
2021-01-02T16:03:41 0 0 경기73아1596 3 39 218000011 277102320 44 
2021-01-02T16:04:41 0 0 경기73아1596 3 39 218000011 277102320 44 
2021-01-02T16:05:40 0 0 경기73아1596 3 39 218000011 277104396 45 
2021-01-02T16:06:40 0 0 경기73아1596 3 39 218000011 277104396 45 
2021-01-02T16:07:39 0 0 경기73아1596 3 39 218000011 112000013 46 
2021-01-02T16:08:39 0 0 경기73아1596 3 35 218000011 112000013 46 
2021-01-02T16:09:39 0 0 경기73아1596 3 35 218000011 112000013 46 
2021-01-02T16:10:38 0 0 경기73아1596 3 35 218000011 112000013 46 
2021-01-02T16:11:38 0 0 경기73아1596 3 35 218000011 112000013 46 
2021-01-02T16:12:37 0 0 경기73아1596 3 35 218000011 112000013 46 
2021-01-02T16:13:37 0 0 경기73아1596 3 35 218000011 112000013 46 
2021-01-02T16:14:37 0 0 경기73아1596 3 35 218000011 112000013 46 
2021-01-02T16:15:37 0 0 경기73아1596 3 35 218000011 112000013 46 
2021-01-02T16:16:36 0 0 경기73아1596 3 33 218000011 111000008 47 
2021-01-02T16:17:37 0 0 경기73아1596 3 33 218000011 111000008 47 
2021-01-02T16:18:36 0 0 경기73아1596 3 33 218000011 111000008 47 
2021-01-02T16:19:36 0 0 경기73아1596 3 33 218000011 111000008 47 
2021-01-02T16:20:35 0 0 경기73아1596 3 33 218000011 111000008 47 
2021-01-02T16:21:35 0 0 경기73아1596 3 33 218000011 111000008 47 
2021-01-02T16:22:35 0 0 경기73아1596 3 33 218000011 111000008 47 
2021-01-02T16:23:35 0 0 경기73아1596 3 33 218000011 218000139 48 
2021-01-02T16:24:34 0 0 경기73아1596 3 33 218000011 218000139 48 
2021-01-02T16:25:34 0 0 경기73아1596 3 33 218000011 277103091 49 
2021-01-02T16:26:34 0 0 경기73아1596 3 33 218000011 277103091 49 
2021-01-02T16:27:33 0 0 경기73아1596 3 33 218000011 277103091 49 
2021-01-02T16:28:33 0 0 경기73아1596 3 33 218000011 277103091 49 
2021-01-02T16:29:32 0 0 경기73아1596 3 34 218000011 218000134 50 
2021-01-02T16:30:32 0 0 경기73아1596 3 35 218000011 218000636 51 
2021-01-02T16:31:31 0 0 경기73아1596 3 35 218000011 218000636 51 
2021-01-02T16:32:31 0 0 경기73아1596 3 37 218000011 218000078 52 
2021-01-02T16:33:31 0 0 경기73아1596 3 36 218000011 218000078 52 
2021-01-02T16:34:30 0 0 경기73아1596 3 36 218000011 218000078 52 
2021-01-02T16:35:30 0 0 경기73아1596 3 37 218000011 218000319 53 
2021-01-02T16:36:29 0 0 경기73아1596 3 37 218000011 218000319 53 
2021-01-02T16:37:29 0 0 경기73아1596 3 38 218000011 218000320 54 
2021-01-02T16:38:29 0 0 경기73아1596 3 38 218000011 218000320 54 
2021-01-02T16:39:29 0 0 경기73아1596 3 38 218000011 218000320 54 
2021-01-02T16:40:29 0 0 경기73아1596 3 38 218000011 218000320 54 
2021-01-02T16:41:28 0 0 경기73아1596 3 38 218000011 219000386 55 
2021-01-02T16:42:27 0 0 경기73아1596 3 38 218000011 219000386 55 
2021-01-02T16:43:26 0 0 경기73아1596 3 38 218000011 219000386 55 
2021-01-02T16:44:26 0 0 경기73아1596 3 38 218000011 219000385 56 
2021-01-02T16:45:25 0 0 경기73아1596 3 38 218000011 219000385 56 
2021-01-02T16:46:25 0 0 경기73아1596 3 39 218000011 219000385 56 
2021-01-02T16:47:25 0 0 경기73아1596 3 39 218000011 219000383 57 
2021-01-02T16:48:24 0 0 경기73아1596 3 39 218000011 219000383 57 
2021-01-02T16:49:23 0 0 경기73아1596 3 39 218000011 219000383 57 
2021-01-02T16:50:23 0 0 경기73아1596 3 40 218000011 219000191 58 
2021-01-02T16:51:22 0 0 경기73아1596 3 40 218000011 219000130 59 
2021-01-02T16:52:21 0 0 경기73아1596 3 40 218000011 219000190 60 
2021-01-02T16:53:20 0 0 경기73아1596 3 40 218000011 219000190 60 
2021-01-02T16:54:20 0 0 경기73아1596 3 40 218000011 219000190 60 
2021-01-02T16:55:19 0 0 경기73아1596 3 41 218000011 219000189 61 
2021-01-02T16:56:19 0 0 경기73아1596 3 41 218000011 219000189 61 
2021-01-02T16:57:18 0 0 경기73아1596 3 41 218000011 219000129 62 
2021-01-02T16:58:18 0 0 경기73아1596 3 41 218000011 219000129 62 
2021-01-02T16:59:18 0 0 경기73아1596 3 41 218000011 219000623 63 
2021-01-02T17:00:18 0 0 경기73아1596 3 41 218000011 219001155 64 
2021-01-02T17:01:17 0 0 경기73아1596 3 41 218000011 219000674 65 
2021-01-02T17:02:17 0 0 경기73아1596 3 41 218000011 219000119 66 
2021-01-02T17:03:17 0 0 경기73아1596 3 41 218000011 219000119 66 
2021-01-02T17:04:17 0 0 경기73아1596 3 41 218000011 219000119 66 
2021-01-02T17:05:16 0 0 경기73아1596 3 41 218000011 219000119 66 
2021-01-02T17:06:16 0 0 경기73아1596 3 41 218000011 219000119 66 
2021-01-02T17:07:16 0 0 경기73아1596 3 41 218000011 219000451 67 
2021-01-02T17:08:16 0 0 경기73아1596 3 41 218000011 219000645 75 
2021-01-02T17:09:16 0 0 경기73아1596 3 41 218000011 219000645 75 
2021-01-02T17:10:15 0 0 경기73아1596 3 41 218000011 219000645 75 
2021-01-02T17:11:15 0 0 경기73아1596 3 41 218000011 219000645 75 
2021-01-02T17:12:15 0 0 경기73아1596 3 41 218000011 219000645 75 
2021-01-02T17:13:15 0 0 경기73아1596 3 41 218000011 219000645 75 
2021-01-02T17:14:15 0 0 경기73아1596 3 41 218000011 219000645 75 
2021-01-02T17:15:15 0 0 경기73아1596 3 41 218000011 219000645 75 
2021-01-02T17:16:15 0 0 경기73아1596 3 41 218000011 219000645 75 
2021-01-02T17:17:14 0 0 경기73아1596 3 41 218000011 219000645 75 
2021-01-02T17:18:13 0 0 경기73아1596 3 41 218000011 219000645 75 
2021-01-02T17:19:13 0 0 경기73아1596 3 41 218000011 219000645 75 
2021-01-02T17:20:13 0 0 경기73아1596 3 41 218000011 219000645 75 
2021-01-02T17:21:13 0 0 경기73아1596 3 41 218000011 219000645 75 
2021-01-02T17:22:12 0 0 경기73아1596 3 41 218000011 219000645 75 
