218000011 2021-01-02T22:40:05.507698+09:00
2021-01-03T07:01:46 0 0 경기73아1599 3 41 218000011 219000645 75 
2021-01-03T07:02:46 0 0 경기73아1599 3 41 218000011 219000644 1 
2021-01-03T07:03:45 0 0 경기73아1599 3 41 218000011 277102634 2 
2021-01-03T07:04:44 0 0 경기73아1599 3 41 218000011 219000573 5 
2021-01-03T07:05:43 0 0 경기73아1599 3 41 218000011 219000443 7 
2021-01-03T07:06:43 0 0 경기73아1599 3 41 218000011 219000443 7 
2021-01-03T07:07:43 0 0 경기73아1599 3 41 218000011 219000443 7 
2021-01-03T07:08:42 0 0 경기73아1599 3 41 218000011 219000435 8 
2021-01-03T07:09:42 0 0 경기73아1599 3 41 218000011 219000434 9 
2021-01-03T07:10:42 0 0 경기73아1599 3 41 218000011 219000434 9 
2021-01-03T07:11:41 0 0 경기73아1599 3 41 218000011 219001153 10 
2021-01-03T07:12:41 0 0 경기73아1599 3 41 218000011 219000343 12 
2021-01-03T07:13:41 0 0 경기73아1599 3 41 218000011 219000343 12 
2021-01-03T07:14:40 0 0 경기73아1599 3 41 218000011 219000673 13 
2021-01-03T07:15:40 0 0 경기73아1599 3 41 218000011 219000673 13 
2021-01-03T07:16:40 0 0 경기73아1599 3 41 218000011 219001172 14 
2021-01-03T07:17:39 0 0 경기73아1599 3 41 218000011 219000999 15 
2021-01-03T07:18:39 0 0 경기73아1599 3 41 218000011 219000627 16 
2021-01-03T07:19:39 0 0 경기73아1599 3 41 218000011 219000627 16 
2021-01-03T07:20:38 0 0 경기73아1599 3 41 218000011 219000363 17 
2021-01-03T07:21:37 0 0 경기73아1599 3 41 218000011 219000192 18 
2021-01-03T07:22:37 0 0 경기73아1599 3 41 218000011 219000192 18 
2021-01-03T07:23:37 0 0 경기73아1599 3 41 218000011 219000192 18 
2021-01-03T07:24:37 0 0 경기73아1599 3 41 218000011 219000131 19 
2021-01-03T07:25:37 0 0 경기73아1599 3 41 218000011 219000131 19 
2021-01-03T07:26:36 0 0 경기73아1599 3 40 218000011 219000356 20 
2021-01-03T07:27:35 0 0 경기73아1599 3 40 218000011 219000356 20 
2021-01-03T07:28:35 0 0 경기73아1599 3 40 218000011 219000356 20 
2021-01-03T07:29:34 0 0 경기73아1599 3 39 218000011 219000370 21 
2021-01-03T07:30:34 0 0 경기73아1599 3 39 218000011 219000454 22 
2021-01-03T07:31:34 0 0 경기73아1599 3 39 218000011 219000454 22 
2021-01-03T07:32:33 0 0 경기73아1599 3 39 218000011 219000368 23 
2021-01-03T07:33:33 0 0 경기73아1599 3 39 218000011 219000368 23 
2021-01-03T07:34:33 0 0 경기73아1599 3 39 218000011 219000368 23 
2021-01-03T07:35:32 0 0 경기73아1599 3 39 218000011 219000163 24 
2021-01-03T07:36:31 0 0 경기73아1599 3 39 218000011 219000163 24 
2021-01-03T07:37:30 0 0 경기73아1599 3 39 218000011 219000163 24 
2021-01-03T07:38:29 0 0 경기73아1599 3 39 218000011 219000163 24 
2021-01-03T07:39:28 0 0 경기73아1599 3 39 218000011 219000163 24 
2021-01-03T07:40:28 0 0 경기73아1599 3 39 218000011 219000163 24 
2021-01-03T07:41:28 0 0 경기73아1599 3 39 218000011 218000316 25 
2021-01-03T07:42:27 0 0 경기73아1599 3 39 218000011 218000317 26 
2021-01-03T07:43:26 0 0 경기73아1599 3 39 218000011 218000317 26 
2021-01-03T07:44:26 0 0 경기73아1599 3 39 218000011 218000318 27 
2021-01-03T07:45:25 0 0 경기73아1599 3 39 218000011 218000637 28 
2021-01-03T07:46:24 0 0 경기73아1599 3 39 218000011 218000145 29 
2021-01-03T07:47:24 0 0 경기73아1599 3 38 218000011 218000145 29 
2021-01-03T07:48:24 0 0 경기73아1599 3 38 218000011 218000145 29 
2021-01-03T07:49:23 0 0 경기73아1599 3 38 218000011 277103090 30 
2021-01-03T07:50:22 0 0 경기73아1599 3 38 218000011 218000140 31 
2021-01-03T07:51:21 0 0 경기73아1599 3 38 218000011 218000140 31 
2021-01-03T07:52:21 0 0 경기73아1599 3 38 218000011 218000140 31 
2021-01-03T07:53:21 0 0 경기73아1599 3 38 218000011 218000140 31 
2021-01-03T07:54:20 0 0 경기73아1599 3 39 218000011 218000140 31 
2021-01-03T07:55:20 0 0 경기73아1599 3 39 218000011 218000140 31 
2021-01-03T07:56:19 0 0 경기73아1599 3 39 218000011 218000140 31 
2021-01-03T07:57:18 0 0 경기73아1599 3 39 218000011 111000007 32 
2021-01-03T07:58:17 0 0 경기73아1599 3 39 218000011 111000007 32 
2021-01-03T07:59:17 0 0 경기73아1599 3 39 218000011 111000007 32 
2021-01-03T08:00:16 0 0 경기73아1599 3 39 218000011 111000007 32 
2021-01-03T08:01:16 0 0 경기73아1599 3 39 218000011 111000007 32 
2021-01-03T08:02:16 0 0 경기73아1599 3 39 218000011 111000007 32 
2021-01-03T08:03:15 0 0 경기73아1599 3 39 218000011 111000007 32 
2021-01-03T08:04:14 0 0 경기73아1599 3 39 218000011 111000007 32 
2021-01-03T08:05:14 0 0 경기73아1599 3 39 218000011 112000012 33 
2021-01-03T08:06:14 0 0 경기73아1599 3 39 218000011 277101784 34 
2021-01-03T08:07:14 0 0 경기73아1599 3 39 218000011 277101784 34 
2021-01-03T08:08:13 0 0 경기73아1599 3 39 218000011 277103098 35 
2021-01-03T08:09:13 0 0 경기73아1599 3 39 218000011 277103098 35 
2021-01-03T08:10:13 0 0 경기73아1599 3 39 218000011 277103099 36 
2021-01-03T08:11:13 0 0 경기73아1599 3 39 218000011 277103099 36 
2021-01-03T08:12:13 0 0 경기73아1599 3 39 218000011 277103099 36 
2021-01-03T08:13:12 0 0 경기73아1599 3 40 218000011 100000034 37 
2021-01-03T08:14:11 0 0 경기73아1599 3 40 218000011 277104283 38 
2021-01-03T08:15:12 0 0 경기73아1599 3 41 218000011 101000128 39 
2021-01-03T08:16:11 0 0 경기73아1599 3 41 218000011 101000022 40 
2021-01-03T08:17:10 0 0 경기73아1599 3 41 218000011 277101993 42 
2021-01-03T08:18:09 0 0 경기73아1599 3 41 218000011 277101993 42 
2021-01-03T08:19:09 0 0 경기73아1599 3 41 218000011 101000020 43 
2021-01-03T08:20:08 0 0 경기73아1599 3 40 218000011 101000020 43 
2021-01-03T08:21:08 0 0 경기73아1599 3 40 218000011 101000020 43 
2021-01-03T08:22:07 0 0 경기73아1599 3 40 218000011 101000020 43 
2021-01-03T08:23:06 0 0 경기73아1599 3 40 218000011 277102320 44 
2021-01-03T08:24:06 0 0 경기73아1599 3 40 218000011 277102320 44 
2021-01-03T08:25:05 0 0 경기73아1599 3 40 218000011 277102320 44 
2021-01-03T08:26:04 0 0 경기73아1599 3 40 218000011 277104396 45 
2021-01-03T08:27:04 0 0 경기73아1599 3 40 218000011 277104396 45 
2021-01-03T08:28:03 0 0 경기73아1599 3 40 218000011 112000013 46 
2021-01-03T08:29:02 0 0 경기73아1599 3 40 218000011 112000013 46 
2021-01-03T08:30:02 0 0 경기73아1599 3 40 218000011 112000013 46 
2021-01-03T08:31:02 0 0 경기73아1599 3 40 218000011 112000013 46 
2021-01-03T08:32:01 0 0 경기73아1599 3 40 218000011 112000013 46 
2021-01-03T08:33:01 0 0 경기73아1599 3 40 218000011 112000013 46 
2021-01-03T08:34:01 0 0 경기73아1599 3 40 218000011 112000013 46 
2021-01-03T08:35:01 0 0 경기73아1599 3 40 218000011 112000013 46 
2021-01-03T08:36:00 0 0 경기73아1599 3 40 218000011 111000008 47 
2021-01-03T08:37:00 0 0 경기73아1599 3 40 218000011 111000008 47 
2021-01-03T08:37:59 0 0 경기73아1599 3 40 218000011 111000008 47 
2021-01-03T08:38:59 0 0 경기73아1599 3 40 218000011 111000008 47 
2021-01-03T08:39:58 0 0 경기73아1599 3 40 218000011 111000008 47 
2021-01-03T08:40:58 0 0 경기73아1599 3 40 218000011 111000008 47 
2021-01-03T08:41:57 0 0 경기73아1599 3 40 218000011 111000008 47 
2021-01-03T08:42:57 0 0 경기73아1599 3 40 218000011 111000008 47 
2021-01-03T08:43:57 0 0 경기73아1599 3 40 218000011 218000139 48 
2021-01-03T08:44:56 0 0 경기73아1599 3 40 218000011 277103091 49 
2021-01-03T08:45:55 0 0 경기73아1599 3 40 218000011 277103091 49 
2021-01-03T08:46:55 0 0 경기73아1599 3 40 218000011 277103091 49 
2021-01-03T08:47:54 0 0 경기73아1599 3 41 218000011 218000134 50 
2021-01-03T08:48:53 0 0 경기73아1599 3 41 218000011 218000134 50 
2021-01-03T08:49:52 0 0 경기73아1599 3 41 218000011 218000636 51 
2021-01-03T08:50:52 0 0 경기73아1599 3 40 218000011 218000078 52 
2021-01-03T08:51:51 0 0 경기73아1599 3 40 218000011 218000319 53 
2021-01-03T08:52:51 0 0 경기73아1599 3 40 218000011 218000319 53 
2021-01-03T08:53:50 0 0 경기73아1599 3 40 218000011 218000320 54 
2021-01-03T08:54:49 0 0 경기73아1599 3 40 218000011 218000320 54 
2021-01-03T08:55:49 0 0 경기73아1599 3 39 218000011 218000320 54 
2021-01-03T08:56:48 0 0 경기73아1599 3 39 218000011 218000320 54 
2021-01-03T08:57:47 0 0 경기73아1599 3 39 218000011 218000320 54 
2021-01-03T08:58:47 0 0 경기73아1599 3 39 218000011 218000320 54 
2021-01-03T08:59:46 0 0 경기73아1599 3 40 218000011 219000386 55 
2021-01-03T09:00:45 0 0 경기73아1599 3 40 218000011 219000385 56 
2021-01-03T09:01:45 0 0 경기73아1599 3 40 218000011 219000385 56 
2021-01-03T09:02:44 0 0 경기73아1599 3 40 218000011 219000383 57 
2021-01-03T09:03:43 0 0 경기73아1599 3 40 218000011 219000383 57 
2021-01-03T09:04:42 0 0 경기73아1599 3 40 218000011 219000383 57 
2021-01-03T09:05:42 0 0 경기73아1599 3 41 218000011 219000191 58 
2021-01-03T09:06:41 0 0 경기73아1599 3 41 218000011 219000191 58 
2021-01-03T09:07:41 0 0 경기73아1599 3 41 218000011 219000130 59 
2021-01-03T09:08:40 0 0 경기73아1599 3 41 218000011 219000190 60 
2021-01-03T09:09:39 0 0 경기73아1599 3 41 218000011 219000189 61 
2021-01-03T09:10:39 0 0 경기73아1599 3 41 218000011 219000189 61 
2021-01-03T09:11:38 0 0 경기73아1599 3 41 218000011 219000623 63 
2021-01-03T09:12:38 0 0 경기73아1599 3 41 218000011 219000623 63 
2021-01-03T09:13:37 0 0 경기73아1599 3 41 218000011 219001155 64 
2021-01-03T09:14:37 0 0 경기73아1599 3 41 218000011 219000674 65 
2021-01-03T09:15:37 0 0 경기73아1599 3 41 218000011 219000119 66 
2021-01-03T09:16:37 0 0 경기73아1599 3 41 218000011 219000119 66 
2021-01-03T09:17:36 0 0 경기73아1599 3 41 218000011 219000451 67 
2021-01-03T09:18:36 0 0 경기73아1599 3 41 218000011 219001152 68 
2021-01-03T09:19:36 0 0 경기73아1599 3 41 218000011 219001152 68 
2021-01-03T09:20:35 0 0 경기73아1599 3 41 218000011 219001152 68 
2021-01-03T09:21:35 0 0 경기73아1599 3 41 218000011 219001152 68 
2021-01-03T09:22:35 0 0 경기73아1599 3 41 218000011 219001152 68 
2021-01-03T09:23:34 0 0 경기73아1599 3 41 218000011 219001152 68 
2021-01-03T09:24:33 0 0 경기73아1599 3 41 218000011 219001152 68 
2021-01-03T09:25:33 0 0 경기73아1599 3 41 218000011 219001152 68 
2021-01-03T09:26:32 0 0 경기73아1599 3 41 218000011 219001152 68 
2021-01-03T09:27:31 0 0 경기73아1599 3 41 218000011 219001152 68 
2021-01-03T09:28:31 0 0 경기73아1599 3 41 218000011 219001152 68 
2021-01-03T09:29:31 0 0 경기73아1599 3 41 218000011 219001152 68 
2021-01-03T09:30:30 0 0 경기73아1599 3 41 218000011 219001152 68 
2021-01-03T09:31:29 0 0 경기73아1599 3 41 218000011 219001152 68 
2021-01-03T09:32:29 0 0 경기73아1599 3 41 218000011 219001152 68 
2021-01-03T10:52:48 0 0 경기73아1599 3 41 218000011 219001152 68 
2021-01-03T10:53:48 0 0 경기73아1599 3 41 218000011 277102634 2 
2021-01-03T10:54:48 0 0 경기73아1599 3 41 218000011 277102634 2 
2021-01-03T10:55:47 0 0 경기73아1599 3 41 218000011 219000565 4 
2021-01-03T10:56:47 0 0 경기73아1599 3 41 218000011 219000440 6 
2021-01-03T10:57:47 0 0 경기73아1599 3 41 218000011 219000443 7 
2021-01-03T10:58:46 0 0 경기73아1599 3 41 218000011 219000435 8 
2021-01-03T10:59:45 0 0 경기73아1599 3 41 218000011 219000435 8 
2021-01-03T11:00:44 0 0 경기73아1599 3 41 218000011 219000434 9 
2021-01-03T11:01:44 0 0 경기73아1599 3 41 218000011 219000434 9 
2021-01-03T11:02:44 0 0 경기73아1599 3 41 218000011 219001153 10 
2021-01-03T11:03:43 0 0 경기73아1599 3 41 218000011 219001153 10 
2021-01-03T11:04:43 0 0 경기73아1599 3 41 218000011 219000450 11 
2021-01-03T11:05:42 0 0 경기73아1599 3 41 218000011 219000343 12 
2021-01-03T11:06:41 0 0 경기73아1599 3 41 218000011 219000343 12 
2021-01-03T11:07:40 0 0 경기73아1599 3 41 218000011 219000343 12 
2021-01-03T11:08:40 0 0 경기73아1599 3 41 218000011 219000673 13 
2021-01-03T11:09:40 0 0 경기73아1599 3 41 218000011 219001172 14 
2021-01-03T11:10:40 0 0 경기73아1599 3 41 218000011 219001172 14 
2021-01-03T11:11:40 0 0 경기73아1599 3 41 218000011 219001172 14 
2021-01-03T11:12:40 0 0 경기73아1599 3 41 218000011 219000999 15 
2021-01-03T11:13:40 0 0 경기73아1599 3 41 218000011 219000627 16 
2021-01-03T11:14:40 0 0 경기73아1599 3 41 218000011 219000627 16 
2021-01-03T11:15:40 0 0 경기73아1599 3 41 218000011 219000363 17 
2021-01-03T11:16:39 0 0 경기73아1599 3 41 218000011 219000192 18 
2021-01-03T11:17:39 0 0 경기73아1599 3 41 218000011 219000192 18 
2021-01-03T11:18:38 0 0 경기73아1599 3 41 218000011 219000192 18 
2021-01-03T11:19:37 0 0 경기73아1599 3 41 218000011 219000131 19 
2021-01-03T11:20:36 0 0 경기73아1599 3 40 218000011 219000356 20 
2021-01-03T11:21:36 0 0 경기73아1599 3 40 218000011 219000356 20 
2021-01-03T11:22:35 0 0 경기73아1599 3 40 218000011 219000356 20 
2021-01-03T11:23:35 0 0 경기73아1599 3 39 218000011 219000370 21 
2021-01-03T11:24:34 0 0 경기73아1599 3 39 218000011 219000370 21 
2021-01-03T11:25:34 0 0 경기73아1599 3 39 218000011 219000368 23 
2021-01-03T11:26:33 0 0 경기73아1599 3 39 218000011 219000368 23 
2021-01-03T11:27:32 0 0 경기73아1599 3 39 218000011 219000163 24 
2021-01-03T11:28:32 0 0 경기73아1599 3 39 218000011 219000163 24 
2021-01-03T11:29:32 0 0 경기73아1599 3 39 218000011 219000163 24 
2021-01-03T11:30:32 0 0 경기73아1599 3 39 218000011 219000163 24 
2021-01-03T11:31:32 0 0 경기73아1599 3 39 218000011 219000163 24 
2021-01-03T11:32:31 0 0 경기73아1599 3 39 218000011 219000163 24 
2021-01-03T11:33:30 0 0 경기73아1599 3 39 218000011 218000316 25 
2021-01-03T11:34:30 0 0 경기73아1599 3 36 218000011 218000316 25 
2021-01-03T11:35:30 0 0 경기73아1599 3 36 218000011 218000317 26 
2021-01-03T11:36:30 0 0 경기73아1599 3 35 218000011 218000318 27 
2021-01-03T11:37:29 0 0 경기73아1599 3 35 218000011 218000318 27 
2021-01-03T11:38:29 0 0 경기73아1599 3 33 218000011 218000637 28 
2021-01-03T11:39:28 0 0 경기73아1599 3 31 218000011 218000145 29 
2021-01-03T11:40:28 0 0 경기73아1599 3 31 218000011 218000145 29 
2021-01-03T11:41:27 0 0 경기73아1599 3 31 218000011 218000145 29 
2021-01-03T11:42:26 0 0 경기73아1599 3 31 218000011 218000145 29 
2021-01-03T11:43:26 0 0 경기73아1599 3 31 218000011 277103090 30 
2021-01-03T11:44:25 0 0 경기73아1599 3 31 218000011 277103090 30 
2021-01-03T11:45:24 0 0 경기73아1599 3 31 218000011 277103090 30 
2021-01-03T11:46:24 0 0 경기73아1599 3 31 218000011 218000140 31 
2021-01-03T11:47:24 0 0 경기73아1599 3 31 218000011 218000140 31 
2021-01-03T11:48:23 0 0 경기73아1599 3 31 218000011 218000140 31 
2021-01-03T11:49:22 0 0 경기73아1599 3 31 218000011 218000140 31 
2021-01-03T11:50:21 0 0 경기73아1599 3 31 218000011 218000140 31 
2021-01-03T11:51:21 0 0 경기73아1599 3 31 218000011 218000140 31 
2021-01-03T11:52:20 0 0 경기73아1599 3 31 218000011 218000140 31 
2021-01-03T11:53:19 0 0 경기73아1599 3 31 218000011 218000140 31 
2021-01-03T11:54:19 0 0 경기73아1599 3 31 218000011 111000007 32 
2021-01-03T11:55:19 0 0 경기73아1599 3 31 218000011 111000007 32 
2021-01-03T11:56:18 0 0 경기73아1599 3 31 218000011 111000007 32 
2021-01-03T11:57:18 0 0 경기73아1599 3 31 218000011 111000007 32 
2021-01-03T11:58:17 0 0 경기73아1599 3 31 218000011 111000007 32 
2021-01-03T11:59:17 0 0 경기73아1599 3 31 218000011 111000007 32 
2021-01-03T12:00:17 0 0 경기73아1599 3 31 218000011 111000007 32 
2021-01-03T12:01:16 0 0 경기73아1599 3 31 218000011 111000007 32 
2021-01-03T12:02:15 0 0 경기73아1599 3 31 218000011 111000007 32 
2021-01-03T12:03:14 0 0 경기73아1599 3 33 218000011 112000012 33 
2021-01-03T12:04:13 0 0 경기73아1599 3 33 218000011 277101784 34 
2021-01-03T12:05:13 0 0 경기73아1599 3 33 218000011 277101784 34 
2021-01-03T12:06:12 0 0 경기73아1599 3 33 218000011 277103098 35 
2021-01-03T12:07:12 0 0 경기73아1599 3 33 218000011 277103098 35 
2021-01-03T12:08:12 0 0 경기73아1599 3 33 218000011 277103099 36 
2021-01-03T12:09:12 0 0 경기73아1599 3 33 218000011 277103099 36 
2021-01-03T12:10:11 0 0 경기73아1599 3 34 218000011 100000034 37 
2021-01-03T12:11:10 0 0 경기73아1599 3 35 218000011 100000034 37 
2021-01-03T12:12:09 0 0 경기73아1599 3 35 218000011 277104283 38 
2021-01-03T12:13:08 0 0 경기73아1599 3 36 218000011 101000128 39 
2021-01-03T12:14:07 0 0 경기73아1599 3 38 218000011 101000022 40 
2021-01-03T12:15:07 0 0 경기73아1599 3 38 218000011 277101993 42 
2021-01-03T12:16:07 0 0 경기73아1599 3 38 218000011 277101993 42 
2021-01-03T12:17:07 0 0 경기73아1599 3 38 218000011 277101993 42 
2021-01-03T12:18:06 0 0 경기73아1599 3 38 218000011 101000020 43 
2021-01-03T12:19:06 0 0 경기73아1599 3 38 218000011 101000020 43 
2021-01-03T12:20:05 0 0 경기73아1599 3 38 218000011 277102320 44 
2021-01-03T12:21:05 0 0 경기73아1599 3 38 218000011 277102320 44 
2021-01-03T12:22:05 0 0 경기73아1599 3 38 218000011 277104396 45 
2021-01-03T12:23:05 0 0 경기73아1599 3 38 218000011 277104396 45 
2021-01-03T12:24:04 0 0 경기73아1599 3 38 218000011 277104396 45 
2021-01-03T12:25:03 0 0 경기73아1599 3 38 218000011 112000013 46 
2021-01-03T12:26:03 0 0 경기73아1599 3 38 218000011 112000013 46 
2021-01-03T12:27:03 0 0 경기73아1599 3 38 218000011 112000013 46 
2021-01-03T12:28:02 0 0 경기73아1599 3 38 218000011 112000013 46 
2021-01-03T12:29:01 0 0 경기73아1599 3 38 218000011 112000013 46 
2021-01-03T12:30:00 0 0 경기73아1599 3 38 218000011 112000013 46 
2021-01-03T12:31:00 0 0 경기73아1599 3 38 218000011 112000013 46 
2021-01-03T12:31:59 0 0 경기73아1599 3 38 218000011 111000008 47 
2021-01-03T12:32:58 0 0 경기73아1599 3 37 218000011 111000008 47 
2021-01-03T12:33:57 0 0 경기73아1599 3 37 218000011 111000008 47 
2021-01-03T12:34:57 0 0 경기73아1599 3 37 218000011 111000008 47 
2021-01-03T12:35:55 0 0 경기73아1599 3 37 218000011 111000008 47 
2021-01-03T12:36:55 0 0 경기73아1599 3 37 218000011 111000008 47 
2021-01-03T12:37:54 0 0 경기73아1599 3 37 218000011 111000008 47 
2021-01-03T12:38:54 0 0 경기73아1599 3 37 218000011 218000139 48 
2021-01-03T12:39:53 0 0 경기73아1599 3 37 218000011 218000139 48 
2021-01-03T12:40:52 0 0 경기73아1599 3 37 218000011 277103091 49 
2021-01-03T12:41:52 0 0 경기73아1599 3 37 218000011 277103091 49 
2021-01-03T12:42:51 0 0 경기73아1599 3 37 218000011 277103091 49 
2021-01-03T12:43:51 0 0 경기73아1599 3 37 218000011 277103091 49 
2021-01-03T12:44:50 0 0 경기73아1599 3 37 218000011 218000636 51 
2021-01-03T12:45:49 0 0 경기73아1599 3 37 218000011 218000636 51 
2021-01-03T12:46:49 0 0 경기73아1599 3 37 218000011 218000636 51 
2021-01-03T12:47:48 0 0 경기73아1599 3 38 218000011 218000078 52 
2021-01-03T12:48:48 0 0 경기73아1599 3 38 218000011 218000319 53 
2021-01-03T12:49:47 0 0 경기73아1599 3 38 218000011 218000319 53 
2021-01-03T12:50:47 0 0 경기73아1599 3 36 218000011 218000320 54 
2021-01-03T12:51:47 0 0 경기73아1599 3 36 218000011 218000320 54 
2021-01-03T12:52:47 0 0 경기73아1599 3 36 218000011 218000320 54 
2021-01-03T12:53:46 0 0 경기73아1599 3 36 218000011 218000320 54 
2021-01-03T12:54:45 0 0 경기73아1599 3 36 218000011 219000386 55 
2021-01-03T12:55:44 0 0 경기73아1599 3 36 218000011 219000386 55 
2021-01-03T12:56:44 0 0 경기73아1599 3 36 218000011 219000385 56 
2021-01-03T12:57:44 0 0 경기73아1599 3 36 218000011 219000385 56 
2021-01-03T12:58:44 0 0 경기73아1599 3 38 218000011 219000383 57 
2021-01-03T12:59:43 0 0 경기73아1599 3 38 218000011 219000383 57 
2021-01-03T13:00:43 0 0 경기73아1599 3 38 218000011 219000383 57 
2021-01-03T13:01:43 0 0 경기73아1599 3 38 218000011 219000383 57 
2021-01-03T13:02:43 0 0 경기73아1599 3 40 218000011 219000191 58 
2021-01-03T13:03:43 0 0 경기73아1599 3 40 218000011 219000191 58 
2021-01-03T13:04:43 0 0 경기73아1599 3 41 218000011 219000130 59 
2021-01-03T13:05:41 0 0 경기73아1599 3 41 218000011 219000190 60 
2021-01-03T13:06:41 0 0 경기73아1599 3 41 218000011 219000190 60 
2021-01-03T13:07:40 0 0 경기73아1599 3 41 218000011 219000190 60 
2021-01-03T13:08:39 0 0 경기73아1599 3 41 218000011 219000189 61 
2021-01-03T13:09:39 0 0 경기73아1599 3 41 218000011 219000129 62 
2021-01-03T13:10:38 0 0 경기73아1599 3 41 218000011 219000129 62 
2021-01-03T13:11:38 0 0 경기73아1599 3 41 218000011 219000129 62 
2021-01-03T13:12:37 0 0 경기73아1599 3 41 218000011 219000623 63 
2021-01-03T13:13:37 0 0 경기73아1599 3 41 218000011 219001155 64 
2021-01-03T13:14:36 0 0 경기73아1599 3 41 218000011 219000674 65 
2021-01-03T13:15:36 0 0 경기73아1599 3 41 218000011 219000674 65 
2021-01-03T13:16:36 0 0 경기73아1599 3 41 218000011 219000119 66 
2021-01-03T13:17:36 0 0 경기73아1599 3 41 218000011 219000119 66 
2021-01-03T13:18:35 0 0 경기73아1599 3 41 218000011 219000119 66 
2021-01-03T13:19:34 0 0 경기73아1599 3 41 218000011 219000119 66 
2021-01-03T13:20:34 0 0 경기73아1599 3 41 218000011 219001152 68 
2021-01-03T13:21:34 0 0 경기73아1599 3 41 218000011 219001152 68 
2021-01-03T13:22:33 0 0 경기73아1599 3 41 218000011 219001152 68 
2021-01-03T13:23:33 0 0 경기73아1599 3 41 218000011 219001152 68 
2021-01-03T13:24:33 0 0 경기73아1599 3 41 218000011 219001152 68 
2021-01-03T13:25:32 0 0 경기73아1599 3 41 218000011 219001152 68 
2021-01-03T13:26:32 0 0 경기73아1599 3 41 218000011 219001152 68 
2021-01-03T13:27:32 0 0 경기73아1599 3 41 218000011 219001152 68 
2021-01-03T13:28:31 0 0 경기73아1599 3 41 218000011 219001152 68 
2021-01-03T13:29:31 0 0 경기73아1599 3 41 218000011 219001152 68 
2021-01-03T13:30:30 0 0 경기73아1599 3 41 218000011 219001152 68 
2021-01-03T13:31:30 0 0 경기73아1599 3 41 218000011 219001152 68 
2021-01-03T13:32:29 0 0 경기73아1599 3 41 218000011 219001152 68 
2021-01-03T13:33:28 0 0 경기73아1599 3 41 218000011 219001152 68 
2021-01-03T13:34:28 0 0 경기73아1599 3 41 218000011 219001152 68 
2021-01-03T14:42:04 0 0 경기73아1599 3 41 218000011 219001152 68 
2021-01-03T14:43:03 0 0 경기73아1599 3 41 218000011 277102634 2 
2021-01-03T14:44:03 0 0 경기73아1599 3 41 218000011 219000565 4 
2021-01-03T14:45:03 0 0 경기73아1599 3 41 218000011 219000573 5 
2021-01-03T14:46:02 0 0 경기73아1599 3 41 218000011 219000443 7 
2021-01-03T14:47:02 0 0 경기73아1599 3 41 218000011 219000435 8 
2021-01-03T14:48:02 0 0 경기73아1599 3 41 218000011 219000435 8 
2021-01-03T14:49:02 0 0 경기73아1599 3 41 218000011 219000434 9 
2021-01-03T14:50:01 0 0 경기73아1599 3 41 218000011 219000434 9 
2021-01-03T14:51:01 0 0 경기73아1599 3 41 218000011 219000434 9 
2021-01-03T14:52:01 0 0 경기73아1599 3 41 218000011 219000434 9 
2021-01-03T14:53:01 0 0 경기73아1599 3 41 218000011 219001153 10 
2021-01-03T14:54:01 0 0 경기73아1599 3 41 218000011 219000450 11 
2021-01-03T14:55:00 0 0 경기73아1599 3 41 218000011 219000343 12 
2021-01-03T14:55:59 0 0 경기73아1599 3 41 218000011 219000343 12 
2021-01-03T14:56:59 0 0 경기73아1599 3 41 218000011 219000343 12 
2021-01-03T14:57:59 0 0 경기73아1599 3 41 218000011 219000673 13 
2021-01-03T14:58:59 0 0 경기73아1599 3 41 218000011 219001172 14 
2021-01-03T14:59:59 0 0 경기73아1599 3 41 218000011 219001172 14 
2021-01-03T15:00:59 0 0 경기73아1599 3 41 218000011 219001172 14 
2021-01-03T15:01:58 0 0 경기73아1599 3 41 218000011 219000999 15 
2021-01-03T15:02:58 0 0 경기73아1599 3 41 218000011 219000627 16 
2021-01-03T15:03:58 0 0 경기73아1599 3 41 218000011 219000627 16 
2021-01-03T15:04:58 0 0 경기73아1599 3 41 218000011 219000363 17 
2021-01-03T15:05:58 0 0 경기73아1599 3 41 218000011 219000192 18 
2021-01-03T15:06:57 0 0 경기73아1599 3 41 218000011 219000192 18 
2021-01-03T15:07:56 0 0 경기73아1599 3 41 218000011 219000192 18 
2021-01-03T15:08:55 0 0 경기73아1599 3 41 218000011 219000131 19 
2021-01-03T15:09:55 0 0 경기73아1599 3 41 218000011 219000131 19 
2021-01-03T15:10:55 0 0 경기73아1599 3 40 218000011 219000131 19 
2021-01-03T15:11:55 0 0 경기73아1599 3 40 218000011 219000356 20 
2021-01-03T15:12:54 0 0 경기73아1599 3 40 218000011 219000356 20 
2021-01-03T15:13:54 0 0 경기73아1599 3 40 218000011 219000370 21 
2021-01-03T15:14:53 0 0 경기73아1599 3 40 218000011 219000370 21 
2021-01-03T15:15:52 0 0 경기73아1599 3 40 218000011 219000370 21 
2021-01-03T15:16:52 0 0 경기73아1599 3 40 218000011 219000368 23 
2021-01-03T15:17:51 0 0 경기73아1599 3 41 218000011 219000368 23 
2021-01-03T15:18:50 0 0 경기73아1599 3 41 218000011 219000368 23 
2021-01-03T15:19:50 0 0 경기73아1599 3 41 218000011 219000163 24 
2021-01-03T15:20:49 0 0 경기73아1599 3 41 218000011 219000163 24 
2021-01-03T15:21:49 0 0 경기73아1599 3 41 218000011 219000163 24 
2021-01-03T15:22:49 0 0 경기73아1599 3 41 218000011 219000163 24 
2021-01-03T15:23:48 0 0 경기73아1599 3 41 218000011 219000163 24 
2021-01-03T15:24:48 0 0 경기73아1599 3 41 218000011 219000163 24 
2021-01-03T15:25:47 0 0 경기73아1599 3 40 218000011 218000316 25 
2021-01-03T15:26:46 0 0 경기73아1599 3 40 218000011 218000316 25 
2021-01-03T15:27:45 0 0 경기73아1599 3 40 218000011 218000317 26 
2021-01-03T15:28:45 0 0 경기73아1599 3 38 218000011 218000318 27 
2021-01-03T15:29:45 0 0 경기73아1599 3 38 218000011 218000637 28 
2021-01-03T15:30:45 0 0 경기73아1599 3 38 218000011 218000637 28 
2021-01-03T15:31:45 0 0 경기73아1599 3 38 218000011 218000637 28 
2021-01-03T15:32:44 0 0 경기73아1599 3 38 218000011 218000145 29 
2021-01-03T15:33:43 0 0 경기73아1599 3 38 218000011 218000145 29 
2021-01-03T15:34:43 0 0 경기73아1599 3 38 218000011 218000145 29 
2021-01-03T15:35:43 0 0 경기73아1599 3 38 218000011 277103090 30 
2021-01-03T15:36:42 0 0 경기73아1599 3 38 218000011 277103090 30 
2021-01-03T15:37:41 0 0 경기73아1599 3 38 218000011 277103090 30 
2021-01-03T15:38:40 0 0 경기73아1599 3 38 218000011 218000140 31 
2021-01-03T15:39:39 0 0 경기73아1599 3 38 218000011 218000140 31 
2021-01-03T15:40:39 0 0 경기73아1599 3 38 218000011 218000140 31 
2021-01-03T15:41:39 0 0 경기73아1599 3 38 218000011 218000140 31 
2021-01-03T15:42:39 0 0 경기73아1599 3 38 218000011 218000140 31 
2021-01-03T15:43:38 0 0 경기73아1599 3 38 218000011 218000140 31 
2021-01-03T15:44:37 0 0 경기73아1599 3 38 218000011 111000007 32 
2021-01-03T15:45:37 0 0 경기73아1599 3 38 218000011 111000007 32 
2021-01-03T15:46:37 0 0 경기73아1599 3 38 218000011 111000007 32 
2021-01-03T15:47:37 0 0 경기73아1599 3 38 218000011 111000007 32 
2021-01-03T15:48:36 0 0 경기73아1599 3 38 218000011 111000007 32 
2021-01-03T15:49:36 0 0 경기73아1599 3 38 218000011 111000007 32 
2021-01-03T15:50:36 0 0 경기73아1599 3 38 218000011 111000007 32 
2021-01-03T15:51:35 0 0 경기73아1599 3 38 218000011 111000007 32 
2021-01-03T15:52:34 0 0 경기73아1599 3 38 218000011 111000007 32 
2021-01-03T15:53:34 0 0 경기73아1599 3 39 218000011 112000012 33 
2021-01-03T15:54:34 0 0 경기73아1599 3 39 218000011 277101784 34 
2021-01-03T15:55:34 0 0 경기73아1599 3 39 218000011 277101784 34 
2021-01-03T15:56:33 0 0 경기73아1599 3 39 218000011 277101784 34 
2021-01-03T15:57:32 0 0 경기73아1599 3 39 218000011 277103098 35 
2021-01-03T15:58:31 0 0 경기73아1599 3 39 218000011 277103098 35 
2021-01-03T15:59:30 0 0 경기73아1599 3 39 218000011 277103099 36 
2021-01-03T16:00:30 0 0 경기73아1599 3 40 218000011 277103099 36 
2021-01-03T16:01:29 0 0 경기73아1599 3 40 218000011 100000034 37 
2021-01-03T16:02:29 0 0 경기73아1599 3 40 218000011 100000034 37 
2021-01-03T16:03:29 0 0 경기73아1599 3 32 218000011 100000034 37 
2021-01-03T16:04:28 0 0 경기73아1599 3 32 218000011 277104283 38 
2021-01-03T16:05:27 0 0 경기73아1599 3 32 218000011 277104283 38 
2021-01-03T16:06:27 0 0 경기73아1599 3 31 218000011 101000128 39 
2021-01-03T16:07:27 0 0 경기73아1599 3 31 218000011 101000022 40 
2021-01-03T16:08:26 0 0 경기73아1599 3 31 218000011 277101885 41 
2021-01-03T16:09:25 0 0 경기73아1599 3 31 218000011 277101993 42 
2021-01-03T16:10:24 0 0 경기73아1599 3 31 218000011 277101993 42 
2021-01-03T16:11:23 0 0 경기73아1599 3 31 218000011 101000020 43 
2021-01-03T16:12:23 0 0 경기73아1599 3 31 218000011 101000020 43 
2021-01-03T16:13:23 0 0 경기73아1599 3 31 218000011 101000020 43 
2021-01-03T16:14:23 0 0 경기73아1599 3 31 218000011 101000020 43 
2021-01-03T16:15:22 0 0 경기73아1599 3 31 218000011 277102320 44 
2021-01-03T16:16:21 0 0 경기73아1599 3 31 218000011 277102320 44 
2021-01-03T16:17:20 0 0 경기73아1599 3 31 218000011 277104396 45 
2021-01-03T16:18:20 0 0 경기73아1599 3 31 218000011 277104396 45 
2021-01-03T16:19:19 0 0 경기73아1599 3 29 218000011 112000013 46 
2021-01-03T16:20:19 0 0 경기73아1599 3 29 218000011 112000013 46 
2021-01-03T16:21:19 0 0 경기73아1599 3 29 218000011 112000013 46 
2021-01-03T16:22:19 0 0 경기73아1599 3 29 218000011 112000013 46 
2021-01-03T16:23:18 0 0 경기73아1599 3 29 218000011 112000013 46 
2021-01-03T16:24:17 0 0 경기73아1599 3 29 218000011 112000013 46 
2021-01-03T16:25:17 0 0 경기73아1599 3 29 218000011 112000013 46 
2021-01-03T16:26:16 0 0 경기73아1599 3 29 218000011 112000013 46 
2021-01-03T16:27:16 0 0 경기73아1599 3 29 218000011 112000013 46 
2021-01-03T16:28:16 0 0 경기73아1599 3 29 218000011 111000008 47 
2021-01-03T16:29:16 0 0 경기73아1599 3 29 218000011 111000008 47 
2021-01-03T16:30:16 0 0 경기73아1599 3 29 218000011 111000008 47 
2021-01-03T16:31:16 0 0 경기73아1599 3 29 218000011 111000008 47 
2021-01-03T16:32:16 0 0 경기73아1599 3 29 218000011 111000008 47 
2021-01-03T16:33:15 0 0 경기73아1599 3 29 218000011 218000139 48 
2021-01-03T16:34:15 0 0 경기73아1599 3 29 218000011 277103091 49 
2021-01-03T16:35:15 0 0 경기73아1599 3 29 218000011 277103091 49 
2021-01-03T16:36:15 0 0 경기73아1599 3 29 218000011 277103091 49 
2021-01-03T16:37:15 0 0 경기73아1599 3 29 218000011 277103091 49 
2021-01-03T16:38:14 0 0 경기73아1599 3 29 218000011 218000134 50 
2021-01-03T16:39:14 0 0 경기73아1599 3 31 218000011 218000636 51 
2021-01-03T16:40:14 0 0 경기73아1599 3 31 218000011 218000636 51 
2021-01-03T16:41:13 0 0 경기73아1599 3 31 218000011 218000078 52 
2021-01-03T16:42:13 0 0 경기73아1599 3 32 218000011 218000078 52 
2021-01-03T16:43:13 0 0 경기73아1599 3 33 218000011 218000319 53 
2021-01-03T16:44:12 0 0 경기73아1599 3 33 218000011 218000320 54 
2021-01-03T16:45:12 0 0 경기73아1599 3 34 218000011 218000320 54 
2021-01-03T16:46:12 0 0 경기73아1599 3 34 218000011 218000320 54 
2021-01-03T16:47:11 0 0 경기73아1599 3 34 218000011 218000320 54 
2021-01-03T16:48:11 0 0 경기73아1599 3 34 218000011 218000320 54 
2021-01-03T16:49:11 0 0 경기73아1599 3 34 218000011 218000320 54 
2021-01-03T16:50:11 0 0 경기73아1599 3 32 218000011 219000386 55 
2021-01-03T16:51:10 0 0 경기73아1599 3 32 218000011 219000386 55 
2021-01-03T16:52:09 0 0 경기73아1599 3 32 218000011 219000386 55 
2021-01-03T16:53:09 0 0 경기73아1599 3 32 218000011 219000385 56 
2021-01-03T16:54:09 0 0 경기73아1599 3 32 218000011 219000385 56 
2021-01-03T16:55:09 0 0 경기73아1599 3 35 218000011 219000383 57 
2021-01-03T16:56:09 0 0 경기73아1599 3 35 218000011 219000383 57 
2021-01-03T16:57:08 0 0 경기73아1599 3 37 218000011 219000191 58 
2021-01-03T16:58:08 0 0 경기73아1599 3 37 218000011 219000191 58 
2021-01-03T16:59:07 0 0 경기73아1599 3 37 218000011 219000130 59 
2021-01-03T17:00:07 0 0 경기73아1599 3 39 218000011 219000130 59 
2021-01-03T17:01:07 0 0 경기73아1599 3 39 218000011 219000190 60 
2021-01-03T17:02:06 0 0 경기73아1599 3 39 218000011 219000190 60 
2021-01-03T17:03:06 0 0 경기73아1599 3 39 218000011 219000189 61 
2021-01-03T17:04:06 0 0 경기73아1599 3 39 218000011 219000189 61 
2021-01-03T17:05:06 0 0 경기73아1599 3 39 218000011 219000189 61 
2021-01-03T17:06:05 0 0 경기73아1599 3 39 218000011 219000129 62 
2021-01-03T17:07:05 0 0 경기73아1599 3 39 218000011 219000623 63 
2021-01-03T17:08:05 0 0 경기73아1599 3 39 218000011 219000623 63 
2021-01-03T17:09:04 0 0 경기73아1599 3 39 218000011 219000674 65 
2021-01-03T17:10:04 0 0 경기73아1599 3 39 218000011 219000674 65 
2021-01-03T17:11:04 0 0 경기73아1599 3 39 218000011 219000119 66 
2021-01-03T17:12:03 0 0 경기73아1599 3 39 218000011 219000451 67 
2021-01-03T17:13:03 0 0 경기73아1599 3 39 218000011 219000451 67 
2021-01-03T17:14:03 0 0 경기73아1599 3 39 218000011 219001152 68 
2021-01-03T17:15:03 0 0 경기73아1599 3 39 218000011 219001152 68 
2021-01-03T17:16:03 0 0 경기73아1599 3 39 218000011 219001152 68 
2021-01-03T17:17:02 0 0 경기73아1599 3 39 218000011 219001152 68 
2021-01-03T17:18:02 0 0 경기73아1599 3 40 218000011 219000425 69 
2021-01-03T17:19:02 0 0 경기73아1599 3 40 218000011 219000425 69 
2021-01-03T17:20:02 0 0 경기73아1599 3 40 218000011 219000425 69 
2021-01-03T17:21:01 0 0 경기73아1599 3 40 218000011 219000442 71 
2021-01-03T17:22:01 0 0 경기73아1599 3 40 218000011 219000444 73 
2021-01-03T17:23:01 0 0 경기73아1599 3 40 218000011 219000445 74 
2021-01-03T17:24:00 0 0 경기73아1599 3 40 218000011 219000445 74 
2021-01-03T17:25:00 0 0 경기73아1599 3 40 218000011 219000445 74 
2021-01-03T17:26:00 0 0 경기73아1599 3 40 218000011 219000445 74 
2021-01-03T17:26:59 0 0 경기73아1599 3 40 218000011 219000445 74 
2021-01-03T17:27:59 0 0 경기73아1599 3 40 218000011 219000445 74 
2021-01-03T17:28:59 0 0 경기73아1599 3 40 218000011 219000445 74 
2021-01-03T17:29:59 0 0 경기73아1599 3 40 218000011 219000445 74 
2021-01-03T17:30:58 0 0 경기73아1599 3 40 218000011 219000445 74 
2021-01-03T17:31:58 0 0 경기73아1599 3 40 218000011 219000445 74 
2021-01-03T17:32:57 0 0 경기73아1599 3 40 218000011 219000445 74 
2021-01-03T17:33:57 0 0 경기73아1599 3 40 218000011 219000445 74 
2021-01-03T17:34:57 0 0 경기73아1599 3 40 218000011 219000445 74 
2021-01-03T17:35:56 0 0 경기73아1599 3 40 218000011 219000445 74 
2021-01-03T17:36:55 0 0 경기73아1599 3 40 218000011 219000445 74 
2021-01-03T17:37:54 0 0 경기73아1599 3 40 218000011 219000445 74 
2021-01-03T17:38:53 0 0 경기73아1599 3 40 218000011 219000445 74 
2021-01-03T17:39:53 0 0 경기73아1599 3 40 218000011 219000445 74 
2021-01-03T17:40:53 0 0 경기73아1599 3 40 218000011 219000445 74 
2021-01-03T17:41:52 0 0 경기73아1599 3 40 218000011 219000445 74 
2021-01-03T18:41:32 0 0 경기73아1599 3 41 218000011 219000644 1 
2021-01-03T18:42:32 0 0 경기73아1599 3 41 218000011 219000644 1 
2021-01-03T18:43:32 0 0 경기73아1599 3 41 218000011 219000644 1 
2021-01-03T18:44:31 0 0 경기73아1599 3 41 218000011 277102634 2 
2021-01-03T18:45:31 0 0 경기73아1599 3 41 218000011 277102634 2 
2021-01-03T18:46:31 0 0 경기73아1599 3 41 218000011 219000565 4 
2021-01-03T18:47:31 0 0 경기73아1599 3 41 218000011 219000573 5 
2021-01-03T18:48:30 0 0 경기73아1599 3 41 218000011 219000440 6 
2021-01-03T18:49:30 0 0 경기73아1599 3 41 218000011 219000443 7 
2021-01-03T18:50:30 0 0 경기73아1599 3 41 218000011 219000435 8 
2021-01-03T18:51:29 0 0 경기73아1599 3 41 218000011 219000434 9 
2021-01-03T18:52:29 0 0 경기73아1599 3 41 218000011 219000434 9 
2021-01-03T18:53:29 0 0 경기73아1599 3 41 218000011 219000434 9 
2021-01-03T18:54:29 0 0 경기73아1599 3 41 218000011 219000434 9 
2021-01-03T18:55:29 0 0 경기73아1599 3 41 218000011 219000450 11 
2021-01-03T18:56:28 0 0 경기73아1599 3 41 218000011 219000343 12 
2021-01-03T18:57:27 0 0 경기73아1599 3 41 218000011 219000343 12 
2021-01-03T18:58:27 0 0 경기73아1599 3 41 218000011 219000673 13 
2021-01-03T18:59:27 0 0 경기73아1599 3 41 218000011 219000673 13 
2021-01-03T19:00:26 0 0 경기73아1599 3 41 218000011 219000673 13 
2021-01-03T19:01:25 0 0 경기73아1599 3 41 218000011 219000999 15 
2021-01-03T19:02:26 0 0 경기73아1599 3 41 218000011 219000627 16 
2021-01-03T19:03:25 0 0 경기73아1599 3 41 218000011 219000627 16 
2021-01-03T19:04:25 0 0 경기73아1599 3 41 218000011 219000363 17 
2021-01-03T19:05:24 0 0 경기73아1599 3 40 218000011 219000363 17 
2021-01-03T19:06:24 0 0 경기73아1599 3 40 218000011 219000192 18 
2021-01-03T19:07:23 0 0 경기73아1599 3 40 218000011 219000192 18 
2021-01-03T19:08:23 0 0 경기73아1599 3 40 218000011 219000131 19 
2021-01-03T19:09:22 0 0 경기73아1599 3 40 218000011 219000131 19 
2021-01-03T19:10:21 0 0 경기73아1599 3 40 218000011 219000356 20 
2021-01-03T19:11:21 0 0 경기73아1599 3 40 218000011 219000356 20 
2021-01-03T19:12:20 0 0 경기73아1599 3 40 218000011 219000356 20 
2021-01-03T19:13:20 0 0 경기73아1599 3 40 218000011 219000356 20 
2021-01-03T19:14:20 0 0 경기73아1599 3 40 218000011 219000370 21 
2021-01-03T19:15:19 0 0 경기73아1599 3 40 218000011 219000370 21 
2021-01-03T19:16:19 0 0 경기73아1599 3 40 218000011 219000454 22 
2021-01-03T19:17:19 0 0 경기73아1599 3 40 218000011 219000368 23 
2021-01-03T19:18:19 0 0 경기73아1599 3 40 218000011 219000368 23 
2021-01-03T19:19:18 0 0 경기73아1599 3 40 218000011 219000163 24 
2021-01-03T19:20:18 0 0 경기73아1599 3 40 218000011 219000163 24 
2021-01-03T19:21:18 0 0 경기73아1599 3 40 218000011 219000163 24 
2021-01-03T19:22:17 0 0 경기73아1599 3 40 218000011 219000163 24 
2021-01-03T19:23:18 0 0 경기73아1599 3 40 218000011 218000316 25 
2021-01-03T19:24:17 0 0 경기73아1599 3 40 218000011 218000316 25 
2021-01-03T19:25:16 0 0 경기73아1599 3 40 218000011 218000318 27 
2021-01-03T19:26:15 0 0 경기73아1599 3 40 218000011 218000318 27 
2021-01-03T19:27:15 0 0 경기73아1599 3 40 218000011 218000145 29 
2021-01-03T19:28:15 0 0 경기73아1599 3 40 218000011 218000145 29 
2021-01-03T19:29:14 0 0 경기73아1599 3 40 218000011 218000145 29 
2021-01-03T19:30:14 0 0 경기73아1599 3 40 218000011 218000145 29 
2021-01-03T19:31:14 0 0 경기73아1599 3 40 218000011 218000145 29 
2021-01-03T19:32:14 0 0 경기73아1599 3 40 218000011 277103090 30 
2021-01-03T19:33:13 0 0 경기73아1599 3 40 218000011 277103090 30 
2021-01-03T19:34:13 0 0 경기73아1599 3 40 218000011 277103090 30 
2021-01-03T19:35:13 0 0 경기73아1599 3 40 218000011 218000140 31 
2021-01-03T19:36:13 0 0 경기73아1599 3 40 218000011 218000140 31 
2021-01-03T19:37:12 0 0 경기73아1599 3 40 218000011 218000140 31 
2021-01-03T19:38:12 0 0 경기73아1599 3 40 218000011 218000140 31 
2021-01-03T19:39:12 0 0 경기73아1599 3 40 218000011 218000140 31 
2021-01-03T19:40:12 0 0 경기73아1599 3 40 218000011 218000140 31 
2021-01-03T19:41:12 0 0 경기73아1599 3 40 218000011 218000140 31 
2021-01-03T19:42:12 0 0 경기73아1599 3 40 218000011 218000140 31 
2021-01-03T19:43:12 0 0 경기73아1599 3 40 218000011 111000007 32 
2021-01-03T19:44:12 0 0 경기73아1599 3 40 218000011 111000007 32 
2021-01-03T19:45:11 0 0 경기73아1599 3 40 218000011 111000007 32 
2021-01-03T19:46:11 0 0 경기73아1599 3 40 218000011 111000007 32 
2021-01-03T19:47:11 0 0 경기73아1599 3 40 218000011 111000007 32 
2021-01-03T19:48:11 0 0 경기73아1599 3 40 218000011 111000007 32 
2021-01-03T19:49:11 0 0 경기73아1599 3 40 218000011 111000007 32 
2021-01-03T19:50:11 0 0 경기73아1599 3 40 218000011 111000007 32 
2021-01-03T19:51:11 0 0 경기73아1599 3 40 218000011 277101784 34 
2021-01-03T19:52:10 0 0 경기73아1599 3 40 218000011 277101784 34 
2021-01-03T19:53:09 0 0 경기73아1599 3 40 218000011 277101784 34 
2021-01-03T19:54:09 0 0 경기73아1599 3 40 218000011 277101784 34 
2021-01-03T19:55:08 0 0 경기73아1599 3 40 218000011 277103098 35 
2021-01-03T19:56:08 0 0 경기73아1599 3 40 218000011 277103099 36 
2021-01-03T19:57:08 0 0 경기73아1599 3 41 218000011 277103099 36 
2021-01-03T19:58:08 0 0 경기73아1599 3 39 218000011 100000034 37 
2021-01-03T19:59:07 0 0 경기73아1599 3 39 218000011 100000034 37 
2021-01-03T20:00:07 0 0 경기73아1599 3 39 218000011 277104283 38 
2021-01-03T20:01:07 0 0 경기73아1599 3 39 218000011 101000128 39 
2021-01-03T20:02:06 0 0 경기73아1599 3 39 218000011 101000128 39 
2021-01-03T20:03:06 0 0 경기73아1599 3 39 218000011 101000128 39 
2021-01-03T20:04:05 0 0 경기73아1599 3 37 218000011 277101885 41 
2021-01-03T20:05:04 0 0 경기73아1599 3 37 218000011 277101993 42 
2021-01-03T20:06:04 0 0 경기73아1599 3 36 218000011 101000020 43 
2021-01-03T20:07:03 0 0 경기73아1599 3 36 218000011 101000020 43 
2021-01-03T20:08:03 0 0 경기73아1599 3 36 218000011 101000020 43 
2021-01-03T20:09:03 0 0 경기73아1599 3 36 218000011 101000020 43 
2021-01-03T20:10:03 0 0 경기73아1599 3 36 218000011 277102320 44 
2021-01-03T20:11:02 0 0 경기73아1599 3 36 218000011 277102320 44 
2021-01-03T20:12:02 0 0 경기73아1599 3 36 218000011 277104396 45 
2021-01-03T20:13:01 0 0 경기73아1599 3 36 218000011 277104396 45 
2021-01-03T20:14:01 0 0 경기73아1599 3 36 218000011 112000013 46 
2021-01-03T20:15:01 0 0 경기73아1599 3 31 218000011 112000013 46 
2021-01-03T20:16:00 0 0 경기73아1599 3 31 218000011 112000013 46 
2021-01-03T20:16:59 0 0 경기73아1599 3 31 218000011 112000013 46 
2021-01-03T20:17:59 0 0 경기73아1599 3 31 218000011 112000013 46 
2021-01-03T20:18:59 0 0 경기73아1599 3 31 218000011 112000013 46 
2021-01-03T20:19:59 0 0 경기73아1599 3 31 218000011 112000013 46 
2021-01-03T20:20:58 0 0 경기73아1599 3 31 218000011 112000013 46 
2021-01-03T20:21:58 0 0 경기73아1599 3 30 218000011 111000008 47 
2021-01-03T20:22:58 0 0 경기73아1599 3 30 218000011 111000008 47 
2021-01-03T20:23:57 0 0 경기73아1599 3 30 218000011 111000008 47 
2021-01-03T20:24:57 0 0 경기73아1599 3 30 218000011 111000008 47 
2021-01-03T20:25:57 0 0 경기73아1599 3 30 218000011 111000008 47 
2021-01-03T20:27:07 0 0 경기73아1599 3 30 218000011 111000008 47 
2021-01-03T20:27:57 0 0 경기73아1599 3 30 218000011 111000008 47 
2021-01-03T20:28:56 0 0 경기73아1599 3 30 218000011 218000139 48 
2021-01-03T20:29:55 0 0 경기73아1599 3 30 218000011 218000139 48 
2021-01-03T20:30:54 0 0 경기73아1599 3 30 218000011 277103091 49 
2021-01-03T20:31:54 0 0 경기73아1599 3 30 218000011 277103091 49 
2021-01-03T20:32:53 0 0 경기73아1599 3 30 218000011 218000134 50 
2021-01-03T20:33:53 0 0 경기73아1599 3 30 218000011 218000134 50 
2021-01-03T20:34:52 0 0 경기73아1599 3 30 218000011 218000636 51 
2021-01-03T20:35:52 0 0 경기73아1599 3 31 218000011 218000078 52 
2021-01-03T20:36:52 0 0 경기73아1599 3 31 218000011 218000078 52 
2021-01-03T20:37:52 0 0 경기73아1599 3 31 218000011 218000319 53 
2021-01-03T20:38:52 0 0 경기73아1599 3 32 218000011 218000320 54 
2021-01-03T20:39:51 0 0 경기73아1599 3 33 218000011 218000320 54 
2021-01-03T20:40:50 0 0 경기73아1599 3 33 218000011 218000320 54 
2021-01-03T20:41:49 0 0 경기73아1599 3 33 218000011 218000320 54 
2021-01-03T20:42:49 0 0 경기73아1599 3 33 218000011 218000320 54 
2021-01-03T20:43:49 0 0 경기73아1599 3 33 218000011 218000320 54 
2021-01-03T20:44:48 0 0 경기73아1599 3 34 218000011 219000386 55 
2021-01-03T20:45:48 0 0 경기73아1599 3 34 218000011 219000385 56 
2021-01-03T20:46:48 0 0 경기73아1599 3 34 218000011 219000385 56 
2021-01-03T20:47:47 0 0 경기73아1599 3 34 218000011 219000383 57 
2021-01-03T20:48:47 0 0 경기73아1599 3 36 218000011 219000383 57 
2021-01-03T20:49:47 0 0 경기73아1599 3 36 218000011 219000383 57 
2021-01-03T20:50:46 0 0 경기73아1599 3 40 218000011 219000191 58 
2021-01-03T20:51:46 0 0 경기73아1599 3 40 218000011 219000191 58 
2021-01-03T20:52:45 0 0 경기73아1599 3 40 218000011 219000130 59 
2021-01-03T20:53:45 0 0 경기73아1599 3 40 218000011 219000130 59 
2021-01-03T20:54:45 0 0 경기73아1599 3 40 218000011 219000130 59 
2021-01-03T20:55:44 0 0 경기73아1599 3 40 218000011 219000190 60 
2021-01-03T20:56:44 0 0 경기73아1599 3 40 218000011 219000190 60 
2021-01-03T20:57:44 0 0 경기73아1599 3 40 218000011 219000189 61 
2021-01-03T20:58:43 0 0 경기73아1599 3 40 218000011 219000189 61 
2021-01-03T20:59:43 0 0 경기73아1599 3 40 218000011 219000189 61 
2021-01-03T21:00:43 0 0 경기73아1599 3 40 218000011 219000129 62 
2021-01-03T21:01:42 0 0 경기73아1599 3 40 218000011 219000623 63 
2021-01-03T21:02:42 0 0 경기73아1599 3 41 218000011 219000623 63 
2021-01-03T21:03:42 0 0 경기73아1599 3 41 218000011 219001155 64 
2021-01-03T21:04:42 0 0 경기73아1599 3 41 218000011 219000674 65 
2021-01-03T21:05:42 0 0 경기73아1599 3 41 218000011 219000119 66 
2021-01-03T21:06:41 0 0 경기73아1599 3 41 218000011 219000451 67 
2021-01-03T21:07:41 0 0 경기73아1599 3 41 218000011 219000451 67 
2021-01-03T21:08:40 0 0 경기73아1599 3 41 218000011 219000451 67 
2021-01-03T21:09:40 0 0 경기73아1599 3 41 218000011 219000451 67 
2021-01-03T21:10:40 0 0 경기73아1599 3 41 218000011 219000451 67 
2021-01-03T21:11:39 0 0 경기73아1599 3 41 218000011 219000451 67 
2021-01-03T21:12:39 0 0 경기73아1599 3 41 218000011 219000451 67 
2021-01-03T21:13:39 0 0 경기73아1599 3 41 218000011 219000451 67 
2021-01-03T21:14:38 0 0 경기73아1599 3 41 218000011 219000451 67 
2021-01-03T21:15:37 0 0 경기73아1599 3 41 218000011 219000451 67 
2021-01-03T21:16:37 0 0 경기73아1599 3 41 218000011 219000451 67 
2021-01-03T21:17:37 0 0 경기73아1599 3 41 218000011 219000451 67 
2021-01-03T21:18:37 0 0 경기73아1599 3 41 218000011 219000451 67 
2021-01-03T21:19:37 0 0 경기73아1599 3 41 218000011 219000451 67 
2021-01-03T21:20:36 0 0 경기73아1599 3 41 218000011 219000451 67 
2021-01-03T21:21:36 0 0 경기73아1599 3 41 218000011 219000451 67 
