218000011 2021-01-01T01:12:40.582993+09:00
2021-01-01T10:50:58 0 0 경기73아1596 3 41 218000011 219000644 1 
2021-01-01T10:51:57 0 0 경기73아1596 3 41 218000011 219000644 1 
2021-01-01T10:52:57 0 0 경기73아1596 3 41 218000011 277102634 2 
2021-01-01T10:53:57 0 0 경기73아1596 3 41 218000011 277102634 2 
2021-01-01T10:54:57 0 0 경기73아1596 3 41 218000011 219000752 3 
2021-01-01T10:55:56 0 0 경기73아1596 3 41 218000011 219000573 5 
2021-01-01T10:56:55 0 0 경기73아1596 3 41 218000011 219000440 6 
2021-01-01T10:57:56 0 0 경기73아1596 3 41 218000011 219000443 7 
2021-01-01T10:58:55 0 0 경기73아1596 3 41 218000011 219000435 8 
2021-01-01T10:59:54 0 0 경기73아1596 3 41 218000011 219000435 8 
2021-01-01T11:00:54 0 0 경기73아1596 3 41 218000011 219000434 9 
2021-01-01T11:01:54 0 0 경기73아1596 3 41 218000011 219000434 9 
2021-01-01T11:02:53 0 0 경기73아1596 3 41 218000011 219001153 10 
2021-01-01T11:03:52 0 0 경기73아1596 3 41 218000011 219000450 11 
2021-01-01T11:04:52 0 0 경기73아1596 3 41 218000011 219000450 11 
2021-01-01T11:05:52 0 0 경기73아1596 3 41 218000011 219000343 12 
2021-01-01T11:06:52 0 0 경기73아1596 3 41 218000011 219000343 12 
2021-01-01T11:07:51 0 0 경기73아1596 3 41 218000011 219000343 12 
2021-01-01T11:08:50 0 0 경기73아1596 3 41 218000011 219000673 13 
2021-01-01T11:09:50 0 0 경기73아1596 3 41 218000011 219001172 14 
2021-01-01T11:10:50 0 0 경기73아1596 3 41 218000011 219001172 14 
2021-01-01T11:11:50 0 0 경기73아1596 3 41 218000011 219000999 15 
2021-01-01T11:12:49 0 0 경기73아1596 3 41 218000011 219000999 15 
2021-01-01T11:13:48 0 0 경기73아1596 3 41 218000011 219000627 16 
2021-01-01T11:14:48 0 0 경기73아1596 3 41 218000011 219000627 16 
2021-01-01T11:15:47 0 0 경기73아1596 3 41 218000011 219000363 17 
2021-01-01T11:16:46 0 0 경기73아1596 3 41 218000011 219000192 18 
2021-01-01T11:17:46 0 0 경기73아1596 3 41 218000011 219000192 18 
2021-01-01T11:18:46 0 0 경기73아1596 3 41 218000011 219000192 18 
2021-01-01T11:19:45 0 0 경기73아1596 3 41 218000011 219000131 19 
2021-01-01T11:20:44 0 0 경기73아1596 3 41 218000011 219000131 19 
2021-01-01T11:21:44 0 0 경기73아1596 3 41 218000011 219000131 19 
2021-01-01T11:22:43 0 0 경기73아1596 3 40 218000011 219000356 20 
2021-01-01T11:23:43 0 0 경기73아1596 3 40 218000011 219000370 21 
2021-01-01T11:24:43 0 0 경기73아1596 3 40 218000011 219000370 21 
2021-01-01T11:25:43 0 0 경기73아1596 3 40 218000011 219000370 21 
2021-01-01T11:26:43 0 0 경기73아1596 3 40 218000011 219000454 22 
2021-01-01T11:27:43 0 0 경기73아1596 3 39 218000011 219000368 23 
2021-01-01T11:28:42 0 0 경기73아1596 3 39 218000011 219000368 23 
2021-01-01T11:29:41 0 0 경기73아1596 3 39 218000011 219000163 24 
2021-01-01T11:30:40 0 0 경기73아1596 3 39 218000011 219000163 24 
2021-01-01T11:31:41 0 0 경기73아1596 3 39 218000011 219000163 24 
2021-01-01T11:32:39 0 0 경기73아1596 3 39 218000011 219000163 24 
2021-01-01T11:33:39 0 0 경기73아1596 3 39 218000011 219000163 24 
2021-01-01T11:34:39 0 0 경기73아1596 3 39 218000011 219000163 24 
2021-01-01T11:35:38 0 0 경기73아1596 3 39 218000011 218000316 25 
2021-01-01T11:36:38 0 0 경기73아1596 3 39 218000011 218000317 26 
2021-01-01T11:37:38 0 0 경기73아1596 3 38 218000011 218000317 26 
2021-01-01T11:38:37 0 0 경기73아1596 3 38 218000011 218000318 27 
2021-01-01T11:39:37 0 0 경기73아1596 3 38 218000011 218000637 28 
2021-01-01T11:40:36 0 0 경기73아1596 3 38 218000011 218000637 28 
2021-01-01T11:41:36 0 0 경기73아1596 3 38 218000011 218000145 29 
2021-01-01T11:42:35 0 0 경기73아1596 3 36 218000011 218000145 29 
2021-01-01T11:43:35 0 0 경기73아1596 3 36 218000011 218000145 29 
2021-01-01T11:44:34 0 0 경기73아1596 3 36 218000011 218000145 29 
2021-01-01T11:45:34 0 0 경기73아1596 3 36 218000011 277103090 30 
2021-01-01T11:46:34 0 0 경기73아1596 3 36 218000011 218000140 31 
2021-01-01T11:47:34 0 0 경기73아1596 3 36 218000011 218000140 31 
2021-01-01T11:48:34 0 0 경기73아1596 3 36 218000011 218000140 31 
2021-01-01T11:49:33 0 0 경기73아1596 3 36 218000011 218000140 31 
2021-01-01T11:50:32 0 0 경기73아1596 3 36 218000011 218000140 31 
2021-01-01T11:51:32 0 0 경기73아1596 3 36 218000011 218000140 31 
2021-01-01T11:52:32 0 0 경기73아1596 3 36 218000011 111000007 32 
2021-01-01T11:53:32 0 0 경기73아1596 3 36 218000011 111000007 32 
2021-01-01T11:54:31 0 0 경기73아1596 3 36 218000011 111000007 32 
2021-01-01T11:55:30 0 0 경기73아1596 3 36 218000011 111000007 32 
2021-01-01T11:56:30 0 0 경기73아1596 3 36 218000011 111000007 32 
2021-01-01T11:57:29 0 0 경기73아1596 3 36 218000011 111000007 32 
2021-01-01T11:58:28 0 0 경기73아1596 3 36 218000011 111000007 32 
2021-01-01T11:59:27 0 0 경기73아1596 3 36 218000011 111000007 32 
2021-01-01T12:00:26 0 0 경기73아1596 3 37 218000011 112000012 33 
2021-01-01T12:01:25 0 0 경기73아1596 3 37 218000011 277101784 34 
2021-01-01T12:02:24 0 0 경기73아1596 3 37 218000011 277101784 34 
2021-01-01T12:03:23 0 0 경기73아1596 3 37 218000011 277101784 34 
2021-01-01T12:04:23 0 0 경기73아1596 3 37 218000011 277101784 34 
2021-01-01T12:05:23 0 0 경기73아1596 3 37 218000011 277103098 35 
2021-01-01T12:06:22 0 0 경기73아1596 3 37 218000011 277103098 35 
2021-01-01T12:07:22 0 0 경기73아1596 3 37 218000011 277103099 36 
2021-01-01T12:08:22 0 0 경기73아1596 3 40 218000011 100000034 37 
2021-01-01T12:09:21 0 0 경기73아1596 3 40 218000011 100000034 37 
2021-01-01T12:10:21 0 0 경기73아1596 3 40 218000011 101000128 39 
2021-01-01T12:11:20 0 0 경기73아1596 3 39 218000011 101000128 39 
2021-01-01T12:12:20 0 0 경기73아1596 3 39 218000011 101000128 39 
2021-01-01T12:13:19 0 0 경기73아1596 3 38 218000011 101000022 40 
2021-01-01T12:14:18 0 0 경기73아1596 3 38 218000011 277101993 42 
2021-01-01T12:15:18 0 0 경기73아1596 3 38 218000011 101000020 43 
2021-01-01T12:16:18 0 0 경기73아1596 3 38 218000011 277102320 44 
2021-01-01T12:17:18 0 0 경기73아1596 3 38 218000011 277102320 44 
2021-01-01T12:18:17 0 0 경기73아1596 3 38 218000011 277104396 45 
2021-01-01T12:19:17 0 0 경기73아1596 3 38 218000011 277104396 45 
2021-01-01T12:20:16 0 0 경기73아1596 3 38 218000011 277104396 45 
2021-01-01T12:21:15 0 0 경기73아1596 3 38 218000011 112000013 46 
2021-01-01T12:22:15 0 0 경기73아1596 3 36 218000011 112000013 46 
2021-01-01T12:23:14 0 0 경기73아1596 3 36 218000011 112000013 46 
2021-01-01T12:24:14 0 0 경기73아1596 3 36 218000011 112000013 46 
2021-01-01T12:25:13 0 0 경기73아1596 3 36 218000011 112000013 46 
2021-01-01T12:26:12 0 0 경기73아1596 3 36 218000011 112000013 46 
2021-01-01T12:27:12 0 0 경기73아1596 3 36 218000011 112000013 46 
2021-01-01T12:28:12 0 0 경기73아1596 3 36 218000011 112000013 46 
2021-01-01T12:29:11 0 0 경기73아1596 3 36 218000011 112000013 46 
2021-01-01T12:30:11 0 0 경기73아1596 3 36 218000011 111000008 47 
2021-01-01T12:31:10 0 0 경기73아1596 3 36 218000011 111000008 47 
2021-01-01T12:32:09 0 0 경기73아1596 3 36 218000011 111000008 47 
2021-01-01T12:33:09 0 0 경기73아1596 3 36 218000011 111000008 47 
2021-01-01T12:34:08 0 0 경기73아1596 3 36 218000011 111000008 47 
2021-01-01T12:35:08 0 0 경기73아1596 3 36 218000011 218000139 48 
2021-01-01T12:36:07 0 0 경기73아1596 3 36 218000011 218000139 48 
2021-01-01T12:37:06 0 0 경기73아1596 3 36 218000011 277103091 49 
2021-01-01T12:38:06 0 0 경기73아1596 3 36 218000011 277103091 49 
2021-01-01T12:39:06 0 0 경기73아1596 3 36 218000011 277103091 49 
2021-01-01T12:40:05 0 0 경기73아1596 3 37 218000011 218000134 50 
2021-01-01T12:41:04 0 0 경기73아1596 3 37 218000011 218000134 50 
2021-01-01T12:42:03 0 0 경기73아1596 3 37 218000011 218000636 51 
2021-01-01T12:43:02 0 0 경기73아1596 3 37 218000011 218000636 51 
2021-01-01T12:44:02 0 0 경기73아1596 3 37 218000011 218000636 51 
2021-01-01T12:45:02 0 0 경기73아1596 3 37 218000011 218000078 52 
2021-01-01T12:46:01 0 0 경기73아1596 3 37 218000011 218000319 53 
2021-01-01T12:47:01 0 0 경기73아1596 3 37 218000011 218000319 53 
2021-01-01T12:48:01 0 0 경기73아1596 3 37 218000011 218000320 54 
2021-01-01T12:49:01 0 0 경기73아1596 3 37 218000011 218000320 54 
2021-01-01T12:50:00 0 0 경기73아1596 3 37 218000011 218000320 54 
2021-01-01T12:50:59 0 0 경기73아1596 3 37 218000011 218000320 54 
2021-01-01T12:51:58 0 0 경기73아1596 3 37 218000011 219000386 55 
2021-01-01T12:52:57 0 0 경기73아1596 3 38 218000011 219000386 55 
2021-01-01T12:53:57 0 0 경기73아1596 3 38 218000011 219000386 55 
2021-01-01T12:54:57 0 0 경기73아1596 3 38 218000011 219000385 56 
2021-01-01T12:55:56 0 0 경기73아1596 3 38 218000011 219000385 56 
2021-01-01T12:56:55 0 0 경기73아1596 3 38 218000011 219000385 56 
2021-01-01T12:57:55 0 0 경기73아1596 3 38 218000011 219000383 57 
2021-01-01T12:58:54 0 0 경기73아1596 3 39 218000011 219000191 58 
2021-01-01T12:59:54 0 0 경기73아1596 3 39 218000011 219000191 58 
2021-01-01T13:00:53 0 0 경기73아1596 3 39 218000011 219000191 58 
2021-01-01T13:01:53 0 0 경기73아1596 3 39 218000011 219000130 59 
2021-01-01T13:02:53 0 0 경기73아1596 3 39 218000011 219000190 60 
2021-01-01T13:03:53 0 0 경기73아1596 3 40 218000011 219000189 61 
2021-01-01T13:04:52 0 0 경기73아1596 3 40 218000011 219000189 61 
2021-01-01T13:05:52 0 0 경기73아1596 3 40 218000011 219000129 62 
2021-01-01T13:06:52 0 0 경기73아1596 3 41 218000011 219000623 63 
2021-01-01T13:07:51 0 0 경기73아1596 3 41 218000011 219000623 63 
2021-01-01T13:08:51 0 0 경기73아1596 3 41 218000011 219001155 64 
2021-01-01T13:09:51 0 0 경기73아1596 3 41 218000011 219000674 65 
2021-01-01T13:10:51 0 0 경기73아1596 3 41 218000011 219000119 66 
2021-01-01T13:11:50 0 0 경기73아1596 3 41 218000011 219000119 66 
2021-01-01T13:12:49 0 0 경기73아1596 3 41 218000011 219000119 66 
2021-01-01T13:13:49 0 0 경기73아1596 3 41 218000011 219000119 66 
2021-01-01T13:14:49 0 0 경기73아1596 3 41 218000011 219001152 68 
2021-01-01T13:15:48 0 0 경기73아1596 3 41 218000011 219000645 75 
2021-01-01T13:16:47 0 0 경기73아1596 3 41 218000011 219000645 75 
2021-01-01T13:17:47 0 0 경기73아1596 3 41 218000011 219000645 75 
2021-01-01T13:18:46 0 0 경기73아1596 3 41 218000011 219000645 75 
2021-01-01T13:19:45 0 0 경기73아1596 3 41 218000011 219000645 75 
2021-01-01T13:20:45 0 0 경기73아1596 3 41 218000011 219000645 75 
2021-01-01T13:21:44 0 0 경기73아1596 3 41 218000011 219000645 75 
2021-01-01T13:22:44 0 0 경기73아1596 3 41 218000011 219000645 75 
2021-01-01T13:23:43 0 0 경기73아1596 3 41 218000011 219000645 75 
2021-01-01T13:24:43 0 0 경기73아1596 3 41 218000011 219000645 75 
2021-01-01T13:25:43 0 0 경기73아1596 3 41 218000011 219000645 75 
2021-01-01T13:26:42 0 0 경기73아1596 3 41 218000011 219000645 75 
2021-01-01T13:27:42 0 0 경기73아1596 3 41 218000011 219000645 75 
2021-01-01T13:28:41 0 0 경기73아1596 3 41 218000011 219000645 75 
2021-01-01T13:29:41 0 0 경기73아1596 3 41 218000011 219000645 75 
2021-01-01T14:43:12 0 0 경기73아1596 3 41 218000011 219000644 1 
2021-01-01T14:44:11 0 0 경기73아1596 3 41 218000011 219000644 1 
2021-01-01T14:45:11 0 0 경기73아1596 3 41 218000011 277102634 2 
2021-01-01T14:46:11 0 0 경기73아1596 3 41 218000011 219000565 4 
2021-01-01T14:47:10 0 0 경기73아1596 3 41 218000011 219000440 6 
2021-01-01T14:48:10 0 0 경기73아1596 3 41 218000011 219000443 7 
2021-01-01T14:49:10 0 0 경기73아1596 3 41 218000011 219000443 7 
2021-01-01T14:50:09 0 0 경기73아1596 3 41 218000011 219000435 8 
2021-01-01T14:51:09 0 0 경기73아1596 3 41 218000011 219000434 9 
2021-01-01T14:52:09 0 0 경기73아1596 3 41 218000011 219000434 9 
2021-01-01T14:53:08 0 0 경기73아1596 3 41 218000011 219000434 9 
2021-01-01T14:54:08 0 0 경기73아1596 3 41 218000011 219001153 10 
2021-01-01T14:55:08 0 0 경기73아1596 3 41 218000011 219001153 10 
2021-01-01T14:56:08 0 0 경기73아1596 3 41 218000011 219000450 11 
2021-01-01T14:57:08 0 0 경기73아1596 3 41 218000011 219000450 11 
2021-01-01T14:58:08 0 0 경기73아1596 3 41 218000011 219000343 12 
2021-01-01T14:59:07 0 0 경기73아1596 3 41 218000011 219000343 12 
2021-01-01T15:00:07 0 0 경기73아1596 3 41 218000011 219000343 12 
2021-01-01T15:01:06 0 0 경기73아1596 3 41 218000011 219001172 14 
2021-01-01T15:02:06 0 0 경기73아1596 3 41 218000011 219001172 14 
2021-01-01T15:03:06 0 0 경기73아1596 3 41 218000011 219001172 14 
2021-01-01T15:04:06 0 0 경기73아1596 3 41 218000011 219000999 15 
2021-01-01T15:05:04 0 0 경기73아1596 3 41 218000011 219000627 16 
2021-01-01T15:06:04 0 0 경기73아1596 3 41 218000011 219000627 16 
2021-01-01T15:07:04 0 0 경기73아1596 3 41 218000011 219000627 16 
2021-01-01T15:08:03 0 0 경기73아1596 3 39 218000011 219000363 17 
2021-01-01T15:09:02 0 0 경기73아1596 3 39 218000011 219000192 18 
2021-01-01T15:10:02 0 0 경기73아1596 3 39 218000011 219000192 18 
2021-01-01T15:11:01 0 0 경기73아1596 3 39 218000011 219000131 19 
2021-01-01T15:12:00 0 0 경기73아1596 3 39 218000011 219000131 19 
2021-01-01T15:13:00 0 0 경기73아1596 3 36 218000011 219000131 19 
2021-01-01T15:14:00 0 0 경기73아1596 3 36 218000011 219000131 19 
2021-01-01T15:15:00 0 0 경기73아1596 3 34 218000011 219000356 20 
2021-01-01T15:16:00 0 0 경기73아1596 3 34 218000011 219000356 20 
2021-01-01T15:16:59 0 0 경기73아1596 3 34 218000011 219000370 21 
2021-01-01T15:17:58 0 0 경기73아1596 3 30 218000011 219000370 21 
2021-01-01T15:18:59 0 0 경기73아1596 3 30 218000011 219000370 21 
2021-01-01T15:19:59 0 0 경기73아1596 3 30 218000011 219000368 23 
2021-01-01T15:20:58 0 0 경기73아1596 3 30 218000011 219000368 23 
2021-01-01T15:21:58 0 0 경기73아1596 3 28 218000011 219000163 24 
2021-01-01T15:22:58 0 0 경기73아1596 3 28 218000011 219000163 24 
2021-01-01T15:23:57 0 0 경기73아1596 3 28 218000011 219000163 24 
2021-01-01T15:24:57 0 0 경기73아1596 3 28 218000011 219000163 24 
2021-01-01T15:25:56 0 0 경기73아1596 3 28 218000011 219000163 24 
2021-01-01T15:26:55 0 0 경기73아1596 3 28 218000011 219000163 24 
2021-01-01T15:27:54 0 0 경기73아1596 3 28 218000011 218000316 25 
2021-01-01T15:28:53 0 0 경기73아1596 3 27 218000011 218000316 25 
2021-01-01T15:29:53 0 0 경기73아1596 3 28 218000011 218000317 26 
2021-01-01T15:30:53 0 0 경기73아1596 3 29 218000011 218000318 27 
2021-01-01T15:31:52 0 0 경기73아1596 3 25 218000011 218000318 27 
2021-01-01T15:32:51 0 0 경기73아1596 3 24 218000011 218000637 28 
2021-01-01T15:33:51 0 0 경기73아1596 3 24 218000011 218000637 28 
2021-01-01T15:34:51 0 0 경기73아1596 3 24 218000011 218000637 28 
2021-01-01T15:35:51 0 0 경기73아1596 3 24 218000011 218000145 29 
2021-01-01T15:36:51 0 0 경기73아1596 3 24 218000011 218000145 29 
2021-01-01T15:37:50 0 0 경기73아1596 3 24 218000011 277103090 30 
2021-01-01T15:38:50 0 0 경기73아1596 3 24 218000011 277103090 30 
2021-01-01T15:39:50 0 0 경기73아1596 3 24 218000011 277103090 30 
2021-01-01T15:40:50 0 0 경기73아1596 3 24 218000011 218000140 31 
2021-01-01T15:41:50 0 0 경기73아1596 3 24 218000011 218000140 31 
2021-01-01T15:42:49 0 0 경기73아1596 3 24 218000011 218000140 31 
2021-01-01T15:43:49 0 0 경기73아1596 3 24 218000011 218000140 31 
2021-01-01T15:44:48 0 0 경기73아1596 3 24 218000011 218000140 31 
2021-01-01T15:45:48 0 0 경기73아1596 3 24 218000011 111000007 32 
2021-01-01T15:46:48 0 0 경기73아1596 3 24 218000011 111000007 32 
2021-01-01T15:47:48 0 0 경기73아1596 3 25 218000011 111000007 32 
2021-01-01T15:48:48 0 0 경기73아1596 3 25 218000011 111000007 32 
2021-01-01T15:49:48 0 0 경기73아1596 3 25 218000011 111000007 32 
2021-01-01T15:50:47 0 0 경기73아1596 3 25 218000011 111000007 32 
2021-01-01T15:51:47 0 0 경기73아1596 3 25 218000011 111000007 32 
2021-01-01T15:52:46 0 0 경기73아1596 3 25 218000011 111000007 32 
2021-01-01T15:53:46 0 0 경기73아1596 3 25 218000011 111000007 32 
2021-01-01T15:54:46 0 0 경기73아1596 3 25 218000011 111000007 32 
2021-01-01T15:55:44 0 0 경기73아1596 3 25 218000011 111000007 32 
2021-01-01T15:56:45 0 0 경기73아1596 3 26 218000011 112000012 33 
2021-01-01T15:57:44 0 0 경기73아1596 3 32 218000011 112000012 33 
2021-01-01T15:58:43 0 0 경기73아1596 3 32 218000011 277101784 34 
2021-01-01T15:59:43 0 0 경기73아1596 3 32 218000011 277101784 34 
2021-01-01T16:00:42 0 0 경기73아1596 3 32 218000011 277101784 34 
2021-01-01T16:01:42 0 0 경기73아1596 3 32 218000011 277103098 35 
2021-01-01T16:02:41 0 0 경기73아1596 3 32 218000011 277103098 35 
2021-01-01T16:03:41 0 0 경기73아1596 3 32 218000011 277103098 35 
2021-01-01T16:04:41 0 0 경기73아1596 3 32 218000011 277103099 36 
2021-01-01T16:05:40 0 0 경기73아1596 3 32 218000011 277103099 36 
2021-01-01T16:06:40 0 0 경기73아1596 3 33 218000011 100000034 37 
2021-01-01T16:07:39 0 0 경기73아1596 3 33 218000011 100000034 37 
2021-01-01T16:08:39 0 0 경기73아1596 3 33 218000011 277104283 38 
2021-01-01T16:09:38 0 0 경기73아1596 3 35 218000011 101000128 39 
2021-01-01T16:10:38 0 0 경기73아1596 3 35 218000011 101000128 39 
2021-01-01T16:11:38 0 0 경기73아1596 3 38 218000011 277101885 41 
2021-01-01T16:12:38 0 0 경기73아1596 3 38 218000011 277101993 42 
2021-01-01T16:13:38 0 0 경기73아1596 3 38 218000011 101000020 43 
2021-01-01T16:14:37 0 0 경기73아1596 3 38 218000011 101000020 43 
2021-01-01T16:15:37 0 0 경기73아1596 3 38 218000011 101000020 43 
2021-01-01T16:16:36 0 0 경기73아1596 3 38 218000011 101000020 43 
2021-01-01T16:17:35 0 0 경기73아1596 3 38 218000011 277102320 44 
2021-01-01T16:18:35 0 0 경기73아1596 3 38 218000011 277102320 44 
2021-01-01T16:19:35 0 0 경기73아1596 3 38 218000011 277104396 45 
2021-01-01T16:20:35 0 0 경기73아1596 3 38 218000011 277104396 45 
2021-01-01T16:21:34 0 0 경기73아1596 3 38 218000011 112000013 46 
2021-01-01T16:22:34 0 0 경기73아1596 3 38 218000011 112000013 46 
2021-01-01T16:23:33 0 0 경기73아1596 3 38 218000011 112000013 46 
2021-01-01T16:24:33 0 0 경기73아1596 3 38 218000011 112000013 46 
2021-01-01T16:25:33 0 0 경기73아1596 3 38 218000011 112000013 46 
2021-01-01T16:26:33 0 0 경기73아1596 3 38 218000011 112000013 46 
2021-01-01T16:27:32 0 0 경기73아1596 3 38 218000011 112000013 46 
2021-01-01T16:28:32 0 0 경기73아1596 3 38 218000011 112000013 46 
2021-01-01T16:29:32 0 0 경기73아1596 3 38 218000011 112000013 46 
2021-01-01T16:30:31 0 0 경기73아1596 3 38 218000011 111000008 47 
2021-01-01T16:31:31 0 0 경기73아1596 3 38 218000011 111000008 47 
2021-01-01T16:32:31 0 0 경기73아1596 3 38 218000011 111000008 47 
2021-01-01T16:33:30 0 0 경기73아1596 3 38 218000011 111000008 47 
2021-01-01T16:34:30 0 0 경기73아1596 3 38 218000011 111000008 47 
2021-01-01T16:35:30 0 0 경기73아1596 3 38 218000011 111000008 47 
2021-01-01T16:36:30 0 0 경기73아1596 3 38 218000011 111000008 47 
2021-01-01T16:37:29 0 0 경기73아1596 3 38 218000011 111000008 47 
2021-01-01T16:38:30 0 0 경기73아1596 3 38 218000011 111000008 47 
2021-01-01T16:39:29 0 0 경기73아1596 3 38 218000011 218000139 48 
2021-01-01T16:40:28 0 0 경기73아1596 3 38 218000011 277103091 49 
2021-01-01T16:41:28 0 0 경기73아1596 3 38 218000011 277103091 49 
2021-01-01T16:42:28 0 0 경기73아1596 3 38 218000011 277103091 49 
2021-01-01T16:43:28 0 0 경기73아1596 3 38 218000011 277103091 49 
2021-01-01T16:44:28 0 0 경기73아1596 3 38 218000011 218000134 50 
2021-01-01T16:45:27 0 0 경기73아1596 3 38 218000011 218000134 50 
2021-01-01T16:46:26 0 0 경기73아1596 3 38 218000011 218000134 50 
2021-01-01T16:47:25 0 0 경기73아1596 3 38 218000011 218000134 50 
2021-01-01T16:48:25 0 0 경기73아1596 3 37 218000011 218000636 51 
2021-01-01T16:49:24 0 0 경기73아1596 3 37 218000011 218000636 51 
2021-01-01T16:50:24 0 0 경기73아1596 3 38 218000011 218000078 52 
2021-01-01T16:51:23 0 0 경기73아1596 3 38 218000011 218000319 53 
2021-01-01T16:52:22 0 0 경기73아1596 3 38 218000011 218000319 53 
2021-01-01T16:53:22 0 0 경기73아1596 3 37 218000011 218000320 54 
2021-01-01T16:54:22 0 0 경기73아1596 3 37 218000011 218000320 54 
2021-01-01T16:55:21 0 0 경기73아1596 3 37 218000011 218000320 54 
2021-01-01T16:56:21 0 0 경기73아1596 3 37 218000011 218000320 54 
2021-01-01T16:57:20 0 0 경기73아1596 3 37 218000011 219000386 55 
2021-01-01T16:58:19 0 0 경기73아1596 3 37 218000011 219000386 55 
2021-01-01T16:59:19 0 0 경기73아1596 3 37 218000011 219000386 55 
2021-01-01T17:00:19 0 0 경기73아1596 3 37 218000011 219000385 56 
2021-01-01T17:01:18 0 0 경기73아1596 3 37 218000011 219000385 56 
2021-01-01T17:02:18 0 0 경기73아1596 3 37 218000011 219000385 56 
2021-01-01T17:03:18 0 0 경기73아1596 3 38 218000011 219000383 57 
2021-01-01T17:04:17 0 0 경기73아1596 3 38 218000011 219000383 57 
2021-01-01T17:05:16 0 0 경기73아1596 3 39 218000011 219000191 58 
2021-01-01T17:06:16 0 0 경기73아1596 3 39 218000011 219000191 58 
2021-01-01T17:07:16 0 0 경기73아1596 3 39 218000011 219000130 59 
2021-01-01T17:08:15 0 0 경기73아1596 3 40 218000011 219000190 60 
2021-01-01T17:09:14 0 0 경기73아1596 3 40 218000011 219000190 60 
2021-01-01T17:10:14 0 0 경기73아1596 3 40 218000011 219000190 60 
2021-01-01T17:11:13 0 0 경기73아1596 3 40 218000011 219000189 61 
2021-01-01T17:12:12 0 0 경기73아1596 3 40 218000011 219000189 61 
2021-01-01T17:13:12 0 0 경기73아1596 3 40 218000011 219000189 61 
2021-01-01T17:14:12 0 0 경기73아1596 3 40 218000011 219000129 62 
2021-01-01T17:15:12 0 0 경기73아1596 3 40 218000011 219000623 63 
2021-01-01T17:16:11 0 0 경기73아1596 3 40 218000011 219001155 64 
2021-01-01T17:17:10 0 0 경기73아1596 3 40 218000011 219000674 65 
2021-01-01T17:18:10 0 0 경기73아1596 3 40 218000011 219000674 65 
2021-01-01T17:19:09 0 0 경기73아1596 3 40 218000011 219000119 66 
2021-01-01T17:20:09 0 0 경기73아1596 3 40 218000011 219000119 66 
2021-01-01T17:21:08 0 0 경기73아1596 3 40 218000011 219000119 66 
2021-01-01T17:22:08 0 0 경기73아1596 3 40 218000011 219000119 66 
2021-01-01T17:23:08 0 0 경기73아1596 3 40 218000011 219000451 67 
2021-01-01T17:24:07 0 0 경기73아1596 3 40 218000011 219001152 68 
2021-01-01T17:25:06 0 0 경기73아1596 3 40 218000011 219001152 68 
2021-01-01T17:26:05 0 0 경기73아1596 3 40 218000011 219001152 68 
2021-01-01T17:27:05 0 0 경기73아1596 3 40 218000011 219001152 68 
2021-01-01T17:28:05 0 0 경기73아1596 3 40 218000011 219001152 68 
2021-01-01T17:29:04 0 0 경기73아1596 3 40 218000011 219001152 68 
2021-01-01T17:30:04 0 0 경기73아1596 3 40 218000011 219000424 70 
2021-01-01T17:31:03 0 0 경기73아1596 3 40 218000011 219000442 71 
2021-01-01T17:32:03 0 0 경기73아1596 3 40 218000011 219000444 73 
2021-01-01T17:33:02 0 0 경기73아1596 3 41 218000011 219000445 74 
2021-01-01T17:34:02 0 0 경기73아1596 3 41 218000011 219000445 74 
2021-01-01T17:35:01 0 0 경기73아1596 3 41 218000011 219000445 74 
2021-01-01T17:36:01 0 0 경기73아1596 3 41 218000011 219000445 74 
2021-01-01T17:37:01 0 0 경기73아1596 3 41 218000011 219000445 74 
2021-01-01T17:38:01 0 0 경기73아1596 3 41 218000011 219000445 74 
2021-01-01T17:39:01 0 0 경기73아1596 3 41 218000011 219000445 74 
2021-01-01T17:40:00 0 0 경기73아1596 3 41 218000011 219000445 74 
2021-01-01T17:41:00 0 0 경기73아1596 3 41 218000011 219000445 74 
2021-01-01T17:42:00 0 0 경기73아1596 3 41 218000011 219000445 74 
2021-01-01T17:43:00 0 0 경기73아1596 3 41 218000011 219000445 74 
2021-01-01T17:43:59 0 0 경기73아1596 3 41 218000011 219000445 74 
2021-01-01T17:44:59 0 0 경기73아1596 3 41 218000011 219000445 74 
2021-01-01T17:45:58 0 0 경기73아1596 3 41 218000011 219000445 74 
2021-01-01T17:46:58 0 0 경기73아1596 3 41 218000011 219000445 74 
2021-01-01T17:47:57 0 0 경기73아1596 3 41 218000011 219000445 74 
2021-01-01T17:48:57 0 0 경기73아1596 3 41 218000011 219000445 74 
2021-01-01T17:49:56 0 0 경기73아1596 3 41 218000011 219000445 74 
2021-01-01T17:50:56 0 0 경기73아1596 3 41 218000011 219000445 74 
2021-01-01T17:51:55 0 0 경기73아1596 3 41 218000011 219000445 74 
2021-01-01T17:52:54 0 0 경기73아1596 3 41 218000011 219000445 74 
2021-01-01T18:41:36 0 0 경기73아1596 3 41 218000011 219000644 1 
2021-01-01T18:42:36 0 0 경기73아1596 3 41 218000011 277102634 2 
2021-01-01T18:43:36 0 0 경기73아1596 3 41 218000011 277102634 2 
2021-01-01T18:44:36 0 0 경기73아1596 3 41 218000011 219000565 4 
2021-01-01T18:45:35 0 0 경기73아1596 3 41 218000011 219000443 7 
2021-01-01T18:46:35 0 0 경기73아1596 3 41 218000011 219000443 7 
2021-01-01T18:47:35 0 0 경기73아1596 3 41 218000011 219000443 7 
2021-01-01T18:48:35 0 0 경기73아1596 3 41 218000011 219000435 8 
2021-01-01T18:49:34 0 0 경기73아1596 3 41 218000011 219000434 9 
2021-01-01T18:50:34 0 0 경기73아1596 3 41 218000011 219000434 9 
2021-01-01T18:51:34 0 0 경기73아1596 3 41 218000011 219000434 9 
2021-01-01T18:52:33 0 0 경기73아1596 3 41 218000011 219000450 11 
2021-01-01T18:53:33 0 0 경기73아1596 3 41 218000011 219000343 12 
2021-01-01T18:54:32 0 0 경기73아1596 3 41 218000011 219000343 12 
2021-01-01T18:55:32 0 0 경기73아1596 3 41 218000011 219000673 13 
2021-01-01T18:56:32 0 0 경기73아1596 3 41 218000011 219000673 13 
2021-01-01T18:57:31 0 0 경기73아1596 3 41 218000011 219000673 13 
2021-01-01T18:58:31 0 0 경기73아1596 3 41 218000011 219000999 15 
2021-01-01T18:59:31 0 0 경기73아1596 3 41 218000011 219000999 15 
2021-01-01T19:00:31 0 0 경기73아1596 3 41 218000011 219000627 16 
2021-01-01T19:01:31 0 0 경기73아1596 3 41 218000011 219000627 16 
2021-01-01T19:02:30 0 0 경기73아1596 3 41 218000011 219000363 17 
2021-01-01T19:03:30 0 0 경기73아1596 3 41 218000011 219000192 18 
2021-01-01T19:04:30 0 0 경기73아1596 3 41 218000011 219000192 18 
2021-01-01T19:05:29 0 0 경기73아1596 3 41 218000011 219000192 18 
2021-01-01T19:06:29 0 0 경기73아1596 3 41 218000011 219000131 19 
2021-01-01T19:07:29 0 0 경기73아1596 3 40 218000011 219000131 19 
2021-01-01T19:08:29 0 0 경기73아1596 3 40 218000011 219000131 19 
2021-01-01T19:09:28 0 0 경기73아1596 3 40 218000011 219000131 19 
2021-01-01T19:10:28 0 0 경기73아1596 3 40 218000011 219000356 20 
2021-01-01T19:11:28 0 0 경기73아1596 3 40 218000011 219000370 21 
2021-01-01T19:12:28 0 0 경기73아1596 3 40 218000011 219000370 21 
2021-01-01T19:13:28 0 0 경기73아1596 3 40 218000011 219000454 22 
2021-01-01T19:14:27 0 0 경기73아1596 3 40 218000011 219000368 23 
2021-01-01T19:15:26 0 0 경기73아1596 3 40 218000011 219000368 23 
2021-01-01T19:16:26 0 0 경기73아1596 3 40 218000011 219000163 24 
2021-01-01T19:17:25 0 0 경기73아1596 3 40 218000011 219000163 24 
2021-01-01T19:18:25 0 0 경기73아1596 3 40 218000011 219000163 24 
2021-01-01T19:19:24 0 0 경기73아1596 3 40 218000011 219000163 24 
2021-01-01T19:20:24 0 0 경기73아1596 3 40 218000011 219000163 24 
2021-01-01T19:21:24 0 0 경기73아1596 3 40 218000011 219000163 24 
2021-01-01T19:22:23 0 0 경기73아1596 3 40 218000011 218000316 25 
2021-01-01T19:23:23 0 0 경기73아1596 3 39 218000011 218000317 26 
2021-01-01T19:24:22 0 0 경기73아1596 3 39 218000011 218000317 26 
2021-01-01T19:25:22 0 0 경기73아1596 3 39 218000011 218000318 27 
2021-01-01T19:26:22 0 0 경기73아1596 3 38 218000011 218000637 28 
2021-01-01T19:27:21 0 0 경기73아1596 3 38 218000011 218000145 29 
2021-01-01T19:28:21 0 0 경기73아1596 3 38 218000011 218000145 29 
2021-01-01T19:29:21 0 0 경기73아1596 3 38 218000011 277103090 30 
2021-01-01T19:30:20 0 0 경기73아1596 3 38 218000011 277103090 30 
2021-01-01T19:31:20 0 0 경기73아1596 3 38 218000011 277103090 30 
2021-01-01T19:32:19 0 0 경기73아1596 3 38 218000011 218000140 31 
2021-01-01T19:33:19 0 0 경기73아1596 3 38 218000011 218000140 31 
2021-01-01T19:34:18 0 0 경기73아1596 3 38 218000011 218000140 31 
2021-01-01T19:35:18 0 0 경기73아1596 3 38 218000011 218000140 31 
2021-01-01T19:36:18 0 0 경기73아1596 3 38 218000011 111000007 32 
2021-01-01T19:37:18 0 0 경기73아1596 3 38 218000011 111000007 32 
2021-01-01T19:38:17 0 0 경기73아1596 3 38 218000011 111000007 32 
2021-01-01T19:39:17 0 0 경기73아1596 3 38 218000011 111000007 32 
2021-01-01T19:40:17 0 0 경기73아1596 3 38 218000011 111000007 32 
2021-01-01T19:41:16 0 0 경기73아1596 3 38 218000011 111000007 32 
2021-01-01T19:42:16 0 0 경기73아1596 3 38 218000011 111000007 32 
2021-01-01T19:43:16 0 0 경기73아1596 3 38 218000011 111000007 32 
2021-01-01T19:44:16 0 0 경기73아1596 3 38 218000011 112000012 33 
2021-01-01T19:45:15 0 0 경기73아1596 3 39 218000011 277101784 34 
2021-01-01T19:46:15 0 0 경기73아1596 3 39 218000011 277101784 34 
2021-01-01T19:47:15 0 0 경기73아1596 3 39 218000011 277101784 34 
2021-01-01T19:48:15 0 0 경기73아1596 3 39 218000011 277103098 35 
2021-01-01T19:49:15 0 0 경기73아1596 3 39 218000011 277103098 35 
2021-01-01T19:50:14 0 0 경기73아1596 3 39 218000011 277103098 35 
2021-01-01T19:51:13 0 0 경기73아1596 3 39 218000011 277103099 36 
2021-01-01T19:52:13 0 0 경기73아1596 3 39 218000011 100000034 37 
2021-01-01T19:53:13 0 0 경기73아1596 3 40 218000011 100000034 37 
2021-01-01T19:54:12 0 0 경기73아1596 3 40 218000011 101000128 39 
2021-01-01T19:55:12 0 0 경기73아1596 3 40 218000011 101000128 39 
2021-01-01T19:56:12 0 0 경기73아1596 3 37 218000011 101000022 40 
2021-01-01T19:57:11 0 0 경기73아1596 3 37 218000011 277101885 41 
2021-01-01T19:58:11 0 0 경기73아1596 3 37 218000011 101000020 43 
2021-01-01T19:59:11 0 0 경기73아1596 3 37 218000011 101000020 43 
2021-01-01T20:00:11 0 0 경기73아1596 3 37 218000011 101000020 43 
2021-01-01T20:01:09 0 0 경기73아1596 3 37 218000011 101000020 43 
2021-01-01T20:02:09 0 0 경기73아1596 3 37 218000011 277102320 44 
2021-01-01T20:03:09 0 0 경기73아1596 3 37 218000011 277102320 44 
2021-01-01T20:04:08 0 0 경기73아1596 3 37 218000011 277102320 44 
2021-01-01T20:05:08 0 0 경기73아1596 3 37 218000011 277104396 45 
2021-01-01T20:06:08 0 0 경기73아1596 3 37 218000011 277104396 45 
2021-01-01T20:07:08 0 0 경기73아1596 3 37 218000011 112000013 46 
2021-01-01T20:08:07 0 0 경기73아1596 3 36 218000011 112000013 46 
2021-01-01T20:09:07 0 0 경기73아1596 3 36 218000011 112000013 46 
2021-01-01T20:10:06 0 0 경기73아1596 3 36 218000011 112000013 46 
2021-01-01T20:11:05 0 0 경기73아1596 3 36 218000011 112000013 46 
2021-01-01T20:12:05 0 0 경기73아1596 3 36 218000011 112000013 46 
2021-01-01T20:13:05 0 0 경기73아1596 3 36 218000011 112000013 46 
2021-01-01T20:14:05 0 0 경기73아1596 3 36 218000011 112000013 46 
2021-01-01T20:15:04 0 0 경기73아1596 3 36 218000011 111000008 47 
2021-01-01T20:16:04 0 0 경기73아1596 3 36 218000011 111000008 47 
2021-01-01T20:17:04 0 0 경기73아1596 3 36 218000011 111000008 47 
2021-01-01T20:18:03 0 0 경기73아1596 3 36 218000011 111000008 47 
2021-01-01T20:19:02 0 0 경기73아1596 3 36 218000011 111000008 47 
2021-01-01T20:20:02 0 0 경기73아1596 3 36 218000011 111000008 47 
2021-01-01T20:21:01 0 0 경기73아1596 3 36 218000011 111000008 47 
2021-01-01T20:22:01 0 0 경기73아1596 3 36 218000011 218000139 48 
2021-01-01T20:23:01 0 0 경기73아1596 3 36 218000011 218000139 48 
2021-01-01T20:24:01 0 0 경기73아1596 3 36 218000011 277103091 49 
2021-01-01T20:25:00 0 0 경기73아1596 3 36 218000011 277103091 49 
2021-01-01T20:26:00 0 0 경기73아1596 3 36 218000011 277103091 49 
2021-01-01T20:27:00 0 0 경기73아1596 3 36 218000011 218000134 50 
2021-01-01T20:28:00 0 0 경기73아1596 3 36 218000011 218000134 50 
2021-01-01T20:29:00 0 0 경기73아1596 3 36 218000011 218000134 50 
2021-01-01T20:30:00 0 0 경기73아1596 3 36 218000011 218000636 51 
2021-01-01T20:30:59 0 0 경기73아1596 3 36 218000011 218000078 52 
2021-01-01T20:31:59 0 0 경기73아1596 3 36 218000011 218000319 53 
2021-01-01T20:32:59 0 0 경기73아1596 3 36 218000011 218000319 53 
2021-01-01T20:33:59 0 0 경기73아1596 3 36 218000011 218000320 54 
2021-01-01T20:34:58 0 0 경기73아1596 3 36 218000011 218000320 54 
2021-01-01T20:35:58 0 0 경기73아1596 3 36 218000011 218000320 54 
2021-01-01T20:36:57 0 0 경기73아1596 3 36 218000011 218000320 54 
2021-01-01T20:37:57 0 0 경기73아1596 3 36 218000011 218000320 54 
2021-01-01T20:38:57 0 0 경기73아1596 3 37 218000011 219000386 55 
2021-01-01T20:39:57 0 0 경기73아1596 3 37 218000011 219000385 56 
2021-01-01T20:40:56 0 0 경기73아1596 3 37 218000011 219000385 56 
2021-01-01T20:41:56 0 0 경기73아1596 3 37 218000011 219000385 56 
2021-01-01T20:42:56 0 0 경기73아1596 3 37 218000011 219000383 57 
2021-01-01T20:43:55 0 0 경기73아1596 3 38 218000011 219000191 58 
2021-01-01T20:44:55 0 0 경기73아1596 3 38 218000011 219000191 58 
2021-01-01T20:45:54 0 0 경기73아1596 3 38 218000011 219000191 58 
2021-01-01T20:46:53 0 0 경기73아1596 3 38 218000011 219000130 59 
2021-01-01T20:47:53 0 0 경기73아1596 3 38 218000011 219000190 60 
2021-01-01T20:48:52 0 0 경기73아1596 3 38 218000011 219000190 60 
2021-01-01T20:49:51 0 0 경기73아1596 3 39 218000011 219000189 61 
2021-01-01T20:50:51 0 0 경기73아1596 3 39 218000011 219000189 61 
2021-01-01T20:51:51 0 0 경기73아1596 3 39 218000011 219000129 62 
2021-01-01T20:52:51 0 0 경기73아1596 3 39 218000011 219000129 62 
2021-01-01T20:53:50 0 0 경기73아1596 3 39 218000011 219000623 63 
2021-01-01T20:54:50 0 0 경기73아1596 3 39 218000011 219001155 64 
2021-01-01T20:55:50 0 0 경기73아1596 3 39 218000011 219000674 65 
2021-01-01T20:56:50 0 0 경기73아1596 3 39 218000011 219000119 66 
2021-01-01T20:57:49 0 0 경기73아1596 3 39 218000011 219000119 66 
2021-01-01T20:58:48 0 0 경기73아1596 3 39 218000011 219000451 67 
2021-01-01T20:59:48 0 0 경기73아1596 3 39 218000011 219001152 68 
2021-01-01T21:00:47 0 0 경기73아1596 3 39 218000011 219001152 68 
2021-01-01T21:01:47 0 0 경기73아1596 3 39 218000011 219000425 69 
2021-01-01T21:02:47 0 0 경기73아1596 3 41 218000011 219000424 70 
2021-01-01T21:03:47 0 0 경기73아1596 3 41 218000011 219000444 73 
2021-01-01T21:04:47 0 0 경기73아1596 3 41 218000011 219000445 74 
2021-01-01T21:05:46 0 0 경기73아1596 3 41 218000011 219000445 74 
2021-01-01T21:06:46 0 0 경기73아1596 3 41 218000011 219000445 74 
2021-01-01T21:07:46 0 0 경기73아1596 3 41 218000011 219000445 74 
2021-01-01T21:08:45 0 0 경기73아1596 3 41 218000011 219000445 74 
2021-01-01T21:09:45 0 0 경기73아1596 3 41 218000011 219000645 75 
2021-01-01T21:10:45 0 0 경기73아1596 3 41 218000011 219000645 75 
2021-01-01T21:11:44 0 0 경기73아1596 3 41 218000011 219000645 75 
2021-01-01T21:12:44 0 0 경기73아1596 3 41 218000011 219000645 75 
2021-01-01T21:13:44 0 0 경기73아1596 3 41 218000011 219000645 75 
2021-01-01T21:14:44 0 0 경기73아1596 3 41 218000011 219000645 75 
2021-01-01T21:15:44 0 0 경기73아1596 3 41 218000011 219000645 75 
2021-01-01T21:16:44 0 0 경기73아1596 3 41 218000011 219000645 75 
2021-01-01T21:17:43 0 0 경기73아1596 3 41 218000011 219000645 75 
2021-01-01T21:18:43 0 0 경기73아1596 3 41 218000011 219000645 75 
2021-01-01T21:19:43 0 0 경기73아1596 3 41 218000011 219000645 75 
2021-01-01T21:20:42 0 0 경기73아1596 3 41 218000011 219000645 75 
2021-01-01T21:21:42 0 0 경기73아1596 3 41 218000011 219000645 75 
2021-01-01T21:22:41 0 0 경기73아1596 3 41 218000011 219000645 75 
2021-01-01T21:23:41 0 0 경기73아1596 3 41 218000011 219000645 75 
